0.003086550915276231,-0.9999948514344298,-0.0008776719662245466,0.9999950602436009,0.003087070417764913,-0.0005911722532082871,0.0005938786446826115,-0.0008758429474796094,0.9999994401034866
0.003090603861166482,-0.9999952240096095,-1.1213576169028926e-05,0.9999951775206815,0.003090607138708119,-0.00030509489507765924,0.00030512809470593065,-1.027059463104061e-05,0.9999999533956794
0.0030881531903861306,-0.999995231643366,6.352008129754029e-07,0.9999952020328036,0.0030881532535227264,0.00024335335521082145,-0.00024335415641269295,-1.163146749827502e-07,0.9999999703893702
0.003088068633230144,-0.9999952318957046,4.239427099568451e-06,0.9999942887236142,0.0030880715432577864,0.0013734388580002258,-0.0013734454009546933,-1.8705700213610125e-09,0.9999990568234205
0.003088073182084805,-0.9999952318875975,2.468276516291896e-06,0.9999949125354859,0.003088074168523198,0.0007991877599215849,-0.0007991915715254655,3.13670158586226e-10,0.9999996806463651
0.003088068428583057,-0.999995231901006,-2.938305175236445e-06,0.9999947791105513,0.0030880698264852415,-0.0009516177734748306,0.000951622309758635,3.709676760655506e-10,0.9999995472073874
0.003088069814107897,-0.9999952318934886,-3.887305329122823e-06,0.9999944399604326,0.003088072260803863,-0.0012585141767859252,0.0012585201803360405,-9.0407559195059e-10,0.9999992080631643
0.003088072445438989,-0.9999952318918006,1.495209909312708e-06,0.9999951148318844,0.003088072807420703,0.0004838581429099031,-0.000483860453138987,1.0136063396763966e-09,0.9999998829395241
0.0030880663297206574,-0.9999952319019454,4.4404881854580745e-06,0.9999941977485787,0.003088069522321235,0.00143815708526519,-0.001438163940527419,-6.620512277505723e-10,0.9999989658417053
0.0030880740511546635,-0.9999952318879477,1.5561171627353278e-07,0.9999952306185123,0.0030880740550753923,5.038709299898696e-05,-5.038733328818525e-05,1.1899698599811357e-11,0.9999999987305584
0.0030880672201983803,-0.9999952318994488,-4.383049263378372e-06,0.9999942243323737,0.00308807033073798,-0.0014195504665013448,0.0014195572331063718,6.433146774618634e-10,0.9999989924281234
0.0030880710449459675,-0.9999952318956488,-1.7858383658159757e-06,0.9999950648686126,0.0030880715613229126,-0.0005779727083295172,0.0005779754672920023,-1.0087671076068616e-09,0.9999998329721658
0.0030880711418822117,-0.9999952318900212,3.7209880490706466e-06,0.9999945062926958,0.0030880733836936144,0.0012046523169835111,-0.0012046580637529328,9.155509731427482e-10,0.9999992743992117
0.0030880677095799147,-0.9999952319025306,3.166253102771032e-06,0.9999947061312932,0.0030880693327884788,0.0010254448716966484,-0.001025449759884657,-4.068551979694024e-10,0.9999994742262569
0.0030880727250575933,-0.9999952318888189,-2.5440975893237694e-06,0.9999948926050221,0.003088073773030219,-0.0008237501095211979,0.000823754038150132,-2.8435013696946626e-10,0.9999996607145848
0.0030880682181490095,-0.999995231897521,-4.1113749035702135e-06,0.9999943452584016,0.003088070955037284,-0.0013316414672710582,0.0013316478140855015,8.480382415179332e-10,0.9999991133566567
0.0030880707166934087,-0.9999952318977648,9.920394007875983e-07,0.9999951801927495,0.003088070876039035,0.00032157353038064226,-0.0003215750605731547,-1.0071830832455303e-09,0.999999948294739
0.0030880705582534045,-0.9999952318886756,4.487894415403461e-06,0.9999941762025415,0.0030880738193811404,0.001453052334461457,-0.0014530592650954148,7.401451639077459e-10,0.9999989443088289
0.0030880692727941954,-0.9999952319024891,6.737165991430873e-07,0.9999952080957318,0.003088069346285752,0.00021820469014172957,-0.0002182057302040675,-1.1782804860114866e-10,0.9999999761931295
0.003088070411177898,-0.9999952318902214,-4.2376929329754655e-06,0.9999942905692629,0.003088073318824136,-0.001372090395890874,0.0013720969399197197,-5.569851491919049e-10,0.9999990586745507
0.0030880708269877006,-0.9999952318953904,-2.2476212695370433e-06,0.9999949667899446,0.0030880716449416946,-0.000728154031433606,0.0007281575003345234,9.812652364380064e-10,0.9999997348932923
0.003088068388659061,-0.9999952318996653,3.400227707802782e-06,0.999994625366121,0.003088070260629267,0.0011013904562133258,-0.0011013957048151871,-9.596185794776002e-10,0.9999993934635667
0.0030880720801881897,-0.9999952318878776,3.512449990822602e-06,0.9999945852088626,0.003088074077761493,0.0011372561036741681,-0.0011372615278153204,5.021498596709945e-10,0.9999993533178996
0.003088068849281151,-0.9999952319018262,-2.0964552632956376e-06,0.9999950014182404,0.0030880695609110313,-0.0006789439744061406,0.0006789472111343005,1.8095377816605349e-10,0.9999997695153158
0.003088069747756064,-0.999995231892038,-4.292133389406433e-06,0.9999942663280985,0.0030880727305901694,-0.0013896466236275934,0.0013896532520625384,-7.830812260569907e-10,0.9999990344314534
0.003088072301748676,-0.9999952318932358,5.027296397618882e-07,0.9999952186961377,0.0030880723426700016,0.00016246251979325866,-0.00016246329762011552,1.031228612891717e-09,0.9999999868028384
0.003088066525659366,-0.9999952319011797,4.476507273452304e-06,0.9999941808358909,0.0030880697702633957,0.001449868769781568,-0.0014498756804307848,-8.099906392312894e-10,0.9999989489297033
0.003088073909985011,-0.9999952318876981,1.181333801598207e-06,0.9999951587431384,0.0030880741359429215,0.0003824766876300399,-0.00038247851198459904,2.1180221007502213e-10,0.9999999268550914
0.0030880673230415166,-0.9999952319005999,-4.034096378172677e-06,0.9999943784341924,0.003088069958011018,-0.0013064929957438433,0.0013064992238272072,4.646277045831232e-10,0.9999991465295249
0.003088070893080903,-0.999995231894117,-2.681558949516375e-06,0.9999948551363034,0.003088072057360547,-0.0008680506276152746,0.0008680547695052324,-9.432764017580297e-10,0.9999996232403876
0.0030880714935518977,-0.9999952318912401,3.0390941819433137e-06,0.9999947479448607,0.0030880729889982052,0.000983812944354538,-0.0009838176383720743,9.935120046534326e-10,0.9999995160513101
0.0030880670977505805,-0.9999952319021804,3.8084468273111562e-06,0.9999944711822061,0.0030880694461874686,0.0012334634634726968,-0.0012334693429465308,-5.921667249435271e-10,0.9999992392764007
0.003088073565070437,-0.9999952318881434,-1.6232373735404959e-06,0.9999950937491932,0.0030880739916955362,-0.0005256201710190807,0.0005256226774804268,-7.565413898645568e-11,0.9999998618603909
0.0030880673524644334,-0.9999952318989139,-4.411803202010825e-06,0.9999942110399648,0.003088070503949624,-0.0014288831726467365,0.001428889983546666,7.098136778870001e-10,0.9999989791361865
0.003088071355432951,-0.9999952318962844,-1.781914182734318e-08,0.999995231881494,0.0030880713554841915,-5.438830615779395e-06,5.438859709652384e-06,-1.0235598319232408e-09,0.9999999999852095
0.0030880703843911557,-0.9999952318895737,4.406704596667455e-06,0.9999942141211275,0.0030880735285932536,0.0014267186655287066,-0.0014267254710043748,8.714421308045688e-10,0.9999989822266973
0.0030880688731919938,-0.9999952319025834,1.6531252580750766e-06,0.9999950885597194,0.003088069315672866,0.0005354291183258425,-0.0005354316703130313,-3.248552535371589e-10,0.999999856656453
0.003088071327612527,-0.99999523188918,-3.792192328394387e-06,0.9999944780316024,0.00308807365604273,-0.0012278873719074792,0.0012278932277736436,-3.6760130334677343e-10,0.9999992461388264
0.0030880696354744276,-0.9999952318969085,-3.0618506606039735e-06,0.9999947400664824,0.0030880711534010726,-0.0009917942933553084,0.0009917990195905731,8.95286474296431e-10,0.9999995081672316
0.0030880695452829166,-0.9999952318983569,2.6523560784432218e-06,0.9999948627591964,0.0030880706843425024,0.0008592291108364926,-0.0008592332046078076,-1.0167969434092194e-09,0.9999996308590821
0.0030880712609017164,-0.9999952318883796,4.048897055774809e-06,0.9999943726350753,0.003088073915238109,0.001310914824253691,-0.0013109210769588675,6.758768857084707e-10,0.999999140742596
0.003088069175246633,-0.9999952319023564,-1.149598242393895e-06,0.9999951626135599,0.0030880693892276025,-0.0003722592204474983,0.0003722609955183287,-3.0457477739973676e-11,0.9999999307108733
0.0030880699136853172,-0.9999952318907179,-4.476349680269876e-06,0.9999941815772133,0.0030880731580573842,-0.001449350161230775,0.001449357073866112,-6.290076833958408e-10,0.9999989496814847
0.003088071809423222,-0.999995231894751,-5.128622008843895e-07,0.9999952180496886,0.003088071852010739,-0.00016640310360070167,0.0001664038939285165,1.0049848270200432e-09,0.999999986154872
0.0030880671305164387,-0.9999952319001576,4.283413221748052e-06,0.9999942694880694,0.003088070101245114,0.0013873766873693922,-0.0013873832996991289,-9.236703127617903e-10,0.9999990375833268
0.0030880733980587325,-0.9999952318877594,2.105801342752321e-06,0.9999949994789683,0.0030880741160466208,0.0006817736517633248,-0.0006817769038606508,4.2373514072546737e-10,0.9999997675900997
0.003088067674050597,-0.9999952319015205,-3.502143573687183e-06,0.999994588728372,0.0030880696599211947,-0.0011341691892258186,0.001134174596258746,2.665875155176412e-10,0.9999993568237859
0.003088070658769292,-0.9999952318926287,-3.407970336244382e-06,0.9999946232376856,0.00308807253927315,-0.0011033148741812849,0.0011033201375171102,-8.377220550278078e-10,0.999999391342152
0.0030880717306055105,-0.9999952318926238,2.2370348251694802e-06,0.9999949697493243,0.003088072540872164,0.0007240746028344985,-0.0007240780584948604,1.0292604608777393e-09,0.9999997378554483
0.003088066749824143,-0.9999952319015318,4.236764703646128e-06,0.9999942904089397,0.003088069656200137,0.0013722154786086813,-0.0013722220191746816,-7.524796332911143e-10,0.999999058502922
0.0030880740437070698,-0.9999952318877641,-6.617299330100036e-07,0.9999952089192521,0.003088074114606678,-0.0002143287292514025,0.000214329750779043,1.3622301352797346e-10,0.9999999770313787
0.0030880668502515714,-0.9999952319001469,-4.483260981365321e-06,0.9999941777880005,0.0030880701046529673,-0.0014519687082952808,0.0014519756297877043,5.415568197879306e-10,0.9999989458828297
0.0030880716876106225,-0.9999952318947533,-1.005545810230991e-06,0.9999951789828133,0.0030880718513246657,-0.0003253050448921882,0.00032530659900120853,-9.756635088601156e-10,0.9999999470878069
0.0030880704247516376,-0.999995231890708,4.11106529065689e-06,0.9999943461684112,0.003088073161225726,0.0013309528026143067,-0.0013309591517562697,9.660608924150565e-10,0.999999114273476
0.003088068350067579,-0.9999952319023628,2.530811388851606e-06,0.9999948959394829,0.0030880693871244403,0.0008197087552332162,-0.0008197126621030115,-5.181918718991443e-10,0.9999996640355194
0.003088072284626596,-0.9999952318883905,-3.1700668497979794e-06,0.9999947050408806,0.0030880739117454315,-0.0010264938957793204,0.0010264987907425962,-1.6271452913350914e-10,0.9999994731499775
0.003088068459133297,-0.999995231898351,-3.7087606536680357e-06,0.999994510405778,0.003088070686237425,-0.0012012400865020383,0.001201245811782258,7.713288964787332e-10,0.9999992785039896
0.0030880706332868254,-0.9999952318969123,1.7901041324307546e-06,0.999995063687626,0.0030880711521336806,0.0005800146035386478,-0.0005800173659381564,-1.030768147594098e-09,0.9999998317899135
0.003088070560178529,-0.999995231889168,4.375444194921118e-06,0.9999942284890743,0.003088073659929854,0.0014166120189047834,-0.0014166187760356402,8.210712222969652e-10,0.9999989965951184
0.0030880693119107244,-0.9999952319025812,-1.6629884944108559e-07,0.9999952304567598,0.0030880693163884815,-5.3773869103512385e-05,5.377412624684023e-05,-2.406213102676229e-10,0.9999999985541717
0.0030880703372077266,-0.9999952318895847,-4.437130120478234e-06,0.9999941998188849,0.003088073524977303,-0.0014367082141231431,0.0014367150659237954,-4.483650632844047e-10,0.9999989679243771
0.003088071000636429,-0.9999952318962821,-1.481925831464047e-06,0.9999951166054675,0.003088071356214906,-0.00048018800125044917,0.0004801902879569672,9.360468795471118e-10,0.9999998847086371
0.0030880680582518866,-0.9999952318989227,3.884255504705724e-06,0.9999944404325845,0.0030880705011115603,0.0012581432759150573,-0.001258149271815591,-9.981531321964776e-10,0.9999992085298919
0.0030880726075044026,-0.9999952318881352,2.9266842156639903e-06,0.9999947829730734,0.003088073994369171,0.0009475366174282833,-0.0009475411372851118,6.070741860055538e-10,0.9999995510827959
0.003088068181370853,-0.9999952319021711,-2.798329524456641e-06,0.999994821311231,0.0030880694492584214,-0.0009061886096371461,0.0009061929302771172,5.7178962302797966e-11,0.9999995894071024
0.003088070438757549,-0.9999952318912471,-3.966929502668515e-06,0.9999944070898055,0.0030880729867115244,-0.0012843653442193303,0.0012843714703935276,-6.966639396442654e-10,0.9999991751946229
0.0030880717739863147,-0.9999952318941139,1.325266898683376e-06,0.9999951399486775,0.0030880720583597613,0.0004288239588031579,-0.00042882600664479554,1.021294629134596e-09,0.999999908054124
0.0030880667377285835,-0.9999952319006121,4.456952021654882e-06,0.9999941899635209,0.003088069954046735,0.0014435591989202141,-0.0014435660792661061,-8.810195266471116e-10,0.9999989580579446
0.003088074118678681,-0.9999952318876963,3.3208955954770817e-07,0.9999952261172811,0.003088074136535014,0.00010742800094194077,-0.00010742851423034756,3.4234486090151816e-10,0.9999999942295573
0.0030880667318752336,-0.9999952319011681,-4.33457324777579e-06,0.9999942466275619,0.003088069773991466,-0.0014037581152489354,0.0014037648074561354,3.5042593859221243e-10,0.9999990147216974
0.0030880717300848333,-0.9999952318932386,-1.94374134106039e-06,0.9999950339804689,0.003088072341814349,-0.0006291451442917345,0.0006291481468743928,-8.863541953890201e-10,0.999999802086285
0.0030880706188149533,-0.9999952318920301,3.6136070642280643e-06,0.999994547618465,0.003088072733104442,0.0011698462022712193,-0.001169851783399662,1.0196756973935434e-09,0.9999993157231685
-0.06532009054242519,-0.9978643584184088,8.92734376404759e-05,0.9978593772461803,-0.06532004674601087,-0.003155112512134118,0.0031542056677784586,-0.00011700989807558845,0.9999950186352377
-0.28630846440981633,-0.958137415141136,0.00039612366165909314,0.9581364707331886,-0.28630873838398635,-0.0013452791233288085,0.001402375927683258,-5.624272846903571e-06,0.999999016654579
-0.49282272170831876,-0.8701296512205559,0.000393744585792491,0.8701293627396898,-0.4928228789568734,-0.0007085724242921839,0.0008105962167577986,-6.591865149312289e-06,0.9999996714451065
-0.6744014042270902,-0.7383646236054742,-0.0006546636354376727,0.7383642752658968,-0.6744017219787094,0.0007172190869038897,-0.0009710754842004604,3.133186235800435e-07,0.9999995285060418
-0.745476664922283,-0.6665313283902184,-0.0007282380936342664,0.6665310087367944,-0.7454770206202461,0.0006527782720702651,-0.0009779819331719056,1.2376980460640009e-06,0.999999521774789
-0.7454785354520113,-0.6665291395040198,-0.000812017459985674,0.6665287440061667,-0.745478977699591,0.0007261002234637101,-0.0010893089030832818,5.915346377571157e-08,0.9999994067028792
-0.7454788047002054,-0.6665291743268231,0.00045990646505548376,0.6665290474836907,-0.7454789465646925,-0.00041120466986120836,0.0006169304961697789,-3.34769025337172e-09,0.9999998096983634
-0.7454782948185724,-0.6665291797977569,0.0009820552545217313,0.6665286014510864,-0.7454789416731564,-0.0008780487056443734,0.0013173465954010484,1.6634926383964944e-09,0.9999991322985975
-0.7454789420200711,-0.6665291726538384,-9.4900079894275e-05,0.6665291672531848,-0.7454789480605002,8.484919725948625e-05,-0.00012730047698014918,-3.814199377142497e-10,0.9999999918972944
-0.7454782481625296,-0.666529179258173,-0.0010172089029492682,0.6665285587642924,-0.7454789421555958,0.0009094801641568423,-0.001364502884288923,-1.1045307701774108e-09,0.9999990690655062
-0.745478891209341,-0.6665291761755907,-0.00028296285991002415,0.6665291281594885,-0.7454789449117181,0.0002529985448028592,-0.000379573765896,2.086339868310463e-09,0.9999999279618755
-0.7454783885052263,-0.6665291743407181,0.0009121536776634215,0.6665286753900277,-0.745478946552269,-0.0008155551082310274,0.0012235826356368868,-2.1252961289724287e-09,0.9999992514224868
-0.7454786817866966,-0.6665291802588927,0.0006219847084774824,0.6665289482656237,-0.7454789412608572,-0.0005561119609419651,0.0008343413514150502,1.2020099657912738e-09,0.9999996519371942
-0.745478636813004,-0.666529172935571,-0.0006809414432732211,0.6665288948755564,-0.7454789478086044,0.0006088268601468095,-0.0009134283742052064,2.700975184071093e-10,0.9999995828242157
-0.7454784295826598,-0.666529178342904,-0.0008748968538416917,0.6665287193247528,-0.7454789429739336,0.0007822389478890865,-0.0011736022650174545,-1.6171016101705626e-09,0.9999993113286246
-0.7454788589216539,-0.6665291773053387,0.00035595159425440027,0.6665291013265869,-0.7454789439016158,-0.0003182516361443748,0.0004774784197802549,2.229671293381202e-09,0.9999998860071729
-0.7454782668385859,-0.6665291735071676,0.0010072413764445104,0.666528565108731,-0.7454789472975425,-0.0009005721759344715,0.0013511348690955368,-1.8355189813283428e-09,0.9999990872168663
-0.745478940888745,-0.6665291804208994,1.8407587699418077e-05,0.6665291802177248,-0.7454789411160078,-1.645732256556687e-05,2.4691754708211888e-05,6.069430357743622e-10,0.9999999996951587
-0.7454782761767128,-0.6665291735224222,-0.0010002960129086168,0.6665285734870648,-0.7454789472839034,0.0008943611024935564,-0.0013418173851510338,8.984176219271021e-10,0.9999990997626472
-0.745478841920556,-0.6665291772744492,-0.0003899879903241688,0.6665290860703738,-0.745478943929234,0.0003486837340032667,-0.0005231357175261258,-1.9925478995171282e-09,0.9999998631645013
-0.7454784520955109,-0.6665291783684582,0.0008554792511591433,0.666528739500187,-0.7454789429510859,-0.000764876999075309,0.0011475546056173018,2.185629546813152e-09,0.9999993415589968
-0.7454786116654176,-0.6665291729274956,0.0007079449061657766,0.6665288723752492,-0.7454789478158245,-0.0006329720296085525,0.0009496523471412623,-1.3898451486915597e-09,0.9999995490801082
-0.7454787059484531,-0.6665291802534068,-0.0005923243549966105,0.6665289698573611,-0.7454789412657622,0.0005295943386961934,-0.0007945554134868173,-3.9868451747436535e-11,0.9999996843407978
-0.7454783690154693,-0.6665291743640169,-0.0009279286921727098,0.6665286580073208,-0.7454789465314376,0.0008296585671779286,-0.0012447429436823437,1.4495791486645111e-09,0.999999225307202
-0.7454789038127934,-0.6665291761439697,0.00024762656753635133,0.6665291393713585,-0.7454789449399902,-0.00022140468652557673,0.00033217307561041675,-2.2000646141988106e-09,0.9999999448305225
-0.7454782442937078,-0.6665291792761922,0.0010200285175947165,0.6665285553391918,-0.7454789421394851,-0.0009120000243514181,0.0013682844079794345,1.957287869812103e-09,0.9999990638984513
-0.7454789364688361,-0.6665291726510065,0.00013147797459192237,0.666529162284496,-0.745478948063032,-0.00011755493750959057,0.0001763678574315525,-8.255276938318071e-10,0.9999999844471893
-0.7454783092364918,-0.6665291797697698,-0.0009710681436289943,0.6665286142899727,-0.7454789416981797,0.0008682264975459342,-0.0013026091472930301,-6.827293055986644e-10,0.9999991516043449
-0.7454787831322737,-0.6665291753881338,-0.000492195122709041,0.6665290301107422,-0.7454789456157795,0.0004400718339618555,-0.0006602418177165042,1.8775081772485006e-09,0.9999997820403475
-0.7454785291622483,-0.6665291750467157,0.0007882700270405872,0.6665288024215125,-0.7454789459210398,-0.0007047914584728374,0.0010574027782552383,-2.222720310867017e-09,0.9999994409495261
-0.745478528032651,-0.666529179952674,0.0007851839834841553,0.6665288102447131,-0.7454789415346459,-0.0007020271727256781,0.001053259720659065,1.562972436533732e-09,0.9999994453218267
-0.7454787827323596,-0.6665291727020969,-0.0004964201225251361,0.6665290249217432,-0.7454789480173525,0.0004438466085062124,-0.000665907463488961,-1.907891138911572e-10,0.9999997782836004
-0.7454783119142717,-0.6665291790109527,-0.0009695320692588122,0.6665286153197606,-0.7454789423766344,0.0008668523156878099,-0.0013005481038904287,-1.2666532522289872e-09,0.9999991542869572
-0.7454789321606194,-0.6665291765073816,0.00013626831749690988,0.6665291653724472,-0.7454789446150655,-0.00012183397398596982,0.00018279105986355727,2.147099977514364e-09,0.9999999832937142
-0.7454782486428486,-0.6665291740744247,0.0010202490169961157,0.6665285498602823,-0.7454789467903606,-0.0009122025454229068,0.0013685837718434833,-2.058174617715347e-09,0.9999990634887912
-0.7454789016083347,-0.6665291803406889,0.00024292221028936016,0.6665291449533978,-0.7454789411877236,-0.00021719420544501658,0.00032585966784750783,1.0354035107323478e-09,0.9999999469077371
-0.7454783677316866,-0.6665291730773896,-0.0009298821815644108,0.6665286545459843,-0.7454789476818051,0.0008314038420461233,-0.0012473625055130653,4.597299856339694e-10,0.9999992220430873
-0.7454787110836161,-0.6665291780420473,-0.0005883363863391558,0.6665289704713552,-0.7454789432429282,0.0005260264275544801,-0.0007892043499457594,-1.7426682419156843e-09,0.9999996885781987
-0.745478604206485,-0.6665291776271695,0.0007113662910467922,0.6665288741675048,-0.7454789436138686,-0.0006360262174671324,0.0009542386228497649,2.2362560038327946e-09,0.9999995447142218
-0.7454784597538903,-0.6665291733083342,0.0008527437341521775,0.6665287372362919,-0.7454789474753186,-0.0007624364141261207,0.0011438886142095916,-1.7193524085479428e-09,0.9999993457592052
-0.7454788367937398,-0.6665291804065395,-0.00039440998912205637,0.666529087120718,-0.7454789411288469,0.00035264066061984776,-0.0005290696315623184,4.1948424359225696e-10,0.9999998600426527
-0.745478277462719,-0.6665291737453448,-0.0009991884534024924,0.6665285750376975,-0.7454789470845895,0.0008933710698704909,-0.0013403318372303427,1.0702615961988467e-09,0.9999991017548796
-0.6652442001893136,-0.7466254690370334,0.0007503997004558266,0.7466250572910876,-0.6652446223302715,-0.0007850386836142025,0.0010853292406921547,3.802478814544474e-05,0.9999994103071035
-0.4821209149941581,-0.876104677104749,0.00013446330105551765,0.8761046415166595,-0.4821209337380471,-0.0002497288915613219,0.00028361622216344513,-2.5955995316304884e-06,0.9999999597775499
-0.2747996555560693,-0.9615014246619189,0.0003995990066208129,0.9615004304223558,-0.27479994606097635,-0.0013827300926738814,0.0014393067394942627,4.240863668463e-06,0.9999989641885261
-0.053692705356825216,-0.9985575057544025,3.306072994642159e-05,0.9985573795007587,-0.05369271519438499,-0.0005021749021226809,0.0005032256380732171,6.049906802415217e-06,0.99999987336367
0.17020759695059873,-0.9854082057926213,0.00020468724788114188,0.9854074798623341,0.17020772001589005,0.001196109675575133,-0.0012134956391178626,-1.886608474490725e-06,0.9999992637121162
0.2689762016981864,-0.9631467889655386,0.00025656459047551286,0.9631463485537833,0.2689763240602574,0.000921065983285687,-0.0009561315446571246,-6.355812129023201e-07,0.9999995429059282
0.2689790456288486,-0.9631459779133733,0.00031343561681125483,0.9631453237816225,0.26897922824874343,0.0011225187321412422,-0.0011654570723098165,-4.99686334877762e-08,0.9999993208546746
0.26897915131949574,-0.9631459873317972,-0.00015245360442154828,0.9631458326242431,0.2689791945237729,-0.0005459046584237983,0.0005667927289461708,1.9179570332644204e-09,0.9999998393729884
0.268978930790996,-0.9631459899892919,-0.00036980816563531764,0.9631450796999513,0.26897918500796075,-0.0013241911597507976,0.0013748601044951268,6.071481378636459e-10,0.9999990548794
0.2689791897911228,-0.9631459885365967,1.5005776311792729e-05,0.9631459870374579,0.2689791902096929,5.37380582633831e-05,-5.579383680893713e-05,-1.666135548033702e-09,0.9999999984435239
0.26897892859244116,-0.9631459884602789,0.0003753480184283533,0.9631450507073482,0.2689791904829675,0.001344018254009408,-0.0013954465959127938,1.9962699453549004e-09,0.9999990263639251
0.26897915610022954,-0.9631459900257621,0.00012442227787193605,0.9631458869796999,0.26897918487737094,0.0004455297881963561,-0.00046257723182092654,-1.4212655693188543e-09,0.9999998930111466
0.2689789918844537,-0.9631459876820425,-0.00032914556958143067,0.9631452665720666,0.26897919326963377,-0.0011785872220363728,0.0012236848638119443,2.0547572074803427e-10,0.9999992512973968
0.2689790727084206,-0.9631459897422708,-0.00024675554720117595,0.9631455844551912,0.26897918589248104,-0.0008835729096140462,0.0009173818107403044,1.1061716302055576e-09,0.9999995792052182
0.2689790841321164,-0.9631459888985733,0.00023741953930261515,0.9631456136966564,0.26897918891354733,0.0008501460472447335,-0.0008826756704955875,-1.9172812326488657e-09,0.9999996104417544
0.2689789830865598,-0.963145988141857,0.00033493874958642744,0.963145241434007,0.26897919162315476,0.0011993234687076562,-0.0012452151414771824,1.8558311931475557e-09,0.9999992247193252
0.2689791606756709,-0.9631459901553734,-0.0001130037037031727,0.9631459051585827,0.2689791844132654,-0.00040463394452842287,0.00042011720521105986,-9.557093233936078e-10,0.9999999117507632
0.26897892871168255,-0.9631459877986657,-0.0003769568258312309,0.9631450419812901,0.2689791928520363,-0.001349784992573409,0.0014014335427400806,-3.765468527261452e-10,0.9999990179915306
0.2689791856397314,-0.9631459894317161,-2.709589502774222e-05,0.9631459845442577,0.2689791870044978,-9.702923362506395e-05,0.00010074154903933467,1.5417501142875561e-09,0.9999999949255702
0.26897893744583784,-0.9631459892630064,0.00036684750642577036,0.9631450934836595,0.2689791876086046,0.001313594978767734,-0.001363858079570813,-2.005752436969738e-09,0.9999990699451371
0.26897914291070596,-0.9631459878899152,0.000163372523166388,0.9631458102362308,0.2689791925252942,0.0005849896028739019,-0.0006073741983274283,1.5592027318247527e-09,0.9999998155482748
0.26897901006097374,-0.9631459901809353,-0.0003061780598319474,0.9631453661992418,0.2689791843217347,-0.0010963441716596357,0.0011382950175830256,-4.0957988725869726e-10,0.9999993521420166
0.2689790492894436,-0.9631459880101052,-0.0002771703189189443,0.9631454766635978,0.2689791920949251,-0.0009924728775398078,0.0010304493186668207,-9.27885972267298e-10,0.9999994690869599
0.26897911155224724,-0.963145989077791,0.00020315493466090722,0.9631457143697421,0.26897918827181355,0.0007274392316669842,-0.0007552746276963899,1.8464296828698064e-09,0.9999997147800779
0.26897895527904364,-0.963145989598604,0.00035261469054896784,0.9631451619791601,0.2689791864069147,0.001262630591959689,-0.0013109436035694732,-1.9242836604748195e-09,0.999999140713065
0.2689791834327248,-0.9631459877257076,-7.216464470367373e-05,0.9631459530609747,0.26897919311328033,-0.00025840742167613926,0.0002682948592896193,1.131774977311843e-09,0.9999999640089337
0.26897891694642045,-0.9631459901006038,-0.0003794620645001629,0.9631450316667741,0.2689791846093815,-0.0013587576977413043,0.0014107494247973117,1.718017187931145e-10,0.9999990048925352
0.26897918224512046,-0.9631459882988447,-6.886645107460882e-05,0.9631459567326799,0.2689791910610221,-0.00024658801494893787,0.0002560238996619368,-1.4012946255019965e-09,0.9999999672258809
0.2689789568528994,-0.9631459887105479,0.00035383768514642963,0.9631451553593976,0.26897918958681793,0.0012669952410417225,-0.001315476357920651,1.9939593770600464e-09,0.9999991347606016
0.2689791108318999,-0.9631459898766603,0.0002003012451728975,0.9631457228222822,0.26897918541126614,0.0007172340172784098,-0.0007446779333082959,-1.6806616846918448e-09,0.9999997227273494
0.2689790481841245,-0.9631459876626873,-0.0002794409226812209,0.9631454678979083,0.26897919333893994,-0.0010006090408603361,0.0010388963768923265,6.091894152755045e-10,0.9999994603470135
0.2689790132744606,-0.9631459899210437,-0.0003041659260966705,0.963145374108924,0.26897918525234077,-0.0010891435020709502,0.0011308184994512035,7.398197694654524e-10,0.9999993606245564
0.2689791383760402,-0.9631459886407407,0.00016638429403725822,0.9631458043688987,0.26897918983677954,0.0005957863182232776,-0.000618583115095492,-1.7558170640617939e-09,0.9999998086774466
0.26897894189147187,-0.9631459883613807,0.00036595399114368993,0.963145096960466,0.268979190837097,0.0013103807214455397,-0.0013605219435077992,1.972353753845052e-09,0.9999990744895924
0.26897918298251505,-0.9631459900737545,-3.0445131221766455e-05,0.9631459839046506,0.268979184705522,-0.00010901144672679732,0.0001131830443613369,-1.2959893785102784e-09,0.9999999935947994
0.268978928569491,-0.9631459877058752,-0.0003772952195083218,0.9631450401874748,0.2689791931842945,-0.0013509982211568456,0.0014026930798406302,3.4670172006749655e-11,0.9999990162255782
0.2689791637946247,-0.9631459896571558,-0.00010978015499441988,0.9631459094371467,0.26897918619725575,-0.0003930994195227491,0.00040814070620089933,1.2459311299686804e-09,0.9999999167105785
0.26897897808587967,-0.9631459890068416,0.0003364638302368822,0.963145235465713,0.26897918852586566,0.0012047985986792902,-0.0012508987059044426,-1.960872857641703e-09,0.9999992176259078
0.47788690366041886,-0.8784211426581948,0.000635170000186709,0.8784203643108682,0.47788732576863124,0.001169373194519167,-0.0013307418305210776,-8.818721889141845e-07,0.9999991145623095
0.661697681766294,-0.7497707479172012,5.9268821335238505e-05,0.7497707443028951,0.6616976844063017,7.374836365423407e-05,-9.451240760972293e-05,-4.3610929775872055e-06,0.9999999955241929
0.812155353622638,-0.583440386399908,-0.0009985487538965627,0.5834399404351727,0.8121559674759139,-0.0007213863490082102,0.0012318632595017,3.2845598822802313e-06,0.999999241250773
0.9217418472881255,-0.3878037100785097,-0.0004994068654266962,0.3878036499296991,0.9217419825630796,-0.00021605991501634557,0.0005441131108866022,5.4796599796589425e-06,0.9999998519554372
0.984973978606249,-0.172699867183062,0.0010086344876155358,0.17269977532119277,0.9849744950369815,0.00017813099983363665,-0.0010242424451284522,-1.263450226836476e-06,0.9999994754627711
0.9986951555652774,0.051060211513531455,0.0009170881308648049,-0.05106019545397134,0.99869557662223,-4.093157536738569e-05,-0.00091798183456327,-5.94853318141118e-06,0.9999995786368946
0.9806099872561256,0.19596224652962324,0.0016884396952285097,-0.1959619647843796,0.9806114408420331,-0.00033233651239856013,-0.001720828691886354,-4.977456909020469e-06,0.999998519360823
0.9806114551691996,0.19596099459815203,0.0006801375213760411,-0.19596094743318626,0.9806116910358053,-0.00013595950427844485,-0.0006935935646569365,4.305426086080502e-08,0.9999997594639537
0.9374217028076507,0.34818458098809757,0.002837017332982308,-0.3481829958213205,0.9374259957744626,-0.001050650820974781,-0.0030253142142662548,-2.898312540356861e-06,0.9999954237222812
0.9374258409050306,0.3481822627406465,0.0013801145966293718,-0.34818188524446697,0.9374268568335311,-0.0005127131901437283,-0.0014722741270695669,9.969130576370543e-08,0.9999989162038553
0.9374269044131109,0.34818211692880907,0.00011105595629738226,-0.3481821144849482,0.9374269109914507,-4.125308824916277e-05,-0.00011847042965550107,4.057125122996699e-09,0.9999999929823786
0.9374260475322804,0.34818211882836214,-0.0012718239655409055,-0.3481817983815481,0.9374269102859125,0.00047238501111957425,0.001356718024518961,-5.83405298897055e-11,0.9999990796576776
0.9374266363159204,0.348182118515625,-0.0007168482339111261,-0.3481820167137722,0.9374269104020704,0.0002662539374849029,0.0007646976851591078,1.307385397587412e-10,0.9999997076186824
0.9374263713346739,0.34818211848523895,0.001005332500878239,-0.34818191825907985,0.9374269104133565,-0.0003734036641699293,-0.001072438219077257,-1.5669809492937364e-10,0.9999994249379678
0.9374262762390051,0.3481821189213119,0.0010902660859562472,-0.34818188343425605,0.937426910251389,-0.0004049502546022124,-0.001163041206014963,1.0998104800464227e-10,0.999999323667348
0.9374267182586996,0.34818211827738926,-0.0006003387334027322,-0.34818204687800514,0.9374269104905568,0.00022297975794981155,0.0006404112485574821,-1.371669859401466e-11,0.9999997949366953
0.9374259901411871,0.3481821188372052,-0.0013134419855584756,-0.34818177707517817,0.937426910282628,0.0004878429425550022,0.0014011140517561395,-8.884111282465683e-11,0.9999990184392255
0.9374269036528965,0.3481821186148839,0.00011218107868715818,-0.3481821161217579,0.9374269103652033,-4.166681858160049e-05,-0.0001196692031648221,1.5136190056254275e-10,0.999999992839641
0.937425931169377,0.3481821183985801,0.0013549902965045088,-0.34818175467289986,0.9374269104455436,-0.0005032746997572006,-0.0014454356184337843,-1.449478100479934e-10,0.9999989553573909
0.9374268286263031,0.34818211895550244,0.00039116657339869043,-0.34818208864273476,0.9374269102386898,-0.0001452884249700739,-0.0004172769039555778,7.29226292252392e-11,0.9999999129399889
0.9374261298804368,0.34818211831080437,-0.0012097545153709234,-0.34818182837873657,0.9374269104781455,0.0004493308792019327,0.001290505415124136,3.1925238413174975e-11,0.9999991672975401
0.9374265332590705,0.34818211875135574,-0.0008407875460548187,-0.3481819787040924,0.9374269103145145,0.00031228814594864545,0.000896910019846423,-1.2257941669623247e-10,0.9999995977761275
0.937426480965615,0.3481821187145133,0.0008972134060819997,-0.3481819592391203,0.9374269103281986,-0.00033324605778896723,-0.0009571023096227102,1.5766354039925372e-10,0.9999995419774795
0.9374261752932673,0.3481821183304977,0.001174031483261301,-0.34818184526864404,0.9374269104708309,-0.00043606242070745973,-0.0012523978435153766,-1.2101248502609588e-10,0.9999992157495132
0.9374267968359016,0.34818211896096035,-0.00046109634240602327,-0.3481820768413005,0.9374269102366625,0.00017126185520786768,0.000491874435226565,2.977517113888963e-11,0.9999998790297628
0.9374259448943257,0.3481821183699557,-0.0013454688367981532,-0.3481817597379825,0.9374269104561753,0.0004997382831677458,0.0014352786288586673,7.497060486522447e-11,0.9999989699870984
0.937426909541062,0.3481821186540437,-3.89599165941641e-05,-0.34818211835333424,0.9374269103506585,1.4470773274767459e-05,4.156053873775745e-05,-1.4597900937859699e-10,0.9999999991363608
0.9374259655893875,0.34818211880594174,0.0013308578472388463,-0.34818176792039823,0.9374269102942401,-0.0004943116637416976,-0.0014196924422100296,1.505828011653769e-10,0.9999989922361769
0.937426758768016,0.348182118286783,0.0005333394985807868,-0.34818206193485757,0.9374269104870676,-0.0001980945793648303,-0.0005689397886596845,-8.686367502564775e-11,0.9999998381537454
0.9374262258043037,0.3481821189374965,-0.0011327958746629523,-0.34818186472017043,0.9374269102453775,0.00042074670520321933,0.0012084098160776286,-1.589078673334965e-11,0.9999992698725917
0.9374264246229065,0.3481821184500049,-0.0009543638619285966,-0.34818193801141406,0.9374269104264432,0.00035447277624823674,0.0010180674486773387,1.11749816377512e-10,0.9999994817692007
0.9374265874993181,0.34818211855348924,0.0007780546171844211,-0.34818199862527277,0.9374269103880067,-0.00028898738131621243,-0.000829989574562219,-1.5695327196664326e-10,0.9999996555585937
0.9374260857364457,0.3481821188813286,0.001243331071911294,-0.3481818126316349,0.9374269102662396,-0.0004618021662467755,-0.0013263232619276058,1.307700184575121e-10,0.9999991204329156
0.9374268571684782,0.3481821182710034,-0.00031618909999926725,-0.3481820984650481,0.9374269104929287,0.00011744002108276513,0.00033729468645424113,-4.551989641205782e-11,0.9999999431161458
0.9374259223905592,0.3481821188869517,-0.0013609252741880074,-0.34818175196767065,0.937426910264151,0.0005054793080019834,0.0014517668313960969,-6.028923817428741e-11,0.9999989461859784
0.9374268912158257,0.34818211854412057,-0.00018960896814804824,-0.34818211142186495,0.9374269103914864,7.042502452984402e-05,0.00020226528343286542,1.3906549868635595e-10,0.9999999795443774
0.937426022368026,0.34818211845816727,0.001290338422323077,-0.3481817886140064,0.9374269104234115,-0.0004792614825087996,-0.001376468238914257,-1.5457939659194175e-10,0.999999052667145
0.937426671577932,0.3481821189341115,0.0006689311416947288,-0.3481820302869379,0.9374269102466348,-0.0002484566634377823,-0.0007135822208657098,1.0000040891384489e-10,0.9999997454001748
0.9374263314846396,0.34818211828436124,-0.001041895515857534,-0.3481819032290826,0.9374269104879671,0.0003869841840741068,0.0011114418674350625,-3.420431255937717e-13,0.9999993823482971
0.9374263153044105,0.34818211881359457,-0.001056178617602265,-0.3481818978214939,0.9374269102913976,0.00039228936632907145,0.0011266784009712294,-9.969572490144997e-11,0.999999365297689
0.9374266854717277,0.3481821186445238,0.0006493240341753267,-0.34818203511784035,0.9374269103541943,-0.00024117418651572217,-0.0006926663623991114,1.5461668225044342e-10,0.9999997601066266
0.9374260127718822,0.3481821183763742,0.0012973132050232066,-0.34818178495667734,0.9374269104537916,-0.0004818520950794388,-0.0013839085928846636,-1.3913675181616294e-10,0.9999990423980449
0.9374268952899869,0.3481821189600938,-0.00016740201700569466,-0.3481821134084435,0.9374269102369843,6.217693086497592e-05,0.00017857605110809004,6.081046447235826e-11,0.9999999840552969
0.9374259244891651,0.34818211832571316,-0.0013596226878124513,-0.34818175210864094,0.9374269104726081,0.0005049953839604941,0.0014503772581765612,4.4977271852677386e-11,0.9999989482023514
0.9374268494222103,0.3481821187235895,-0.0003379104924912484,-0.3481820961028932,0.9374269103248276,0.00012550794155308408,0.00036046600994900103,-1.3065681075583556e-10,0.9999999350321259
0.9374260982071593,0.34818211874264837,0.0012339319193928808,-0.3481818171057003,0.9374269103177486,-0.0004583111305054391,-0.0013162967272016396,1.5695568800276442e-10,0.9999991336810877
0.9374265722900612,0.3481821183150232,0.0007962726730078123,-0.34818199270480066,0.9374269104765786,-0.000295754037969913,-0.0008494236991952265,-1.1196915809352607e-10,0.9999996392396245
0.9374264407772006,0.34818211895700024,-0.0009381739726723803,-0.34818194458832785,0.9374269102381334,0.00034845957766660934,0.0010007969225909257,1.6520489837246188e-11,0.9999994992026346
0.9374262112050865,0.34818211839163454,-0.0011449794716377755,-0.34818185867664936,0.9374269104481233,0.0004252718659292116,0.0012214066277955206,8.657131017912253e-11,0.9999992540826466
