-0.8682734016836594,0.49608490538117567,0.0010327543931945016,0.0011838223790189006,-9.82127333915006e-06,0.9999992992338133,0.4960845678846114,0.8682740158247814,-0.0005787488624725556
-0.8682739979393026,0.4960848566354512,-0.00028199199292922034,-0.00032482933383151674,-9.85441926948383e-08,0.9999999472429458,0.4960848304356868,0.8682740437309954,0.0001612284768649497
-0.8682736110906217,0.49608490978215447,-0.0008358050511063364,-0.0009626052363366222,-1.2242795666139727e-10,0.9999995366954723,0.49608467994366734,0.8682740133658452,0.0004775340381247828
-0.8682740101918224,0.49608491452377035,-2.8413991685405378e-05,-3.272448243787918e-05,3.5089209315941627e-10,0.9999999994645541,0.4960849142581537,0.8682740106567417,1.62338174021226e-05
-0.8717963590479638,0.4853794231302838,-0.06616588208757375,-0.07594032066306367,-0.0004732037069073992,0.997112252344661,0.48394645989851476,0.8743034894588749,0.03727240630453644
-0.960480503833834,0.27834685209988613,0.0004813327212468411,0.0005040138591172749,9.925836188418026e-06,0.9999998729357459,0.2783468119543212,0.9604806243894576,-0.00014982424324350155
-0.9983526876472824,0.057374521109688395,-0.0002745812846109106,-0.00027484268861775393,3.3348840779989777e-06,0.999999962225187,0.05737451985807335,0.9983527254013547,1.2439577158240841e-05
-0.9860299862480804,-0.16656207517768515,-0.0013933169466165682,-0.001412371623185693,-4.051250723668964e-06,0.9999990025944953,-0.16656191469243078,0.9860309706576619,-0.0002312528937843394
-0.9239772758653824,-0.3824470365278472,-0.0005078734634757222,-0.0005472898717701903,-5.726237545577995e-06,0.9999998502204922,-0.3824469821533224,0.9239774154265231,-0.0002040184762118758
-0.9105665889259839,-0.4133614863085132,0.0008767944542598936,0.000962449069986604,1.016256980124197e-06,0.9999995368452702,-0.4133612957492343,0.9105670110627685,0.0003969140084144617
-0.9105661040224081,-0.41336199878907176,0.0011082249575224967,0.0012170796900889125,-1.7841417898623035e-08,0.9999992593582396,-0.4133616926161409,0.9105667784172138,0.0005031107391715306
-0.9105666628378766,-0.4133620221994412,-0.00043718586635410617,-0.0004801258052661018,1.781198077921431e-09,0.9999998847395989,-0.41336197455439005,0.9105667677898138,-0.00019846739567452865
-0.9105658866915555,-0.4133620102194282,-0.0012706301488267235,-0.001395427594749227,-3.5465841374815454e-10,0.99999902639044,-0.413361607766674,0.9105667732282753,-0.0005768164327411007
-0.9105667678286647,-0.41336202064707617,-3.482276373595328e-05,-3.824223773057911e-05,-1.5795007524133102e-09,0.9999999992687656,-0.4133620203448665,0.9105667684945276,-1.5806450421540497e-05
-0.9105659018058708,-0.4133620161679074,0.0012577988965232218,0.0013813349846895917,2.807462151643848e-09,0.999999045956375,-0.4133616218060421,0.9105667705278966,0.0005709888578946389
-0.9105666335776849,-0.41336201266694605,0.0005022936732277107,0.0005516287569432289,-2.7660725931966117e-09,0.9999998478528457,-0.41336194977370266,0.9105667721171972,0.00022802489190820735
-0.9105661377355082,-0.4133620225678534,-0.0010710313034478225,-0.0011762255633588903,1.4654838453864727e-09,0.9999993082464729,-0.4133617366216467,0.910566767622569,-0.0004862083122857408
-0.880150725180729,-0.47468577343978896,0.0028491152497825416,0.0031746988704718935,0.00011562882855864487,0.9999949539457967,-0.47468370758950545,0.8801553289754277,0.0014052135914607302
-0.7521633980824873,-0.6589757559083649,0.001084301620734862,0.0014366332187718545,5.641449022930622e-06,0.9999989680260519,-0.6589750819795848,0.7521641796131833,0.0009424631698364825
-0.586378393920876,-0.8100370168761866,0.0006406505311676303,0.001082825474972793,7.042508597288057e-06,0.999999413719525,-0.8100365464790864,0.5863787438513883,0.0008729991426639216
-0.3911396668810109,-0.9203313029887535,-0.0002317999902867186,-0.0005975092412772166,2.0749231033345703e-06,0.9999998214891849,-0.9203311382186949,0.3911397355609861,-0.0005507180433043104
-0.17626565604455036,-0.9843425996519326,-0.00025496991946177827,-0.0014129021024137378,-6.017771610467017e-06,0.9999990018352195,-0.9843416186501683,0.1762658403499157,-0.0013897190020827344
-0.03120891443485896,-0.9995128818397223,-5.192543703691488e-05,-0.0013884954901324797,-8.596137370808776e-06,0.9999990360027255,-0.9995119187583866,0.031208956447785763,-0.0013875508526480784
-0.031210025407767232,-0.9995128484877531,4.684511900554522e-06,0.00014994580306515457,4.7018150484134935e-09,0.9999999887581281,-0.9995128372513795,0.031210025759331128,0.00014987260999688168
-0.031210204420152488,-0.9995128420503496,4.143048592469833e-05,0.0013273449224048828,3.744887733247992e-09,0.9999991190773404,-0.9995119615569938,0.03121023191892147,0.0013266981788954133
-0.031210229264431295,-0.9995128420764418,1.0655324177377691e-05,0.00034139576514302666,2.8359437020952793e-10,0.999999941724464,-0.9995127838292981,0.03121023108332073,0.0003412294426397012
-0.031210210333621084,-0.9995128420223238,-3.746182533792552e-05,-0.0012003053476337675,-1.5994983115774627e-11,0.9999992796332768,-0.9995121220065335,0.03121023281645368,-0.0011997206088085741
-0.031210221626501285,-0.9995128420697301,-2.4570623259834175e-05,-0.0007872537741822063,-2.509996654964653e-10,0.9999996901156996,-0.9995125323363985,0.031210231298259346,-0.0007868702494294724
-0.031210218970662625,-0.9995128420529936,2.8336390878458413e-05,0.0009079070159682125,4.026224909026156e-10,0.9999995878523404,-0.9995124301061262,0.03121023183425193,0.0009074647092841561
-0.031210212782138258,-0.9995128420315111,3.510249618471351e-05,0.0011247230654096718,-3.7239145100897986e-10,0.9999993674988132,-0.999512209838439,0.031210232522228765,0.001124175159228469
0.0484582227421516,-0.9988252099116521,2.633659741657634e-05,0.0014182131865632106,9.517246897533527e-05,0.999998989806269,-0.9988242034112056,-0.04845813643904873,0.0014211589724692495
0.2700704664967343,-0.962840558920419,-3.498644680199892e-05,0.00015024038344246815,5.804745120630006e-06,0.9999999886970662,-0.9628405478344083,-0.270070468700523,0.0001462252249887497
0.4780563295230712,-0.8783290074547001,0.0005481483105703178,-0.0011518013901536395,-2.8212639306413045e-06,0.9999993366725791,-0.8783284232885138,-0.47805664377318513,-0.0010130092948779645
0.6618401335258789,-0.7496449116396192,0.0003796146393446055,-0.0005794940981804221,-5.22630869201346e-06,0.999999832079624,-0.7496447837749803,-0.6618402423738777,-0.00043787378286874745
0.8122665174662954,-0.5832860411920322,-0.0007062249666275333,0.0008699734217732513,7.296286712310529e-07,0.999999621572785,-0.583285819945438,-0.8122668244794901,0.0005080360060682187
0.9218152937084862,-0.38762857117308974,-0.0008093796675702203,0.0008802586115884139,5.305327705366902e-06,0.9999996125582401,-0.38762841669556963,-0.9218156490221688,0.0003461039200897617
0.9421062203299484,-0.3353140757561358,-0.0005832798877318801,0.0006194570247259336,9.380471105158161e-07,0.999999808136039,-0.33531401087430507,-0.942106400890541,0.00020859639973439328
0.9421065344898027,-0.33531258887858795,0.0008633719670153028,-0.000916438052389057,-3.183045067106649e-08,0.9999995800705594,-0.33531244804347854,-0.9421069300984566,-0.00030732320356899323
0.9421061846453904,-0.3353125855348211,0.0011861006952241795,-0.0012589880353513219,-1.966195851965669e-09,0.9999992074742495,-0.3353123197886304,-0.9421069312885632,-0.00042215638565632635
0.9421068404373192,-0.3353125746792687,-0.0004224490166420125,0.00044840876307405964,-3.3302888224895355e-11,0.9999998994647856,-0.3353125409685612,-0.9421069351522469,0.00015035706548023609
0.9421059743416893,-0.33531258398220815,-0.001343180133499822,0.0014257200469592615,1.806093923722996e-09,0.9999989836606575,-0.3353122431884111,-0.9421069318411657,0.00047806357451302486
0.9421069297119787,-0.33531258117860196,-7.675944522061995e-05,8.14753836535509e-05,-2.747958131876782e-09,0.999999996680881,-0.33531258006587056,-0.9421069328390188,2.731713232498323e-05
0.988788449927491,-0.14931705218112457,0.0013487838703426652,-0.0013633435029330036,4.8508046188574724e-06,0.9999990706350496,-0.14931691995377674,-0.9887893698378888,-0.0001987740133882615
0.9972042619006851,0.07471026503591323,0.00142700573701407,-0.001430707824366051,-3.966476664157359e-06,0.9999989765291706,0.07471019423232124,-0.9972052829194853,0.00010293317331311534
0.9553860086475535,0.29535851781534633,0.0009593927342767541,-0.001002118823858894,-6.710316740703161e-06,0.9999994978562914,0.2953583759407538,-0.9553864903319984,0.00028957338776216054
0.8654333663436916,0.5010236295803057,-0.0006411093528934098,0.000741313777843533,-8.951704392745619e-07,0.999999725226503,0.5010234913383887,-0.8654336038087355,-0.0003721904299997941
0.7319606253562876,0.681346373471633,-0.0008730893920420035,0.0011874924979003998,5.7107885527429855e-06,0.9999992949142286,0.6813458980500284,-0.7319611460483686,-0.0008049136346088559
0.5617050109649753,0.8273375732719686,0.00014321063864042305,-0.00025935127838261357,2.9833999131145816e-06,0.9999999663640063,0.8273375450163928,-0.5617050292133313,0.00021624684796292537
0.36323581399170934,0.9316971237613942,0.00046152846671720937,-0.001259101524674178,-4.483574708724625e-06,0.99999920732131,0.9316963872942361,-0.36323610717361626,0.0011714726741535733
0.342260749192878,0.9396049833287665,-0.00023423423850932323,0.0006816606448371565,9.88182383643288e-07,0.9999997676688676,0.9396047652607427,-0.3422608293433126,-0.0006401535227851252
0.34226020314909406,0.9396051037569524,-0.0004498157708316962,0.001314275498782602,-9.383584020916656e-09,0.9999991363395837,0.9396042922529965,-0.34226049873435094,-0.001234903178026103
0.32967243295284204,0.9437393445381391,0.025925595878929737,-0.07705814695550219,-0.0004710612686604777,0.9970264891611786,0.940945337912218,-0.3306899267773439,0.07256750918460005
0.20086214263811225,0.9796194207140823,0.00043613602529807294,-0.002157018587069626,-2.9313787721085838e-06,0.9999976736284052,0.9796171430337681,-0.20086261611164213,0.00211246849571356
0.20086196927147126,0.9796195107412933,0.00028892105469796597,-0.0014384220983087448,3.6131470038114352e-09,0.9999989654703985,0.9796184972948672,-0.20086217706424803,0.0014091070779284067
0.20086214099914287,0.9796194925880272,0.0002237293385565221,-0.0011138561887608094,2.387733955000472e-09,0.9999993796620031,0.9796188848922991,-0.20086226559903328,0.001091155714055048
0.2008622404413773,0.9796194906889927,-0.00011758872956690869,0.0005854101972840865,1.945259398006272e-09,0.9999998286474359,0.9796193228289097,-0.20086227486075875,-0.0005734788485785569
0.20086206149421282,0.9796194911932127,-0.0002910784196511474,0.0014491578910864613,-2.7841669525408012e-09,0.9999989499701522,0.9796184625626969,-0.20086227240164173,-0.0014196238751583159
0.2008622642482098,0.9796194923696889,-3.115181474949713e-05,0.000155078848436907,2.374126950588362e-09,0.9999999879752755,0.9796194805901082,-0.2008622666638838,-0.00015191778591039373
0.20086208342671705,0.9796194900740696,0.0002794789767448514,-0.001391391713866153,-8.857557465269397e-10,0.9999990320140808,0.9796185418164447,-0.20086227785978134,0.00136303426331591
0.23476972932106066,0.9720508904235179,-0.0004905317136507102,0.002808530245651419,-0.00017368238185333504,0.9999960409883079,0.9720469568659609,-0.2347701775381113,-0.002770809691842235
0.44566212510762415,0.8952011895494523,-0.00031697602761920907,0.000727624508768343,-8.15318527719322e-06,0.999999735248015,0.8952009499587958,-0.4456622377572182,-0.0006550038916716683
0.6340360492485645,0.7733032020422088,0.0006678057642272029,-0.0010542409228170848,8.035095911684833e-07,0.9999994442875612,0.773302771771412,-0.6340364009350106,0.0008157573353850536
0.7904404132774782,0.6125383569792002,0.0008451549867993793,-0.0010741858842115428,6.408472266364318e-06,0.9999994230416426,0.6125379981539235,-0.7904408650798321,0.0006630455720718771
0.9070590951365542,0.421002934398661,-0.0005719770730953089,0.0006298590885911725,1.5618529512276265e-06,0.999999801637525,0.42100285178082103,-0.907059275475025,-0.0002637558316298527
0.9780575314891273,0.2083311356737768,-0.0012660988387532268,0.0012957327954402772,-5.776589676816796e-06,0.9999991605212245,0.20833095347047673,-0.9780583509563759,-0.00027559132184356086
0.9803258970355188,0.19738198257582873,-0.0012200639085882953,0.001244753834965543,-1.0206425733322313e-06,0.9999992252931242,0.1973818284174005,-0.980326656249535,-0.00024669254211062003
0.9803266161223066,0.19738186191800075,0.0003553983275019907,-0.0003625312944779136,3.9163011826548474e-09,0.9999999342855282,0.1973818489457641,-0.9803266805436764,7.156094116188111e-05
0.9803257740279374,0.19738184453967378,0.001335747970823295,-0.0013625537365969803,-9.342063858608363e-10,0.9999990717232267,0.19738166131593987,-0.9803266840426798,0.0002689424539873385
0.9803266731969554,0.19738184822100835,0.00014075314800977848,-0.00014357798316610995,9.120522028588376e-10,0.9999999896926814,0.19738184618640237,-0.9803266833014692,2.8340581790270443e-05
0.9803258440952249,0.19738184279375254,-0.001283563137244384,0.0013093218677712043,-1.4283288614358458e-10,0.9999991428377559,0.1973816736053059,-0.9803266843942087,-0.00025843650309360575
0.98819796898595,0.15211506438806968,0.018049412130503758,-0.01826485081358239,1.8980938859859683e-05,0.9998331835183715,0.15208934649343767,-0.9883627910974478,0.0027971158827773345
0.9974094203129023,-0.07193357684231119,-9.377500636494063e-05,9.354170225990557e-05,-6.6120850286189355e-06,0.9999999956031151,-0.07193357714607586,-0.9974094246992815,1.3383333201909264e-07
0.9562057050276866,-0.29269312855637936,0.0011756565755260409,-0.0012287591726199698,2.4228687207153436e-06,0.9999992450722279,-0.2926929104426694,-0.9562064277602451,-0.00035733260558320357
0.8668259860639469,-0.49861031886413476,0.0006780903126832327,-0.0007788668780342456,5.912547974024074e-06,0.9999996966656681,-0.4986101716277483,-0.8668262512679503,-0.00038322591218162283
0.7708446885593971,-0.6369858072092438,-0.0068954719747224575,0.008951899629501048,8.365339432506171e-06,0.9999599309087563,-0.6369602260838501,-0.7708755290862523,0.0057086813890234326
0.7708802340643962,-0.6369800551932028,-0.0002720567700287835,0.00035278659383947136,-1.5784020895859285e-07,0.9999999377707953,-0.6369800155973818,-0.7708802820711136,0.00022459634811811124
0.7708796626665111,-0.6369798577819823,-0.0010983930133570685,0.001424848457256156,-8.163995965371207e-09,0.9999989849029217,-0.6369792111945569,-0.7708804451924084,0.000907593474205437
0.7708804395839021,-0.6369798501845869,-0.0001353726384513143,0.00017560861073678827,9.524250554893143e-10,0.9999999845808079,-0.6369798403627434,-0.7708804514701493,0.00011185988076412023
0.7708797312361356,-0.6369798598274465,0.0010479234275243,-0.0013593842564879055,1.081656791912522e-09,0.9999990760367948,-0.636979271282627,-0.7708804435022377,-0.0008658995593219948
0.6607577970534401,-0.750598643066434,0.0009003665439523134,-0.0013698299254597532,-6.341744331589405e-06,0.9999990617624388,-0.7505979331166989,-0.6607584104546915,-0.001032382840295859
0.4768702167959859,-0.8789736369253475,0.0003767269265931851,-0.0007785142942406955,6.230598869227945e-06,0.9999996969382909,-0.878973372889329,-0.47687036556218027,-0.0006813223535735439
0.26904309606691457,-0.9631281084606163,-0.00024321144029487712,0.0009054000968725664,3.9486401620658656e-07,0.9999995901251704,-0.9631277136026113,-0.2690432059965832,0.0008721225181381744
0.04771886497676632,-0.9988608037800129,-6.780321451238526e-05,0.0012822834094448068,-6.621593184930054e-06,0.9999991778523682,-0.9988599830179339,-0.047718912687751705,0.0012805066621206509
-0.1761117197271301,-0.9843701829405782,-7.150024816648949e-05,-0.00038916696549423657,-3.0104316943724285e-06,0.9999999242700024,-0.9843701086094732,0.17611173421572435,-0.0003825541847152226
-0.3913733446768088,-0.9202318466071348,-0.000503553880803531,-0.0012978120316419206,4.754865717937484e-06,0.9999991578303062,-0.9202310692214313,0.3913736685923242,-0.0011961488901259807
-0.5867194146958304,-0.8097902918187097,-0.00010814412437853973,-0.0001905696900063037,4.528103883849611e-06,0.9999999818313448,-0.809790276616221,0.5867194246449198,-0.0001569782113425289
-0.7426927551098911,-0.6670613231742103,0.05862305546754831,0.07868716149665418,1.3516215822129143e-06,0.9968993583174646,-0.6649930842669561,0.7450028128290825,0.052488158225224124
-0.7449768974095241,-0.6670893964701863,0.0010767744062751272,0.0014460081815267367,-7.036660543136007e-07,0.9999989545293755,-0.6670886982901287,0.744977675582663,0.0009651409400597277
-0.7449774743015924,-0.6670895300049682,0.00034891398723096984,0.0004683588544061035,-4.2684823453598125e-09,0.9999998903199858,-0.66708945683709,0.744977556009408,0.00031244046798339914
-0.7449769620151672,-0.6670895281116274,-0.0009420989644202129,-0.001264599326043836,-1.269739091647182e-09,0.9999992003939527,-0.6670889947040026,0.7449775577047986,-0.0008436000217346697
-0.7449772323331708,-0.6670895254656717,-0.0006987983928348762,-0.0009380148696661041,2.4525688147036817e-09,0.9999995600639554,-0.6670892319872307,0.7449775600741172,-0.0006257417213932914
-0.7449772500853091,-0.6670895224792399,0.000682534798010115,0.0009161837432560274,-2.2996479165371397e-09,0.9999995803035864,-0.6670892425025902,0.7449775627483151,0.0006111782889773877
-0.7449769473736033,-0.6670895296956145,0.0009524979745714759,0.0012785582969446765,1.1077139205895039e-09,0.9999991826440067,-0.6670889844470443,0.7449775562864184,0.0008529120277755988
-0.7449774911741159,-0.6670895215189399,-0.0003285172019425464,-0.0004409764968654196,5.910762990168905e-10,0.99999990276986,-0.6670894566575382,0.7449775636082149,-0.00029417124063346733
-0.744976783915999,-0.6670895269492403,-0.0010744583816248434,-0.0014422676515670751,-2.019974743028286e-09,0.9999989599314699,-0.6670888331325868,0.7449775587456571,-0.0009621201405839443
-0.7449775555938823,-0.6670895267311043,-7.061894406318327e-05,-9.47956500341185e-05,2.530241238751785e-09,0.9999999955068926,-0.6670895237336205,0.7449775589409867,-6.323907029048838e-05
-0.7449768259335048,-0.6670895216429404,0.0010483015947346244,0.0014071603126097345,-1.8984025462742693e-09,0.9999990099494374,-0.667088861188594,0.7449775634971787,0.0009387033140797476
-0.83473087582861,-0.5506580932635846,-0.00017106055936816356,-0.00019352171568598475,-1.729204569855813e-05,0.9999999811251653,-0.5506580858279913,0.8347308931771354,-9.213009451380927e-05
-0.9364461468401525,-0.35081084368186516,0.0006049987189611918,0.0006456365881255534,1.1251010701984756e-06,0.9999997915760436,-0.3508107712451658,0.9364463422716499,0.0002254427196296539
-0.9910659072443396,-0.13336544760016433,0.0014229843153863025,0.001436651679825235,-6.250896423365402e-06,0.9999989679959062,-0.13336530107154887,0.991066928793073,0.00019779474466063984
-0.9990341137112866,-0.043940942230597246,0.00018231015253155142,0.00018241834033914941,1.5476348289578112e-06,0.999999983360577,-0.04394094178159486,0.9990341303446506,6.469493765148828e-06
-0.9998692406765876,0.01326168360429622,-0.009253609933632478,-0.009255407081587681,-7.414556865048551e-05,0.9999571650536782,0.013260429426620292,0.9999120572582442,0.00019687815377078538
-0.9717707264715382,0.23592541380632925,0.0009242798771175174,0.0009508403392253645,-1.1895797284999785e-06,0.999999547950515,0.23592530825587207,0.9717711660256736,-0.0002231714017377761
-0.8946349925526865,0.4467959923346486,0.0012535286000757706,0.0013985705499407197,-5.186305644500067e-06,0.9999990219862813,0.44679556186322106,0.8946358707355742,-0.0006202358661990814
-0.7725005862234549,0.635014037520957,0.00012820199597901596,0.00016201202389776184,-4.79928108476635e-06,0.9999999868645355,0.6350140297950299,0.7725005968465655,-9.917246197099774e-05
-0.6115379142865798,0.7912147488343926,-0.0007749948059711522,-0.001263186876714839,3.1692024491380985e-06,0.9999992021741171,0.7912141200389022,0.6115384053490717,0.0009975139999347518
-0.4198558899303815,0.9075907453397993,-0.0002658276050008236,-0.0006206173422121376,5.793037565093864e-06,0.9999998074002592,0.907590572078006,0.4198559740434672,0.0005608343152463393
-0.20709473359100644,0.9783208705949977,0.00021325364182084305,0.00102494301171413,-1.0152393568052531e-06,0.9999994747452581,0.9783203569438248,0.20709484338634554,-0.0010025128888062618
0.01605026881748567,0.9998711860908427,-9.80704178454861e-06,0.00099522893208559,-6.1674494206132024e-06,0.9999995047405452,0.9998706908346996,-0.016050270628689967,-0.0009951997219773692
0.2386564047552589,0.9711040613719892,0.00014985366921810295,-0.0006229478475407447,-1.218351919907157e-06,0.9999998059672286,0.9711038731285513,-0.238656451799116,0.0006046564172806912
0.4493080021486918,0.8933767924207188,0.0004753621979518563,-0.0010675472193549806,4.808252568100357e-06,0.9999994301597452,0.8933762810529983,-0.4493082535864979,0.0009558822969402136
0.637181341803537,0.7707139110031748,-7.10185527624807e-05,0.00010785089695930505,2.9816162354090467e-06,0.999999994179647,0.7707139067290976,-0.6371813457543314,-8.122235636706665e-05
0.6543101941685009,0.7562260052657963,-0.0006314799399899652,0.0009662109105307297,-9.547453352354298e-07,0.9999995332176734,0.7562256516699598,-0.654310498890874,-0.0007312985167206577
0.6543101742317279,0.7562258337198047,-0.0008272313051217452,0.0012642702333588998,7.626480669209457e-09,0.9999992008100693,0.7562252293580419,-0.6543106971575401,-0.0009560688211851522
0.7935417752777938,0.6085155872264202,0.0004806157015264657,-0.0006006112752467431,-6.58237406206408e-06,0.9999998196113681,0.6085154806207183,-0.7935419207950879,0.00036025793405282397
0.7935165277278862,0.6085486775420347,-0.0001651802645024625,0.00020876714794404455,-7.886327834244478e-07,0.9999999782078279,0.6085486641501706,-0.79351654491965,-0.0001276707649435355
0.7935158222455535,0.6085486859937437,-0.0010661244070753753,0.0013435462654727284,-2.916341848568927e-09,0.9999990974413091,0.6085481367397291,-0.7935165384384173,-0.0008176156285886335
0.7935162612585733,0.6085486810832305,-0.0006677350345347111,0.0008414878148844673,8.764471509659089e-10,0.9999996459490661,0.6085484656265867,-0.7935165422042951,-0.0005120856044204675
0.7935161880705155,0.6085486746867393,0.0007548556495831085,-0.0009512795203885929,6.42137662487663e-10,0.9999995475335348,0.6085483993383869,-0.7935165471097709,0.0005789004009357364
0.7935159124613607,0.6085486784182562,0.0010013321168102498,-0.0012618906549814457,-1.6515543793671487e-09,0.9999992038156706,0.6085481939029884,-0.7935165442480667,0.0007679205798626356
0.7935164513903048,0.6085486790437791,-0.00038289294841203914,0.00048252528986336707,1.886651071481005e-09,0.9999998835846655,0.6085486082001034,-0.7935165437683527,-0.00029363863066289575
0.7935157231645094,0.6085486743535125,-0.0011436928295898152,0.0014412977352609158,-1.2702692092636525e-09,0.9999989613298798,0.6085480422707349,-0.7935165473653228,-0.0008771008341203063
0.719532640899597,0.6944581123261067,-0.0008419646741705256,0.0011257972161420882,4.595856122263653e-05,0.999999365234018,0.6944577102032059,-0.7195331320462397,-0.0007487503246555449
0.5466568920719626,0.8373564022268742,-0.0007056910711834563,0.001279613056212603,7.381799471489758e-06,0.9999991812676327,0.8373557218653546,-0.5466573475177795,-0.0010674568734357626
0.3463366379588202,0.9381102927111722,0.00010916382267561755,-0.0003237474697511123,3.157190886837747e-06,0.9999999475888027,0.9381102431990374,-0.34633665514841366,0.000304804284489868
0.1286336953915164,0.9916921576689663,0.0001919056875385739,-0.001451304434244627,-5.262553380680491e-06,0.9999989468433179,0.9916911142716577,-0.1286338384336558,0.0014385702841419603
-0.09551339399419115,0.9954281447530324,-1.4186142865246776e-05,-0.00020288397502327143,-5.215840536365591e-06,0.9999999794054436,0.9954281241786387,0.09551339490527613,0.00020245460148959893
-0.3152749221125574,0.9490003036966176,0.00038349791250696946,0.0012249115978733018,2.830645891349627e-06,0.9999992497915012,0.9489995906629773,0.315275155341672,-0.0011633339100465272
-0.518998959846834,0.8547748017733277,0.00034341123026332415,0.0006709149422626238,5.6073297919345686e-06,0.9999997749208238,0.8547746074556994,0.5189990734307014,-0.0005763913851087877
-0.6964872789993244,0.7175688926912738,-0.0005953435448576849,-0.0008551992892490978,-4.0706728432482464e-07,0.9999996343169382,0.7175686300461391,0.6964875334431002,0.0006139479242024404
-0.8200479367945835,0.5722901360076205,-0.0023198248481360317,-0.002839238307354608,-1.4845649068950806e-05,0.9999959692445969,0.5722877948067571,0.8200512179175067,0.0016370422209632807
-0.8200392610848237,0.5723069178762924,-0.0006340586688071138,-0.000772983022490237,3.181034183841192e-07,0.9999997012485283,0.5723067471004545,0.8200395062134737,0.00044212267387933057
-0.8200391674804746,0.5723071954673526,0.0004876619973711027,0.0005946853869733815,5.938255664972303e-09,0.9999998231746297,0.5723070942660249,0.8200393124822087,-0.0003403475956061941
-0.8200384741146045,0.572307188886858,0.0011758061972268474,0.0014338408725650398,-5.369408251354458e-10,0.9999989720496477,0.5723066005841129,0.8200393170747501,-0.0008205969987766792
-0.8686248108439085,0.4954690882361452,0.0011491687549125553,0.001361707675443552,6.790612364104832e-05,0.9999990705700507,0.49546854969674,0.8686255683499086,-0.0007336690041992446
-0.8899985429234745,0.4559621105671262,0.0010711308342692683,0.0012042441164804296,1.4155812246841037e-06,0.9999992748967892,0.4559617784312632,0.8899991874856785,-0.0005503495542158454
-0.8899997362497989,0.4559609783743853,-0.00023595584769098293,-0.00026512583928622885,-1.3351229566360704e-08,0.9999999648541441,0.4559609623460961,0.8899997675279884,0.00012089891966393654
-0.8899988227977095,0.45596095821662574,-0.00130384081387755,-0.0014649907145074803,-1.308433694724443e-09,0.9999989269005276,0.45596046892345576,0.8899997778551278,0.0006679797344691932
-0.8899997434560284,0.4559609576123995,-0.00024855861960074166,-0.00027927881289285805,1.1801010169065762e-09,0.9999999610016717,0.45596093983097763,0.8899997781646822,0.00012733918467777716
-0.8899989825967173,0.4559609612274368,0.0011886182566954728,0.0013355260976571082,-7.205029906032223e-10,0.9999991081846236,0.4559605545952969,0.8899997763126415,-0.000608947121985226
-0.8899994770024636,0.4559609564962233,0.0007328617812537852,0.0008234403792188316,-5.690459214946486e-11,0.9999996609729136,0.45596080191315036,0.889999778736517,-0.0003754566122809999
-0.8899993052664482,0.4559609602042015,-0.0009161849716976811,-0.001029421159115196,8.110655480564333e-10,0.9999994701458982,0.4559607186121597,0.8899997768368612,0.0004693751383169076
-0.8899991303412365,0.4559609592024704,-0.0010731612209046446,-0.0012058000386608037,-1.1953490419713828e-09,0.9999992730228693,0.4559606277279977,0.8899997773500639,0.0005497988060941815
-0.8899996279794219,0.45596095704392253,0.0005175404147406971,0.0005815067607585767,1.0384773041494102e-09,0.9999998309249294,0.45596087995175394,0.8899997784559222,-0.00026514530340748804
-0.8899988764240164,0.45596096138165704,0.0012655670284655869,0.0014219855714360241,-4.1249237359153333e-10,0.9999989889780063,0.4559605003956186,0.8899997762336322,-0.0006483695411056981
-0.8899997773158302,0.4559609568284633,-4.71788592331379e-05,-5.301017373410266e-05,-4.0277980950520476e-10,0.9999999985949608,0.4559609561878014,0.8899997785663052,2.4170928011990604e-05
-0.8899988610153299,0.45596095953374316,-0.0012770170257728197,-0.001434850418585876,1.0372481762388477e-09,0.9999989706016083,0.45596049016958934,0.8899997771803477,0.0006542348504958717
-0.8899996642049366,0.4559609599054847,-0.00044805933676056464,-0.0005034381959770629,-1.196127197289343e-09,0.9999998732749835,0.45596090212328844,0.8899997769898986,0.00022954922764351077
-0.8567177989177892,0.5157781832659729,0.002734718323891383,0.0031230605981436566,-0.00011462944679252463,0.9999951166643717,0.5157759780272428,0.8567221559682827,-0.0015126014341926286
-0.7201692871697766,0.6937976427153858,0.0010142879028006702,0.001402965617490315,-5.641639079456695e-06,0.9999990158273399,0.6937969656209604,0.7201700014099074,-0.0009693113030310174
-0.5474377580764442,0.8368462181756176,0.0005551192693823426,0.0010037065194757333,-6.754099901917776e-06,0.9999994962636756,0.8368458003751105,0.54743803948899,-0.000836250555673268
-0.34721158099508037,0.9377867729207776,-0.00029420695243426165,-0.0008492546135688839,-7.082534383417993e-07,0.9999996393829849,0.9377864345305376,0.34721170564128817,0.000796665657243012
-0.12955876881187356,0.9915717292891244,-0.00017634774461783295,-0.001311222689804603,6.52216627006208e-06,0.9999991403258901,0.99157087801075,0.1295588886647186,0.0012993263461810176
-0.08494205225054037,0.9963858875714272,0.00010396136794821323,0.0012140268332743178,-8.424051773925358e-07,0.9999992630687978,0.9963851533911547,0.0849421158659819,-0.00120956764818303
-0.08494105438750266,0.9963859739207791,9.084866575126416e-05,0.00106983090685131,2.403835830389056e-08,0.9999994277307513,0.9963854037175426,0.08494110297105978,-0.0010659665518969463
-0.08494107019276065,0.9963859745171328,-6.618196347091265e-05,-0.0007791302076492479,1.7962177301100724e-09,0.9999996964780138,0.9963856720922015,0.08494109597564531,0.0007763142586517668
-0.08494100689506397,0.9963859754205014,-0.00011546856131250396,-0.0013593932699318414,2.2231139151784873e-10,0.9999990760245421,0.9963850547843393,0.0849410853788432,0.0013544803703577914
-0.08494109104601107,0.9963859746981226,2.1835419805049664e-05,0.00025704446570462563,-1.7881821579024408e-09,0.9999999669640708,0.9963859417816251,0.08494109385257688,-0.00025611534861180735
0.14026261103317078,0.9901143336675802,7.881726393915711e-05,-0.0005140558314321031,-6.781479836792668e-06,0.9999998678502982,0.990114203358764,-0.1402626330139826,0.0005080228589377511
0.35773712848916955,0.9338222209063222,0.00045457882445054665,-0.001277016909863149,2.4179212320674104e-06,0.9999991846106505,0.9338214583784931,-0.3577374172989706,0.001193371747101879
0.5569790327213707,0.8305264335630262,0.00044750625317374604,-0.0008127263539311478,6.219468641099901e-06,0.9999996697185414,0.830526156472293,-0.5569792124616488,0.0006784548338210071
0.7280952332390472,0.6854756926635198,-0.000637261363438224,0.0008752624674254748,-1.9418668478765607e-08,0.9999996169577331,0.6854754300849817,-0.7280955121187518,-0.0005999852847607401
0.8625430744823865,0.5059827535308379,-0.0009475187721816323,0.0011020072101635134,-5.949788432921264e-06,0.99999939277217,0.5059824406464922,-0.8625435948947457,-0.0005627285914167889
0.9535987986054734,0.30107995983313357,0.0004348391391346408,-0.0004553133633971309,-2.168253696255285e-06,0.9999998963425146,0.30107992956678364,-0.9535988977458906,0.00013501808504327517
0.9834269774156589,0.18129918730668884,0.001408819731321842,-0.0014335639475068494,5.4450115294576995e-06,0.9999989724318523,0.18129899333837904,-0.9834279865105966,0.00026525874986556806
0.9834273832428078,0.18129840421428634,0.0012126489833900744,-0.0012330945947072877,6.028240590559564e-08,0.9999992397385694,0.18129826630700083,-0.9834281308918053,0.00022361736563438622
0.983427958820685,0.18129852713076297,-0.000542097774539091,0.0005512331837115582,-2.385639878352275e-09,0.9999998480709772,0.1812984995849616,-0.9834281082317183,-9.994011041746315e-05
0.9834270937012971,0.18129852869086738,-0.0014123982253646389,0.0014361987738493037,-9.615982315969163e-11,0.9999989686660092,0.18129834171139647,-0.9834281079441073,-0.00026038081917268037
0.9834281073253416,0.18129852877842878,-3.4427803840789146e-05,3.5007941183495817e-05,5.780653039577645e-11,0.9999999993872222,0.18129852866733498,-0.9834281079279652,-6.346831383565248e-06
0.9834271090425957,0.18129852851082212,0.001401698945398905,-0.001425319176717066,-2.303545722226464e-11,0.9999989842321065,0.18129834435363,-0.9834281079772994,0.0002584082467433653
0.9999979419617494,0.0014902239811269353,0.001376700676129758,-0.0013766972804738864,-3.3044134514922704e-06,0.9999990523463904,0.0014902271180990332,-0.999998889610167,-1.252819348768571e-06
0.9878865923430655,-0.15517144907799654,0.0013791518555704848,-0.0013951089618822051,6.064743916103269e-06,0.9999990268166282,-0.15517130643192537,-0.9878875550153742,-0.0002104898000362477
0.9878881980950656,-0.15516677650277055,-0.00042371479076050433,0.0004288928763179628,-1.0660160841904909e-07,0.9999999080254405,-0.15516676227654327,-0.987888288962739,6.644461461240495e-05
0.987887423975267,-0.15516656466209555,-0.0013322021150039831,0.0013485343011103853,-5.32848451039597e-09,0.9999990907272059,-0.1551664235804584,-0.9878883222363567,0.00020924217088946068
0.9878883204290979,-0.15516656051183625,-6.97043954937804e-05,7.0558889072897e-05,-5.987289735179259e-10,0.9999999975107217,-0.1551665601256252,-0.9878883228882336,1.0947788653617107e-05
0.9878874590566074,-0.1551665631842277,0.0013061042359541614,-0.0013221171034144554,1.2151801370707815e-09,0.9999991260028005,-0.1551664275706732,-0.9878883224684838,-0.00020514716660269012
0.987888166439524,-0.15516656443766014,0.0005548777962121055,-0.0005616808904235909,-1.2649665490430118e-09,0.9999998422572763,-0.15516653996056173,-0.9878883222716085,-8.715534372279959e-05
0.9878877105117949,-0.1551665599236187,-0.001100046014677836,0.0011135328809421395,7.4539212042285e-10,0.9999993800220695,-0.155166463722956,-0.9878883229806243,0.0001727838028613418
0.9878878519895381,-0.15516656565153017,-0.0009637403209428604,0.000975555957981711,1.1267754784771713e-10,0.9999995241451733,-0.15516649181466238,-0.9878883220809473,0.00015137377891369204
0.9749596947525435,-0.22237785861699172,-0.00129676711423142,0.0013032659600140661,-0.00011752168853881165,0.9999991438428786,-0.22237782062486539,-0.9749605500662957,0.00017523858381174141
0.9007820101444123,-0.43427148351113365,0.00022092811311630323,-0.00024741331317940096,-4.461161516589041e-06,0.9999999693833748,-0.4342714692296104,-0.9007820372260635,-0.00011146308059331589
0.7812791823591821,-0.6241809218215476,0.001007991156186383,-0.0012866296683132772,4.443177447299718e-06,0.9999991722818349,-0.624180409654344,-0.7812798325915378,-0.0007996183303676657
0.6225082508361284,-0.782613219407628,0.00016263262920618304,-0.0002552549440459906,4.771597358899094e-06,0.9999999674110721,-0.7826131946791195,-0.6225082720620347,-0.0001967955348039785
0.4324640910190077,-0.901651017685867,-0.0005022799460469018,0.0011560910002021418,-2.563926399246075e-06,0.9999993317232896,-0.9016504164212995,-0.43246438269465265,0.0010412818207701235
0.2207077561842833,-0.97533997280309,-0.00015431321009456989,0.0006742771075132213,-5.633920192260611e-06,0.9999997726592948,-0.9753397519380009,-0.22070781005829115,0.000656405965819673
0.08768077560606398,-0.9961486021769528,0.0002096903010028739,-0.0022923992553989807,8.724004924409725e-06,0.9999973724113207,-0.996145986537502,-0.08768102591094047,-0.0022828053863790387
0.08768077499052239,-0.9961486161051707,0.0001277842516212435,-0.0014566781369028667,6.168566757391858e-08,0.999998939043838,-0.9961475592430404,-0.0876808681055894,-0.0014510625015393128
0.08768102427784409,-0.9961486012187708,4.765998899131098e-05,-0.0005436100837323267,-4.323652380566757e-09,0.9999998522440277,-0.9961484540316594,-0.08768103723089989,-0.0005415168036206898
0.08768098969068366,-0.9961486002659041,-0.0001011688795981569,0.0011538262749941075,-1.8323725869962004e-10,0.9999993343422422,-0.9961479371718789,-0.0876810480564641,0.0011493824127190577
0.08768098876658592,-0.9961486009030729,-9.553933349731872e-05,0.0010896403260722276,1.4700721751026435e-09,0.9999994063418038,-0.9961480095311508,-0.08768104081755884,0.0010854438152018144
0.08768101798451224,-0.9961486007492557,6.56543964975831e-05,-0.0007488107324857831,-2.1173662823059662e-09,0.9999997196412043,-0.9961483214700946,-0.08768104256508448,-0.0007459269490446287
0.08768096503442119,-0.9961486003545854,0.00011992594832349601,-0.0013677317630160224,1.8022028869246753e-09,0.9999990646544749,-0.9961476686116659,-0.08768104704895163,-0.0013624639233700275
0.08768103582777614,-0.9961486011186347,-2.1108193861973937e-05,0.00024073076455966014,-6.730503376850551e-10,0.9999999710243492,-0.9961485722545946,-0.08768103836855275,0.00023980355534852787
0.08768095420157086,-0.9961486003318505,-0.00012777792178664263,0.0014572951453435958,-7.601356211139889e-10,0.999998938144866,-0.9961475425664421,-0.08768104730724464,0.0014516824526549235
0.08768103818781814,-0.9961486007852498,-2.637983288317214e-05,0.00030088235565056687,1.8527625544884074e-09,0.9999999547349031,-0.9961485556944378,-0.08768104215615369,0.00029972370003455984
0.08768096326447478,-0.9961486008709244,0.00011689274562770577,-0.0013331826371139055,-2.1041870468252455e-09,0.9999991113116331,-0.9961477156050051,-0.08768104118280151,-0.0013280482031634564
0.08768101846047117,-0.9961486002846665,7.17818552413707e-05,-0.0008186542484014405,1.3983061375455467e-09,0.9999996649025547,-0.9961482664779157,-0.08768104784330656,-0.0008155011610572194
0.08768099208985684,-0.9961486011052603,-9.02339831714838e-05,0.0010291155403912016,-6.407935293495372e-11,0.9999994704604622,-0.9961480736051962,-0.0876810385204992,0.0010251520003177752
0.08768098302709426,-0.9961486004221711,-0.00010532023729636908,0.0012011597156938447,-1.3016878686045177e-09,0.9999992786074086,-0.9961478818080877,-0.08768104628110913,0.001196533455538551
-0.036838301494007526,-0.9993212393604779,-1.0299282742542994e-05,0.0005743116146469386,-3.147731101071916e-05,0.9999998345876604,-0.9993210743846074,0.03683828948549995,0.0005750813652011245
-0.25883964759993133,-0.9659202742464292,0.0002462316925188613,0.0009526312041034934,-3.5939236564530574e-07,0.999999546246727,-0.9659198358684495,0.2588397647185878,0.000920258818916664
