0.999998 -0.0005976 -0.00163771 0.00452917 0.000593994 0.999997 -0.00220152 0.129 0.00163902 0.00220054 0.999996 0.190522 
131
103
518.135
0.999998 -0.0005976 -0.00163771 0.00452917 0.000593994 0.999997 -0.00220152 0.129 0.00163902 0.00220054 0.999996 0.190522 
97
68
128.305
0.999998 -0.0005976 -0.00163771 0.00452917 0.000593994 0.999997 -0.00220152 0.129 0.00163902 0.00220054 0.999996 0.190522 
107
72
155.413
0.999998 -0.0005976 -0.00163771 0.00452917 0.000593994 0.999997 -0.00220152 0.129 0.00163902 0.00220054 0.999996 0.190522 
104
70
209.798
0.999998 -0.0005976 -0.00163771 0.00452917 0.000593994 0.999997 -0.00220152 0.129 0.00163902 0.00220054 0.999996 0.190522 
102
71
110.046
1 -0.000724309 0.000335369 -0.134238 0.000723825 0.999999 0.00143996 -0.0910092 -0.000336411 -0.00143971 0.999999 0.432912 
100
67
590.983
1 -0.000724309 0.000335369 -0.134238 0.000723825 0.999999 0.00143996 -0.0910092 -0.000336411 -0.00143971 0.999999 0.432912 
101
64
246.475
1 -0.000548337 -2.57228e-06 0.0369243 0.000548337 1 0.000145666 0.00579451 2.4924e-06 -0.000145668 1 0.612305 
100
62
307.87
0.999996 0.00173081 0.00202906 -0.00513245 -0.00173302 0.999998 0.00108988 0.000131063 -0.00202717 -0.00109339 0.999997 0.456099 
122
68
393.901
0.999996 0.00173081 0.00202906 -0.00513245 -0.00173302 0.999998 0.00108988 0.000131063 -0.00202717 -0.00109339 0.999997 0.456099 
115
73
906.064
0.999985 0.00202406 0.00514802 0.0288053 -0.00202269 0.999998 -0.000272175 -0.0294637 -0.00514856 0.000261758 0.999987 0.635768 
111
72
337.697
0.999985 0.00202406 0.00514802 0.0288053 -0.00202269 0.999998 -0.000272175 -0.0294637 -0.00514856 0.000261758 0.999987 0.635768 
106
70
432.758
0.999993 0.00274902 0.00266753 -0.058467 -0.00274378 0.999994 -0.00196501 0.0222622 -0.00267292 0.00195767 0.999995 0.619251 
121
69
407.298
0.999993 0.00274902 0.00266753 -0.058467 -0.00274378 0.999994 -0.00196501 0.0222622 -0.00267292 0.00195767 0.999995 0.619251 
101
77
366.14
0.999999 -0.000605808 -0.0010192 0.05526 0.000606226 1 0.000409764 -0.0433821 0.00101895 -0.000410382 0.999999 0.387835 
129
68
420.406
0.999999 -0.000605808 -0.0010192 0.05526 0.000606226 1 0.000409764 -0.0433821 0.00101895 -0.000410382 0.999999 0.387835 
119
69
393.927
0.999999 -0.000605808 -0.0010192 0.05526 0.000606226 1 0.000409764 -0.0433821 0.00101895 -0.000410382 0.999999 0.387835 
132
71
233.993
0.999998 -0.00118883 -0.00131273 0.00205643 0.00118821 0.999999 -0.000468591 0.00886214 0.00131329 0.000467031 0.999999 0.675349 
131
73
701.937
1 -9.19423e-05 -9.72705e-05 -0.0458472 9.1926e-05 1 -0.000168201 0.0237284 9.7286e-05 0.000168192 1 0.637315 
128
67
1045.85
0.999998 -0.000790179 -0.0015817 0.00585856 0.000790187 1 4.57234e-06 -0.00860415 0.00158169 -5.82217e-06 0.999999 0.692753 
124
88
1263.32
0.999999 -0.000765876 -0.00140952 0.00536502 0.000765931 1 3.83481e-05 -0.0107487 0.00140949 -3.94277e-05 0.999999 0.646687 
102
68
544.371
0.999994 0.00181803 0.00310287 -0.0411189 -0.00181299 0.999997 -0.0016255 -0.00536511 -0.00310581 0.00161987 0.999994 0.71419 
111
70
877.397
0.999994 0.00181803 0.00310287 -0.0411189 -0.00181299 0.999997 -0.0016255 -0.00536511 -0.00310581 0.00161987 0.999994 0.71419 
120
71
559.595
0.999999 0.000738386 0.00135855 -0.0555102 -0.000739171 1 0.000577432 0.0236078 -0.00135812 -0.000578436 0.999999 0.725024 
132
66
896.765
0.999999 0.000738386 0.00135855 -0.0555102 -0.000739171 1 0.000577432 0.0236078 -0.00135812 -0.000578436 0.999999 0.725024 
101
74
187.206
0.999999 0.000738386 0.00135855 -0.0555102 -0.000739171 1 0.000577432 0.0236078 -0.00135812 -0.000578436 0.999999 0.725024 
111
80
456.233
0.999999 0.000738386 0.00135855 -0.0555102 -0.000739171 1 0.000577432 0.0236078 -0.00135812 -0.000578436 0.999999 0.725024 
95
70
183.693
0.999999 0.000738386 0.00135855 -0.0555102 -0.000739171 1 0.000577432 0.0236078 -0.00135812 -0.000578436 0.999999 0.725024 
95
70
154.953
0.999999 0.000738386 0.00135855 -0.0555102 -0.000739171 1 0.000577432 0.0236078 -0.00135812 -0.000578436 0.999999 0.725024 
114
84
435.192
0.999999 0.000738386 0.00135855 -0.0555102 -0.000739171 1 0.000577432 0.0236078 -0.00135812 -0.000578436 0.999999 0.725024 
97
72
160.243
0.999999 0.000738386 0.00135855 -0.0555102 -0.000739171 1 0.000577432 0.0236078 -0.00135812 -0.000578436 0.999999 0.725024 
114
80
323.353
0.999999 0.000738386 0.00135855 -0.0555102 -0.000739171 1 0.000577432 0.0236078 -0.00135812 -0.000578436 0.999999 0.725024 
98
69
192.753
0.999999 0.000738386 0.00135855 -0.0555102 -0.000739171 1 0.000577432 0.0236078 -0.00135812 -0.000578436 0.999999 0.725024 
96
77
253.139
0.999999 0.000738386 0.00135855 -0.0555102 -0.000739171 1 0.000577432 0.0236078 -0.00135812 -0.000578436 0.999999 0.725024 
99
72
289.716
0.999999 0.000738386 0.00135855 -0.0555102 -0.000739171 1 0.000577432 0.0236078 -0.00135812 -0.000578436 0.999999 0.725024 
99
73
250.227
0.999999 0.000738386 0.00135855 -0.0555102 -0.000739171 1 0.000577432 0.0236078 -0.00135812 -0.000578436 0.999999 0.725024 
96
73
124.834
0.999999 0.000738386 0.00135855 -0.0555102 -0.000739171 1 0.000577432 0.0236078 -0.00135812 -0.000578436 0.999999 0.725024 
98
71
99.4127
0.999999 0.000738386 0.00135855 -0.0555102 -0.000739171 1 0.000577432 0.0236078 -0.00135812 -0.000578436 0.999999 0.725024 
121
71
303.558
0.999999 0.000738386 0.00135855 -0.0555102 -0.000739171 1 0.000577432 0.0236078 -0.00135812 -0.000578436 0.999999 0.725024 
104
74
78.4519
0.999999 0.000738386 0.00135855 -0.0555102 -0.000739171 1 0.000577432 0.0236078 -0.00135812 -0.000578436 0.999999 0.725024 
102
77
130.163
0.999999 0.000738386 0.00135855 -0.0555102 -0.000739171 1 0.000577432 0.0236078 -0.00135812 -0.000578436 0.999999 0.725024 
115
70
483.833
0.999999 0.000738386 0.00135855 -0.0555102 -0.000739171 1 0.000577432 0.0236078 -0.00135812 -0.000578436 0.999999 0.725024 
100
65
170.378
0.999999 0.000738386 0.00135855 -0.0555102 -0.000739171 1 0.000577432 0.0236078 -0.00135812 -0.000578436 0.999999 0.725024 
110
65
257.15
0.999999 0.000738386 0.00135855 -0.0555102 -0.000739171 1 0.000577432 0.0236078 -0.00135812 -0.000578436 0.999999 0.725024 
91
68
108.256
0.999999 0.000738386 0.00135855 -0.0555102 -0.000739171 1 0.000577432 0.0236078 -0.00135812 -0.000578436 0.999999 0.725024 
93
70
200.137
0.999997 -0.000113489 0.00239078 0.000235822 0.000109952 0.999999 0.00147948 -0.0284621 -0.00239095 -0.00147921 0.999996 0.585197 
114
68
453.521
0.999997 -0.000113489 0.00239078 0.000235822 0.000109952 0.999999 0.00147948 -0.0284621 -0.00239095 -0.00147921 0.999996 0.585197 
113
69
329.117
0.999997 -0.000113489 0.00239078 0.000235822 0.000109952 0.999999 0.00147948 -0.0284621 -0.00239095 -0.00147921 0.999996 0.585197 
102
68
205.032
0.999997 -0.000113489 0.00239078 0.000235822 0.000109952 0.999999 0.00147948 -0.0284621 -0.00239095 -0.00147921 0.999996 0.585197 
96
60
158.345
0.999997 -0.000113489 0.00239078 0.000235822 0.000109952 0.999999 0.00147948 -0.0284621 -0.00239095 -0.00147921 0.999996 0.585197 
101
76
214.529
0.999997 -0.000113489 0.00239078 0.000235822 0.000109952 0.999999 0.00147948 -0.0284621 -0.00239095 -0.00147921 0.999996 0.585197 
99
71
89.3192
1 -0.000805031 1.73664e-05 -0.00627841 0.000805028 1 0.000140204 -0.0115266 -1.74792e-05 -0.00014019 1 0.659218 
111
73
331.571
1 -0.000805031 1.73664e-05 -0.00627841 0.000805028 1 0.000140204 -0.0115266 -1.74792e-05 -0.00014019 1 0.659218 
102
71
191.587
1 -0.000805031 1.73664e-05 -0.00627841 0.000805028 1 0.000140204 -0.0115266 -1.74792e-05 -0.00014019 1 0.659218 
107
69
260.195
1 -0.000805031 1.73664e-05 -0.00627841 0.000805028 1 0.000140204 -0.0115266 -1.74792e-05 -0.00014019 1 0.659218 
93
73
151.805
1 -0.000805031 1.73664e-05 -0.00627841 0.000805028 1 0.000140204 -0.0115266 -1.74792e-05 -0.00014019 1 0.659218 
112
69
389.989
1 -0.000805031 1.73664e-05 -0.00627841 0.000805028 1 0.000140204 -0.0115266 -1.74792e-05 -0.00014019 1 0.659218 
101
67
160.521
1 -0.000805031 1.73664e-05 -0.00627841 0.000805028 1 0.000140204 -0.0115266 -1.74792e-05 -0.00014019 1 0.659218 
100
69
181.311
1 -0.000805031 1.73664e-05 -0.00627841 0.000805028 1 0.000140204 -0.0115266 -1.74792e-05 -0.00014019 1 0.659218 
104
66
357.96
0.981831 -0.00275943 -0.189739 -0.0323584 0.00123396 0.999966 -0.00815753 -0.00713202 0.189755 0.00777519 0.981801 0.273248 
123
89
1800.13
0.981831 -0.00275943 -0.189739 -0.0323584 0.00123396 0.999966 -0.00815753 -0.00713202 0.189755 0.00777519 0.981801 0.273248 
121
78
388.99
0.981831 -0.00275943 -0.189739 -0.0323584 0.00123396 0.999966 -0.00815753 -0.00713202 0.189755 0.00777519 0.981801 0.273248 
110
71
149.87
0.981831 -0.00275943 -0.189739 -0.0323584 0.00123396 0.999966 -0.00815753 -0.00713202 0.189755 0.00777519 0.981801 0.273248 
102
72
120.139
0.981831 -0.00275943 -0.189739 -0.0323584 0.00123396 0.999966 -0.00815753 -0.00713202 0.189755 0.00777519 0.981801 0.273248 
109
76
294.821
0.981831 -0.00275943 -0.189739 -0.0323584 0.00123396 0.999966 -0.00815753 -0.00713202 0.189755 0.00777519 0.981801 0.273248 
105
74
181.608
0.981831 -0.00275943 -0.189739 -0.0323584 0.00123396 0.999966 -0.00815753 -0.00713202 0.189755 0.00777519 0.981801 0.273248 
100
76
128.303
0.981831 -0.00275943 -0.189739 -0.0323584 0.00123396 0.999966 -0.00815753 -0.00713202 0.189755 0.00777519 0.981801 0.273248 
108
76
51.5851
0.981831 -0.00275943 -0.189739 -0.0323584 0.00123396 0.999966 -0.00815753 -0.00713202 0.189755 0.00777519 0.981801 0.273248 
96
72
134.226
0.981831 -0.00275943 -0.189739 -0.0323584 0.00123396 0.999966 -0.00815753 -0.00713202 0.189755 0.00777519 0.981801 0.273248 
114
77
333.935
0.981831 -0.00275943 -0.189739 -0.0323584 0.00123396 0.999966 -0.00815753 -0.00713202 0.189755 0.00777519 0.981801 0.273248 
102
70
202.317
0.981831 -0.00275943 -0.189739 -0.0323584 0.00123396 0.999966 -0.00815753 -0.00713202 0.189755 0.00777519 0.981801 0.273248 
98
75
127.807
0.981831 -0.00275943 -0.189739 -0.0323584 0.00123396 0.999966 -0.00815753 -0.00713202 0.189755 0.00777519 0.981801 0.273248 
103
75
270.232
0.981831 -0.00275943 -0.189739 -0.0323584 0.00123396 0.999966 -0.00815753 -0.00713202 0.189755 0.00777519 0.981801 0.273248 
95
71
176.766
0.981831 -0.00275943 -0.189739 -0.0323584 0.00123396 0.999966 -0.00815753 -0.00713202 0.189755 0.00777519 0.981801 0.273248 
108
79
402.95
0.981831 -0.00275943 -0.189739 -0.0323584 0.00123396 0.999966 -0.00815753 -0.00713202 0.189755 0.00777519 0.981801 0.273248 
101
71
86.679
0.981831 -0.00275943 -0.189739 -0.0323584 0.00123396 0.999966 -0.00815753 -0.00713202 0.189755 0.00777519 0.981801 0.273248 
117
79
330.68
0.981831 -0.00275943 -0.189739 -0.0323584 0.00123396 0.999966 -0.00815753 -0.00713202 0.189755 0.00777519 0.981801 0.273248 
114
82
425.004
0.981831 -0.00275943 -0.189739 -0.0323584 0.00123396 0.999966 -0.00815753 -0.00713202 0.189755 0.00777519 0.981801 0.273248 
102
77
272.995
0.981831 -0.00275943 -0.189739 -0.0323584 0.00123396 0.999966 -0.00815753 -0.00713202 0.189755 0.00777519 0.981801 0.273248 
110
77
387.243
0.981831 -0.00275943 -0.189739 -0.0323584 0.00123396 0.999966 -0.00815753 -0.00713202 0.189755 0.00777519 0.981801 0.273248 
119
84
295.759
0.981831 -0.00275943 -0.189739 -0.0323584 0.00123396 0.999966 -0.00815753 -0.00713202 0.189755 0.00777519 0.981801 0.273248 
107
73
280.57
0.981831 -0.00275943 -0.189739 -0.0323584 0.00123396 0.999966 -0.00815753 -0.00713202 0.189755 0.00777519 0.981801 0.273248 
98
76
159.079
0.981831 -0.00275943 -0.189739 -0.0323584 0.00123396 0.999966 -0.00815753 -0.00713202 0.189755 0.00777519 0.981801 0.273248 
101
74
171.221
0.981831 -0.00275943 -0.189739 -0.0323584 0.00123396 0.999966 -0.00815753 -0.00713202 0.189755 0.00777519 0.981801 0.273248 
126
79
408.253
0.981831 -0.00275943 -0.189739 -0.0323584 0.00123396 0.999966 -0.00815753 -0.00713202 0.189755 0.00777519 0.981801 0.273248 
121
85
592.905
0.981831 -0.00275943 -0.189739 -0.0323584 0.00123396 0.999966 -0.00815753 -0.00713202 0.189755 0.00777519 0.981801 0.273248 
110
69
127.356
0.981831 -0.00275943 -0.189739 -0.0323584 0.00123396 0.999966 -0.00815753 -0.00713202 0.189755 0.00777519 0.981801 0.273248 
102
77
146.793
0.981831 -0.00275943 -0.189739 -0.0323584 0.00123396 0.999966 -0.00815753 -0.00713202 0.189755 0.00777519 0.981801 0.273248 
93
75
79.9842
0.981831 -0.00275943 -0.189739 -0.0323584 0.00123396 0.999966 -0.00815753 -0.00713202 0.189755 0.00777519 0.981801 0.273248 
117
78
299.268
0.981831 -0.00275943 -0.189739 -0.0323584 0.00123396 0.999966 -0.00815753 -0.00713202 0.189755 0.00777519 0.981801 0.273248 
112
87
541.333
0.981831 -0.00275943 -0.189739 -0.0323584 0.00123396 0.999966 -0.00815753 -0.00713202 0.189755 0.00777519 0.981801 0.273248 
113
72
384.887
0.981831 -0.00275943 -0.189739 -0.0323584 0.00123396 0.999966 -0.00815753 -0.00713202 0.189755 0.00777519 0.981801 0.273248 
106
81
261.424
0.981831 -0.00275943 -0.189739 -0.0323584 0.00123396 0.999966 -0.00815753 -0.00713202 0.189755 0.00777519 0.981801 0.273248 
126
77
470.975
0.999975 0.00327797 0.00625777 0.0441974 -0.003283 0.999994 0.00079285 -0.0414175 -0.00625514 -0.000813374 0.99998 0.445021 
115
77
365.061
0.999975 0.00327797 0.00625777 0.0441974 -0.003283 0.999994 0.00079285 -0.0414175 -0.00625514 -0.000813374 0.99998 0.445021 
117
85
245.327
0.999975 0.00327797 0.00625777 0.0441974 -0.003283 0.999994 0.00079285 -0.0414175 -0.00625514 -0.000813374 0.99998 0.445021 
101
81
181.819
0.999975 0.00327797 0.00625777 0.0441974 -0.003283 0.999994 0.00079285 -0.0414175 -0.00625514 -0.000813374 0.99998 0.445021 
127
81
316.662
0.999979 0.00270111 0.00595321 -0.0174201 -0.00269927 0.999996 -0.000316634 0.0002312 -0.00595404 0.000300558 0.999982 0.595334 
128
88
729.132
0.999979 0.00270111 0.00595321 -0.0174201 -0.00269927 0.999996 -0.000316634 0.0002312 -0.00595404 0.000300558 0.999982 0.595334 
99
71
157.622
0.999979 0.00270111 0.00595321 -0.0174201 -0.00269927 0.999996 -0.000316634 0.0002312 -0.00595404 0.000300558 0.999982 0.595334 
103
73
180.146
0.999979 0.00270111 0.00595321 -0.0174201 -0.00269927 0.999996 -0.000316634 0.0002312 -0.00595404 0.000300558 0.999982 0.595334 
95
77
140.31
0.999979 0.00270111 0.00595321 -0.0174201 -0.00269927 0.999996 -0.000316634 0.0002312 -0.00595404 0.000300558 0.999982 0.595334 
94
81
134.198
0.999979 0.00270111 0.00595321 -0.0174201 -0.00269927 0.999996 -0.000316634 0.0002312 -0.00595404 0.000300558 0.999982 0.595334 
94
75
167.099
0.999979 0.00270111 0.00595321 -0.0174201 -0.00269927 0.999996 -0.000316634 0.0002312 -0.00595404 0.000300558 0.999982 0.595334 
108
79
198.086
0.999979 0.00270111 0.00595321 -0.0174201 -0.00269927 0.999996 -0.000316634 0.0002312 -0.00595404 0.000300558 0.999982 0.595334 
99
69
66.7127
0.999988 -0.00165245 -0.00460554 -0.603055 0.00166077 0.999997 0.00180176 0.225404 0.00460255 -0.00180938 0.999988 0.889754 
120
71
1147.58
0.999988 -0.00165245 -0.00460554 -0.603055 0.00166077 0.999997 0.00180176 0.225404 0.00460255 -0.00180938 0.999988 0.889754 
107
71
266.465
0.999988 -0.00165245 -0.00460554 -0.603055 0.00166077 0.999997 0.00180176 0.225404 0.00460255 -0.00180938 0.999988 0.889754 
101
72
185.98
0.999988 -0.00165245 -0.00460554 -0.603055 0.00166077 0.999997 0.00180176 0.225404 0.00460255 -0.00180938 0.999988 0.889754 
102
72
183.491
0.999988 -0.00165245 -0.00460554 -0.603055 0.00166077 0.999997 0.00180176 0.225404 0.00460255 -0.00180938 0.999988 0.889754 
115
82
339.982
0.999988 -0.00165245 -0.00460554 -0.603055 0.00166077 0.999997 0.00180176 0.225404 0.00460255 -0.00180938 0.999988 0.889754 
100
79
266.061
0.999988 -0.00165245 -0.00460554 -0.603055 0.00166077 0.999997 0.00180176 0.225404 0.00460255 -0.00180938 0.999988 0.889754 
94
71
127.4
0.999988 -0.00165245 -0.00460554 -0.603055 0.00166077 0.999997 0.00180176 0.225404 0.00460255 -0.00180938 0.999988 0.889754 
100
79
193.636
0.999988 -0.00165245 -0.00460554 -0.603055 0.00166077 0.999997 0.00180176 0.225404 0.00460255 -0.00180938 0.999988 0.889754 
101
81
157.06
