1 0 0 0 0 1 0 0 0 0 1 0 
128
127
3.41421
1 0 0 0 0 1 0 0 0 0 1 0 
128
111
37.7894
1 0 0 0 0 1 0 0 0 0 1 0 
130
127
3
1 0 0 0 0 1 0 0 0 0 1 0 
130
126
26.0828
1 0 0 0 0 1 0 0 0 0 1 0 
128
121
20.6278
1 0 0 0 0 1 0 0 0 0 1 0 
128
121
23.2136
1 0 0 0 0 1 0 0 0 0 1 0 
130
121
40.8958
1 0 0 0 0 1 0 0 0 0 1 0 
130
130
2
0.999998 0.000463851 0.00198095 -0.0228577 -0.000461818 0.999999 -0.00102624 -0.0139045 -0.00198143 0.00102532 0.999998 0.438586 
116
69
471.091
1 0.000568094 -4.71503e-05 -0.0019535 -0.00056812 1 -0.000542741 -0.00325188 4.6842e-05 0.000542767 1 0.477984 
117
75
702.236
1 0.000162246 0.0005178 0.00215973 -0.000162467 1 0.000427344 0.000219291 -0.000517731 -0.000427428 1 0.484904 
111
81
536.952
0.999981 -0.00210079 -0.00581603 -0.149829 0.00214774 0.999965 0.00807943 -0.0796327 0.00579885 -0.00809176 0.99995 0.454418 
130
55
559.539
0.999996 -0.00036946 0.00278293 -0.000811141 0.00036881 1 0.000234271 -0.000472959 -0.00278302 -0.000233243 0.999996 0.48961 
116
77
495.08
1 -9.3229e-05 0.000418832 -0.00557267 9.3205e-05 1 5.73908e-05 -0.00383555 -0.000418838 -5.73517e-05 1 0.496384 
132
84
1219.16
1 0.000334371 0.000843149 -0.0103039 -0.000333523 0.999999 -0.00100555 0.00214549 -0.000843485 0.00100527 0.999999 0.470377 
130
68
757.436
0.999993 -0.000694451 -0.00356236 -0.00154989 0.000695997 1 0.000432638 -0.0018954 0.00356206 -0.000435115 0.999994 0.480424 
122
60
347.676
0.999995 0.00204784 0.00237128 -0.0116371 -0.00204855 0.999998 0.000296553 -0.0119978 -0.00237066 -0.000301409 0.999997 0.476125 
114
60
501.009
1 -0.000202076 0.000118796 -0.00287398 0.000202133 1 -0.000482285 -0.00453032 -0.000118698 0.000482309 1 0.493923 
127
86
905.871
0.999994 -3.66357e-05 -0.0034857 -0.000252775 1.44602e-07 0.999945 -0.0104682 0.00889113 0.0034859 0.0104682 0.999939 0.482394 
128
76
974.584
0.999986 -0.00300501 -0.00442383 0.00611524 0.00300472 0.999995 -7.39751e-05 0.00469398 0.00442403 6.06817e-05 0.99999 0.512479 
133
75
556.501
1 -0.000501897 -0.000220291 0.0060329 0.000502035 1 0.000626742 -0.00168151 0.000219977 -0.000626853 1 0.484231 
122
52
721.058
1 -0.000501897 -0.000220291 0.0060329 0.000502035 1 0.000626742 -0.00168151 0.000219977 -0.000626853 1 0.484231 
114
74
182.264
1 0.000181197 0.000205026 -0.00637323 -0.000180732 0.999997 -0.00226621 0.0105421 -0.000205436 0.00226617 0.999997 0.484025 
123
69
616.628
0.999987 -0.00167645 -0.00482695 0.00151782 0.00167745 0.999999 0.000203076 -0.00193334 0.0048266 -0.00021117 0.999988 0.511201 
111
83
382.827
0.999998 0.00177682 -0.000366654 -0.0054523 -0.00177657 0.999998 0.000673131 -0.0046076 0.000367849 -0.000672479 1 0.488088 
118
67
516.861
0.999995 -0.000688278 -0.00323756 -0.00323586 0.000682561 0.999998 -0.00176664 0.00255813 0.00323877 0.00176442 0.999993 0.481397 
120
62
598.679
0.999995 -0.000688278 -0.00323756 -0.00323586 0.000682561 0.999998 -0.00176664 0.00255813 0.00323877 0.00176442 0.999993 0.481397 
120
87
557.966
0.999999 -0.000642408 0.000990693 -0.000862631 0.000643429 0.999999 -0.00103005 -0.00951836 -0.00099003 0.00103069 0.999999 0.556015 
121
72
626.043
0.999996 0.000728859 0.00277347 -0.00423139 -0.000728616 1 -8.85649e-05 -0.00059882 -0.00277354 8.65437e-05 0.999996 0.488709 
128
70
605.952
0.99999 0.00229201 0.00395034 -0.0187669 -0.00229764 0.999996 0.00142075 -0.0029104 -0.00394707 -0.00142981 0.999991 0.482024 
126
57
506.485
0.999992 -0.00298136 -0.00279323 0.00137483 0.00297876 0.999995 -0.000936031 0.00241782 0.00279601 0.000927703 0.999996 0.48859 
119
76
590.241
0.999992 -0.00298136 -0.00279323 0.00137483 0.00297876 0.999995 -0.000936031 0.00241782 0.00279601 0.000927703 0.999996 0.48859 
116
76
395.855
0.999997 -0.000423022 0.00251218 -0.00769291 0.000426954 0.999999 -0.00156468 -0.00511322 -0.00251152 0.00156574 0.999996 0.490898 
123
78
662.388
1 3.78088e-05 -0.00024001 0.00141164 -3.65713e-05 0.999987 0.00515388 -0.00223202 0.000240202 -0.00515387 0.999987 0.493298 
134
69
1067.59
0.999976 -0.00278871 0.0063112 0.00369293 0.00278556 0.999996 0.000509028 0.0102158 -0.0063126 -0.000491436 0.99998 0.493052 
114
60
385.426
0.999999 -0.000254372 -0.00122816 0.00257133 0.000254329 1 -3.52303e-05 -0.00268229 0.00122817 3.49179e-05 0.999999 0.506067 
115
70
332.045
0.989432 -0.00455498 -0.144926 0.017758 0.00438087 0.999989 -0.00152049 0.00708504 0.144931 0.000869519 0.989441 0.0967678 
134
76
1209.43
0.989432 -0.00455498 -0.144926 0.017758 0.00438087 0.999989 -0.00152049 0.00708504 0.144931 0.000869519 0.989441 0.0967678 
134
75
1542.88
0.995815 0.00314606 -0.0913363 -0.0294831 -0.00234306 0.999958 0.00889761 0.00874392 0.0913604 -0.00864637 0.99578 0.327598 
132
72
1106.07
0.999992 -0.00172305 -0.00362051 -2.58405e-07 0.00172004 0.999998 -0.0008332 -0.00260575 0.00362194 0.000826966 0.999993 0.495768 
128
74
635.453
1 -0.000125421 -0.000820319 -0.00231325 0.000126606 0.999999 0.00144492 -0.00423522 0.000820137 -0.00144502 0.999999 0.497653 
117
74
577.771
1 -0.000125421 -0.000820319 -0.00231325 0.000126606 0.999999 0.00144492 -0.00423522 0.000820137 -0.00144502 0.999999 0.497653 
112
68
197.741
1 1.80812e-05 2.42891e-05 -0.00441092 -1.8067e-05 1 -0.000584674 -0.00474203 -2.42997e-05 0.000584674 1 0.487771 
125
90
1028.12
1 1.80812e-05 2.42891e-05 -0.00441092 -1.8067e-05 1 -0.000584674 -0.00474203 -2.42997e-05 0.000584674 1 0.487771 
114
86
443.388
0.999983 0.0023291 0.00537167 -0.0092794 -0.00233062 0.999997 0.000277281 0.00501698 -0.00537101 -0.000289795 0.999986 0.493505 
118
70
677.838
0.999998 -0.000339562 -0.00218189 -0.00919919 0.000341659 0.999999 0.000960902 -0.0108085 0.00218156 -0.000961645 0.999997 0.493431 
126
87
630.544
0.999997 -0.000737162 -0.00213181 -0.00386584 0.000731786 0.999997 -0.00252157 -0.00368372 0.00213366 0.00252001 0.999995 0.495064 
124
92
977.313
1 -5.37957e-05 0.000501249 0.00124821 5.37877e-05 1 1.60226e-05 -0.00083426 -0.00050125 -1.59956e-05 1 0.510327 
111
80
408.704
1 0.000217737 2.31101e-05 -0.000646517 -0.00021773 1 -0.00032077 -0.00200816 -2.318e-05 0.000320765 1 0.478099 
121
81
886.412
0.999976 -0.00173123 -0.00669108 -0.000150697 0.00175068 0.999994 0.00290243 -0.00220841 0.00668601 -0.00291408 0.999973 0.486807 
125
67
437.697
0.999995 -0.000957548 -0.00294977 -0.000125229 0.000956711 1 -0.000285288 -0.00512538 0.00295004 0.000282465 0.999996 0.494702 
132
87
960.322
1 -0.000415257 -2.3178e-05 -0.00277931 0.000415226 0.999999 -0.00133356 -0.00560867 2.37318e-05 0.00133355 0.999999 0.493314 
132
83
870.514
0.999999 -0.000275708 -0.00140111 0.00250943 0.00027522 1 -0.000348454 0.00164129 0.00140121 0.000348068 0.999999 0.489174 
129
98
856.43
0.999998 0.00120966 0.00171069 -0.00583482 -0.00120825 0.999999 -0.000825917 0.00523869 -0.00171169 0.000823848 0.999998 0.483111 
126
83
976.233
0.999996 0.000814194 0.00275883 -0.00387443 -0.000812901 1 -0.000469772 -0.000267211 -0.00275921 0.000467527 0.999996 0.495297 
131
63
903.444
0.999997 0.000705257 0.00215179 -0.000411505 -0.000703422 0.999999 -0.000853475 -0.00318338 -0.00215239 0.000851959 0.999997 0.495535 
119
90
612.585
0.999992 0.000835443 0.00398865 -0.000156031 -0.000828403 0.999998 -0.00176639 0.00171641 -0.00399011 0.00176307 0.99999 0.499157 
118
88
773.004
1 -0.000357438 -0.000784361 0.000379624 0.000357519 1 0.000102745 -0.00325165 0.000784324 -0.000103026 1 0.479819 
123
71
578.436
0.999997 0.00133661 0.00210003 -0.00781648 -0.00133819 0.999999 0.00074984 0.00529542 -0.00209902 -0.000752647 0.999998 0.498531 
110
76
357.05
0.999997 0.00133661 0.00210003 -0.00781648 -0.00133819 0.999999 0.00074984 0.00529542 -0.00209902 -0.000752647 0.999998 0.498531 
118
87
533.999
1 -3.13337e-05 0.000776633 -0.00333779 3.10989e-05 1 0.000302287 -0.00710629 -0.000776642 -0.000302262 1 0.483256 
123
76
701.959
0.999998 -0.000299243 -0.00207446 -0.000564871 0.000299547 1 0.000146332 -0.000805369 0.00207441 -0.000146953 0.999998 0.492953 
133
97
785.341
0.99979 0.00589635 0.019643 -0.102321 -0.00578624 0.999967 -0.0056575 0.0392594 -0.0196758 0.00554265 0.999791 0.475058 
126
55
288.109
0.999997 0.00122884 0.00206635 -0.00418516 -0.00122807 0.999999 -0.0003735 0.00355468 -0.00206681 0.000370961 0.999998 0.489226 
126
81
750.25
1 -0.000246048 0.000144604 0.00543972 0.000246165 1 -0.000805615 -0.0143982 -0.000144406 0.00080565 1 0.484606 
127
77
830.243
0.999994 -0.00111205 -0.00333159 -0.00113819 0.00111432 0.999999 0.000678246 0.00012153 0.00333083 -0.000681954 0.999994 0.486881 
117
78
556.245
0.999999 0.000163642 0.00144208 -0.000240042 -0.000163275 1 -0.000254873 -0.00178926 -0.00144212 0.000254637 0.999999 0.486362 
122
84
666.405
1 7.61977e-05 -0.000910135 0.000405935 -7.60548e-05 1 0.00015706 0.00146093 0.000910147 -0.000156991 1 0.473735 
126
70
807.394
1 2.50787e-05 -0.000435012 -0.00108847 -2.51263e-05 1 -0.000109486 -0.00789617 0.00043501 0.000109496 1 0.48175 
130
94
1014.58
0.999982 0.00255363 0.00546724 -0.00643035 -0.00251672 0.999974 -0.00674738 0.00037003 -0.00548433 0.00673349 0.999962 0.49125 
126
75
917.702
1 -0.000203077 -0.000382433 0.00656403 0.000203114 1 9.57167e-05 -0.00352953 0.000382413 -9.57944e-05 1 0.472864 
128
74
651.831
0.999996 0.000568155 0.00282447 -0.00251479 -0.000569057 1 0.000318588 0.00254455 -0.00282428 -0.000320194 0.999996 0.495432 
125
77
491.778
1 0.000283864 -0.000144566 -0.00123552 -0.000283728 1 0.000942047 -0.0035843 0.000144834 -0.000942006 1 0.492648 
130
79
640.231
0.999998 0.000398973 0.00176689 -0.0127701 -0.000397336 0.999999 -0.000927014 -0.0224629 -0.00176726 0.00092631 0.999998 0.48935 
125
83
788.814
0.999998 0.000398973 0.00176689 -0.0127701 -0.000397336 0.999999 -0.000927014 -0.0224629 -0.00176726 0.00092631 0.999998 0.48935 
126
89
449.774
0.999998 0.000398973 0.00176689 -0.0127701 -0.000397336 0.999999 -0.000927014 -0.0224629 -0.00176726 0.00092631 0.999998 0.48935 
117
85
465.512
0.999996 -0.000600728 -0.00276742 0.00222682 0.000599836 1 -0.000323214 -0.000432617 0.00276761 0.000321553 0.999996 0.472459 
127
76
734.927
1 6.43103e-05 -0.000246225 0.000685085 -6.45718e-05 0.999999 -0.0010623 -0.00185547 0.000246156 0.00106232 0.999999 0.486394 
129
95
844.216
0.999999 0.000651542 0.00139858 -0.00506406 -0.000650117 0.999999 -0.0010189 -0.000584334 -0.00139925 0.00101799 0.999999 0.491881 
137
81
1089.71
0.999999 -0.00053718 -0.000844286 -0.0018055 0.000536851 1 -0.000390124 -0.00446187 0.000844495 0.00038967 1 0.489628 
121
88
780.578
0.999996 0.000607277 0.00260886 -0.000671305 -0.00061021 0.999999 0.00112347 -0.000967219 -0.00260817 -0.00112506 0.999996 0.488145 
129
80
955.808
1 0.000420476 0.000827095 0.000495193 -0.000419628 0.999999 -0.00102434 -0.00079567 -0.000827525 0.00102399 0.999999 0.489828 
132
85
1016.73
0.999997 0.000629543 0.00226245 -0.00673265 -0.00062798 1 -0.000691601 -0.00325216 -0.00226289 0.000690178 0.999997 0.499844 
125
82
851.034
1 -0.000275816 -0.000174029 -0.00139855 0.000275609 0.999999 -0.00119184 -0.00140195 0.000174358 0.00119179 0.999999 0.494767 
121
85
556.65
0.999994 -0.000796488 -0.00341466 -0.0038004 0.000796384 1 -3.18466e-05 -0.00315028 0.00341468 2.9127e-05 0.999994 0.48386 
133
89
772.605
0.999988 0.00183674 0.00444667 -0.00903621 -0.00183799 0.999998 0.000278332 0.00334015 -0.00444616 -0.000286502 0.99999 0.479946 
122
76
631.694
1 5.91778e-05 0.000862417 -0.00667298 -5.92427e-05 1 7.51845e-05 0.000617044 -0.000862413 -7.52356e-05 1 0.447547 
134
75
404.89
1 -0.00020424 7.78214e-05 -0.00418782 0.00020433 0.999999 -0.0011673 -0.010698 -7.75829e-05 0.00116732 0.999999 0.507816 
132
89
885.785
1 -4.61688e-05 -0.000504321 -0.00412751 4.6246e-05 1 0.000153005 -0.00357288 0.000504314 -0.000153028 1 0.489013 
125
83
695.999
0.999988 0.000887106 0.00490267 0.0033387 -0.000889313 1 0.000448044 0.00421234 -0.00490227 -0.000452398 0.999988 0.487602 
132
77
918.019
0.999997 0.00108789 0.00220814 -0.00387214 -0.00108751 0.999999 -0.00017345 -0.00269445 -0.00220833 0.000171048 0.999998 0.483736 
130
75
1016.35
1 0.000211338 0.000531111 -0.00397874 -0.000211575 1 0.000445976 -0.0015654 -0.000531016 -0.000446088 1 0.496774 
120
83
585.763
0.999967 -0.0026114 -0.00765033 0.00455283 0.00259675 0.999995 -0.00192423 0.00399318 0.00765532 0.0019043 0.999969 0.498069 
132
73
553.544
1 -0.000410846 -0.000888348 -0.00684561 0.000410242 1 -0.00067979 0.00018502 0.000888627 0.000679425 0.999999 0.491069 
131
94
957.892
0.999999 -0.000297385 -0.00133929 -0.000130669 0.000298055 1 0.000499959 -0.00178391 0.00133914 -0.000500358 0.999999 0.511024 
112
68
264.777
1 -0.000170502 -0.00060752 -0.00842282 0.000170305 1 -0.000324135 0.00145054 0.000607575 0.000324031 1 0.50887 
131
76
771.192
0.999988 0.000912129 0.0047929 0.000519925 -0.000906882 0.999999 -0.00109682 -0.00325068 -0.0047939 0.00109246 0.999988 0.496518 
133
85
889.458
0.999989 0.00139205 0.00451551 -0.00600979 -0.00138717 0.999998 -0.00108384 0.00357998 -0.00451701 0.00107756 0.999989 0.488755 
118
76
589.288
0.999999 -0.000718757 -0.00086273 0.0112264 0.000719348 1 0.000685233 -0.000215503 0.000862237 -0.000685853 0.999999 0.490539 
133
83
765.004
1 -0.000225222 -0.000758639 -0.00666619 0.000225808 1 0.000771702 0.000552456 0.000758465 -0.000771873 0.999999 0.476915 
140
78
837.628
1 -0.000474333 -0.000251125 -0.00595782 0.000474262 1 -0.000281264 0.00162817 0.000251258 0.000281145 1 0.423929 
139
75
452.935
0.999954 -0.00345662 -0.00892677 0.00969124 0.00345608 0.999994 -7.56747e-05 -0.00609595 0.00892697 4.48196e-05 0.99996 0.521775 
133
85
537.107
1 2.51268e-05 0.000905917 -0.00222384 -2.55096e-05 1 0.000422623 0.00230893 -0.000905906 -0.000422646 1 0.481966 
121
86
532.115
1 -0.00036963 5.68273e-05 -0.00061678 0.000369187 0.999971 0.00760838 0.0022986 -5.96379e-05 -0.00760836 0.999971 0.492641 
134
62
687.86
1 0.000583661 0.000421562 0.00216814 -0.000583235 0.999999 -0.00101063 0.00166935 -0.000422152 0.00101038 0.999999 0.488503 
131
83
568.981
0.999995 -0.000881948 -0.00296313 -0.00379522 0.000882253 1 0.000101553 -0.000655947 0.00296304 -0.000104167 0.999996 0.501872 
130
85
764.937
0.999982 -0.00179112 -0.00576172 0.00554747 0.00178746 0.999998 -0.000640195 -0.00479479 0.00576286 0.000629884 0.999983 0.495848 
139
94
874.879
0.999982 -0.00179112 -0.00576172 0.00554747 0.00178746 0.999998 -0.000640195 -0.00479479 0.00576286 0.000629884 0.999983 0.495848 
125
74
441.209
0.999967 -0.00302131 -0.00752028 0.00330305 0.00301232 0.999995 -0.00120559 0.0065282 0.00752388 0.0011829 0.999971 0.489994 
144
74
1253.92
0.999994 0.000848192 0.00329769 -0.00554628 -0.000846703 1 -0.000452929 -0.00556287 -0.00329807 0.000450134 0.999994 0.497266 
144
88
884.555
0.999994 0.000848192 0.00329769 -0.00554628 -0.000846703 1 -0.000452929 -0.00556287 -0.00329807 0.000450134 0.999994 0.497266 
123
64
358.145
0.999994 0.000848192 0.00329769 -0.00554628 -0.000846703 1 -0.000452929 -0.00556287 -0.00329807 0.000450134 0.999994 0.497266 
137
85
297.957
0.999996 -0.000720389 -0.00277431 -0.00903339 0.000719122 1 -0.000457664 0.00301321 0.00277464 0.000455667 0.999996 0.50742 
139
81
1069.5
0.999999 -0.000434754 -0.00148604 -0.00125243 0.000436155 0.999999 0.000942032 -0.00253232 0.00148563 -0.000942679 0.999998 0.486641 
132
83
516.773
0.999999 -0.000434754 -0.00148604 -0.00125243 0.000436155 0.999999 0.000942032 -0.00253232 0.00148563 -0.000942679 0.999998 0.486641 
121
77
361.126
0.999999 -0.000434754 -0.00148604 -0.00125243 0.000436155 0.999999 0.000942032 -0.00253232 0.00148563 -0.000942679 0.999998 0.486641 
132
80
903.665
0.999997 -0.000910455 -0.00213021 0.00603835 0.000911752 0.999999 0.00060788 0.000654242 0.00212966 -0.00060982 0.999998 0.51272 
132
81
800.585
0.999977 -0.00117484 -0.00674895 0.0038081 0.00117471 0.999999 -2.26563e-05 -0.00396477 0.00674898 1.47277e-05 0.999977 0.490997 
141
81
823.149
0.999977 -0.00117484 -0.00674895 0.0038081 0.00117471 0.999999 -2.26563e-05 -0.00396477 0.00674898 1.47277e-05 0.999977 0.490997 
128
71
931.349
1 -0.000681717 -0.000478431 -0.00386522 0.000681292 0.999999 -0.000887928 -0.00266422 0.000479036 0.000887602 0.999999 0.482615 
132
79
641.672
0.999996 0.00130529 0.00244734 -0.0115224 -0.00130592 0.999999 0.000255427 -0.00692676 -0.00244701 -0.000258622 0.999997 0.494521 
143
91
882.69
0.999997 -0.000562255 -0.00220377 0.0122728 0.000561692 1 -0.000255778 -0.0215887 0.00220391 0.000254539 0.999998 0.48902 
137
71
911.767
1 9.81022e-05 -0.000448165 0.00204223 -9.78626e-05 1 0.000534485 -0.00478495 0.000448218 -0.000534441 1 0.484978 
137
83
639.46
1 9.81022e-05 -0.000448165 0.00204223 -9.78626e-05 1 0.000534485 -0.00478495 0.000448218 -0.000534441 1 0.484978 
132
68
374.718
0.999995 -0.000455111 -0.00305914 -0.00518401 0.000452441 1 -0.000873358 -0.0183678 0.00305954 0.000871969 0.999995 0.488477 
139
66
866.635
0.999979 -0.00142908 -0.00626554 -0.000495633 0.00142974 0.999999 0.00010021 -0.00492081 0.00626539 -0.000109166 0.99998 0.443695 
141
89
714.256
0.999989 0.00201063 -0.00417724 -0.00694926 -0.00200054 0.999995 0.00241739 -0.00867454 0.00418208 -0.002409 0.999988 0.494842 
141
76
907.716
0.999989 0.00201063 -0.00417724 -0.00694926 -0.00200054 0.999995 0.00241739 -0.00867454 0.00418208 -0.002409 0.999988 0.494842 
135
81
335.363
0.999992 0.00159263 0.00357896 -0.00139958 -0.00158736 0.999998 -0.00147328 -0.00191546 -0.0035813 0.00146759 0.999993 0.510363 
130
71
601.623
0.999992 0.00159263 0.00357896 -0.00139958 -0.00158736 0.999998 -0.00147328 -0.00191546 -0.0035813 0.00146759 0.999993 0.510363 
120
72
286.998
0.999989 0.000420971 0.0046651 0.000287644 -0.000436999 0.999994 0.0034353 -0.00157537 -0.00466362 -0.0034373 0.999983 -0.347796 
128
56
511.055
0.999965 0.00134625 0.0082455 -0.00458752 -0.00134768 0.999999 0.000168086 0.00804089 -0.00824527 -0.000179193 0.999966 0.485375 
131
82
731.985
0.999965 0.00134625 0.0082455 -0.00458752 -0.00134768 0.999999 0.000168086 0.00804089 -0.00824527 -0.000179193 0.999966 0.485375 
136
77
541.083
0.999965 0.00134625 0.0082455 -0.00458752 -0.00134768 0.999999 0.000168086 0.00804089 -0.00824527 -0.000179193 0.999966 0.485375 
141
74
392.875
0.999995 0.000257079 0.00299066 -0.00916773 -0.000258657 1 0.000527308 0.00796881 -0.00299052 -0.000528079 0.999995 0.512034 
136
80
673.419
0.999989 0.0014954 0.0044683 -0.00697638 -0.00150091 0.999998 0.0012295 0.00981233 -0.00446646 -0.00123619 0.999989 0.487835 
129
67
697.589
1 9.31082e-05 -0.000543274 -0.00111405 -9.32467e-05 1 -0.00025486 -0.0026022 0.00054325 0.000254911 1 0.504466 
135
87
1036.21
1 9.31082e-05 -0.000543274 -0.00111405 -9.32467e-05 1 -0.00025486 -0.0026022 0.00054325 0.000254911 1 0.504466 
130
76
566.836
0.999994 0.000900137 0.00334356 -6.02409e-05 -0.000899039 1 -0.00032982 0.00274117 -0.00334386 0.000326812 0.999994 0.495182 
127
81
917.995
0.999994 0.000900137 0.00334356 -6.02409e-05 -0.000899039 1 -0.00032982 0.00274117 -0.00334386 0.000326812 0.999994 0.495182 
111
61
386.263
0.999994 0.000900137 0.00334356 -6.02409e-05 -0.000899039 1 -0.00032982 0.00274117 -0.00334386 0.000326812 0.999994 0.495182 
117
69
395.791
0.999999 -0.000720012 -0.00122894 0.00149419 0.000717487 0.999998 -0.00205442 0.0022344 0.00123041 0.00205354 0.999997 0.481469 
120
82
743.429
1 -0.000322656 -0.000477448 -0.00123955 0.000322312 1 -0.000720373 -0.00346678 0.000477681 0.000720219 1 0.501496 
130
82
742.223
0.999995 -0.000913282 -0.00310812 0.00118136 0.00091389 1 0.000194075 0.00254046 0.00310794 -0.000196914 0.999995 0.474678 
137
84
806.148
1 0.000115975 -0.00032227 -0.0010217 -0.000115795 1 0.000556911 -0.00263647 0.000322334 -0.000556874 1 0.449358 
120
63
476.415
0.999987 -0.0014701 -0.00486642 0.00297288 0.00147222 0.999999 0.000431577 -0.0039403 0.00486578 -0.000438736 0.999988 0.460272 
131
77
790.527
0.999962 -0.00264349 -0.00830656 0.00425701 0.00263319 0.999996 -0.00125112 -0.0101057 0.00830984 0.0012292 0.999965 0.483423 
124
66
960.651
0.999999 -0.000406528 -0.00121927 -0.00281206 0.000405734 1 -0.00065189 -0.00487844 0.00121953 0.000651395 0.999999 0.504877 
135
76
1050.2
0.999999 -0.000279417 -0.00155494 -0.00416423 0.000280799 1 0.000888014 -0.000312368 0.00155469 -0.000888449 0.999998 0.488464 
130
85
1015.95
0.999995 0.00156132 0.00289305 0.010007 -0.00155865 0.999998 -0.000925296 0.00848202 -0.00289449 0.000920782 0.999995 0.481807 
128
71
544.573
0.999999 -0.000879472 -0.000857718 -0.00200494 0.00087897 0.999999 -0.000585149 -0.00839057 0.000858232 0.000584394 0.999999 0.506332 
124
70
738.137
1 -0.000467118 0.000741716 0.00270906 0.000468022 0.999999 -0.00121968 -0.00234171 -0.000741146 0.00122003 0.999999 0.49506 
125
71
783.164
1 9.86808e-05 -0.000975205 -0.00188788 -9.89676e-05 1 -0.000294102 -0.00857331 0.000975176 0.000294198 0.999999 0.482318 
126
84
709.572
1 9.86808e-05 -0.000975205 -0.00188788 -9.89676e-05 1 -0.000294102 -0.00857331 0.000975176 0.000294198 0.999999 0.482318 
125
74
650.982
1 9.86808e-05 -0.000975205 -0.00188788 -9.89676e-05 1 -0.000294102 -0.00857331 0.000975176 0.000294198 0.999999 0.482318 
126
92
829.001
0.999996 0.0016524 0.00231042 -0.00581359 -0.0016561 0.999997 0.00160041 -0.0118046 -0.00230777 -0.00160423 0.999996 0.493204 
126
66
781.728
1 -0.000541282 -0.000653637 -0.00114329 0.000539789 0.999997 -0.00228231 -0.000288292 0.00065487 0.00228195 0.999997 0.483657 
132
89
923.727
0.999999 0.000358931 0.00122602 -0.00394999 -0.000358064 1 -0.000707068 -0.00250799 -0.00122627 0.000706628 0.999999 0.480162 
136
79
1218.47
0.999999 0.00114205 -0.000370934 -0.00476688 -0.00114276 0.999998 -0.00190884 -0.00188865 0.000368753 0.00190926 0.999998 0.494989 
132
79
1004.06
0.999996 -0.00114263 0.00262502 0.00375797 0.00114717 0.999998 -0.00172769 0.00793048 -0.00262304 0.0017307 0.999995 0.48745 
132
85
847.568
0.99998 0.00265498 0.00566075 -0.00698212 -0.00264917 0.999996 -0.00103501 -0.00598935 -0.00566347 0.00101999 0.999983 0.492591 
125
86
798.814
0.999998 -0.000977924 -0.00156976 0.00239666 0.000977646 1 -0.000177892 -0.00072727 0.00156993 0.000176357 0.999999 0.493816 
131
81
999.143
0.999996 0.00299403 -0.000174805 -0.0136519 -0.00299374 0.999994 0.00161239 -0.0158278 0.000179632 -0.00161186 0.999999 0.482918 
130
57
1012.11
0.999977 0.00236461 0.00630693 -0.00514261 -0.00237167 0.999997 0.00111191 -0.0012705 -0.00630428 -0.00112685 0.999979 0.498671 
126
82
739.788
0.999999 -0.00106527 0.000639636 -0.00110182 0.00106592 0.999999 -0.00101082 -0.000333504 -0.000638558 0.0010115 0.999999 0.481718 
122
76
601.221
0.999998 -0.00138113 -0.0012342 0.00338481 0.00137744 0.999995 -0.00298568 0.00446835 0.00123831 0.00298398 0.999995 0.484072 
132
84
991.596
0.999988 0.00360769 0.00334213 -0.0117708 -0.0036129 0.999992 0.00155527 -0.00888196 -0.0033365 -0.00156733 0.999993 0.489476 
117
70
582.608
0.999996 0.00293832 -4.00572e-05 -0.00218759 -0.00293822 0.999993 0.00239071 -0.0074744 4.70816e-05 -0.00239058 0.999997 0.487415 
122
61
677.017
0.999999 5.14493e-05 0.00167446 -0.000954237 -5.15321e-05 1 4.9403e-05 -0.00119533 -0.00167446 -4.94892e-05 0.999999 0.495151 
118
77
585.062
0.99997 -0.00448941 -0.00629207 0.00363372 0.00443161 0.999948 -0.00917029 0.00144409 0.00633291 0.00914214 0.999938 0.471428 
123
69
791.157
0.999993 0.00269337 0.00240813 -0.0163494 -0.00269787 0.999995 0.00186448 -0.0146561 -0.0024031 -0.00187096 0.999995 0.488398 
123
79
888.952
0.999998 0.00151587 -0.00114365 -0.00550409 -0.00151283 0.999995 0.00265675 -0.008572 0.00114768 -0.00265501 0.999996 0.487534 
127
79
999.443
1 -8.92957e-05 0.000430418 -0.00443333 8.91583e-05 1 0.000319406 -0.00655831 -0.000430447 -0.000319367 1 0.492641 
117
81
857.72
1 -8.92957e-05 0.000430418 -0.00443333 8.91583e-05 1 0.000319406 -0.00655831 -0.000430447 -0.000319367 1 0.492641 
114
62
492.104
1 -0.000361877 0.00064042 -0.00375489 0.000363777 0.999996 -0.00296883 0.000810905 -0.000639343 0.00296906 0.999995 0.489626 
120
85
987.321
1 8.96651e-05 -0.000718407 -0.00870368 -8.86832e-05 0.999999 0.00136674 -0.00327847 0.000718529 -0.00136667 0.999999 0.499401 
112
73
392.656
0.999988 -0.00137254 0.00470183 -0.00609066 0.00133531 0.999968 0.00791175 0.00611355 -0.00471254 -0.00790537 0.999958 0.488647 
122
56
904.797
1 -4.74021e-05 0.000380414 8.9584e-05 4.6942e-05 0.999999 0.00120947 -0.00638122 -0.000380471 -0.00120945 0.999999 0.486978 
117
81
754.787
1 -4.74021e-05 0.000380414 8.9584e-05 4.6942e-05 0.999999 0.00120947 -0.00638122 -0.000380471 -0.00120945 0.999999 0.486978 
111
62
91.1535
1 -4.74021e-05 0.000380414 8.9584e-05 4.6942e-05 0.999999 0.00120947 -0.00638122 -0.000380471 -0.00120945 0.999999 0.486978 
98
74
259.404
0.999998 0.000811243 0.00171877 0.00594336 -0.000810777 1 -0.000271814 0.00720801 -0.00171899 0.00027042 0.999998 0.553808 
107
60
540.942
0.999999 0.000774957 -0.00148145 -0.000347045 -0.000770966 0.999996 0.00269245 -0.00336382 0.00148353 -0.0026913 0.999995 0.489826 
109
77
468.201
0.999999 0.000617489 0.000858365 -0.00268066 -0.000617119 1 -0.000430406 -0.000166539 -0.00085863 0.000429876 1 0.495947 
121
67
629.082
0.999985 -0.00414617 -0.00358792 0.00530377 0.00412112 0.999967 -0.00696189 0.0170381 0.00361666 0.006947 0.999969 0.493993 
108
65
518.394
0.999999 0.000159914 0.00108352 -0.000819752 -0.000159822 1 -8.5723e-05 -0.00267589 -0.00108354 8.55497e-05 0.999999 0.48773 
124
78
838.019
0.999989 -0.00448916 0.00133307 -0.0518781 0.00448338 0.999981 0.00430895 -0.0372527 -0.00135239 -0.00430293 0.99999 0.473076 
106
53
589.201
0.999999 0.000309153 0.00123118 -0.00096127 -0.000309212 1 4.76207e-05 -0.00619913 -0.00123116 -4.80013e-05 0.999999 0.495429 
113
80
686.841
0.999999 0.000309153 0.00123118 -0.00096127 -0.000309212 1 4.76207e-05 -0.00619913 -0.00123116 -4.80013e-05 0.999999 0.495429 
101
64
455.917
0.999995 0.000939105 0.00303298 -0.00355576 -0.000934276 0.999998 -0.00159314 0.00260636 -0.00303447 0.0015903 0.999994 0.48614 
120
72
622.117
0.999997 -0.0023946 0.000463914 0.00161934 0.00239063 0.999962 0.0083788 -0.00346457 -0.000483961 -0.00837767 0.999965 0.499729 
117
70
809.823
1 0.000587128 0.000783727 -0.00312178 -0.000587567 1 0.000560013 0.000438207 -0.000783398 -0.000560473 1 0.486068 
119
81
908.976
1 -3.73909e-05 0.000619335 -0.00606502 3.79735e-05 1 -0.000940692 -0.00148306 -0.000619299 0.000940715 0.999999 0.499703 
105
63
478.292
0.999999 0.000909197 0.00127574 -0.00304138 -0.000908906 1 -0.000229319 -0.00248246 -0.00127595 0.000228159 0.999999 0.486534 
115
77
994.313
0.999994 -0.00135421 -0.00331871 -0.000750548 0.00135545 0.999999 0.000372078 0.00168683 0.00331821 -0.000376574 0.999994 0.458489 
107
78
487.324
0.99999 0.00245282 0.00362798 -0.00952301 -0.0024503 0.999997 -0.00069921 -0.00873332 -0.00362968 0.000690314 0.999993 0.48434 
117
66
829.461
0.99999 -0.000926039 -0.00447601 7.61969e-05 0.000925508 1 -0.000120687 -0.00135253 0.00447612 0.000116543 0.99999 0.474606 
120
78
789.89
0.999918 -0.00390531 -0.0121999 0.00993382 0.00390125 0.999992 -0.000356852 -0.00871791 0.0122012 0.000309227 0.999926 0.505585 
106
50
917.435
1 0.000377965 0.000829385 -0.00023761 -0.000377344 1 -0.000748388 -0.000504383 -0.000829668 0.000748074 0.999999 0.494181 
114
72
542.397
0.999997 0.00134766 0.00211276 -0.00533699 -0.0013475 0.999999 -7.39867e-05 0.000169462 -0.00211286 7.11395e-05 0.999998 0.48937 
108
65
701.024
1 -0.000851645 -0.000398987 -0.00162248 0.000852544 0.999997 0.0022572 -0.00706311 0.000397064 -0.00225754 0.999997 0.485216 
106
72
534.055
