1 0 0 0 0 1 0 0 0 0 1 0 
92
86
67.0382
1 0 0 0 0 1 0 0 0 0 1 0 
90
79
131.019
1 0 0 0 0 1 0 0 0 0 1 0 
87
75
102.128
1 0 0 0 0 1 0 0 0 0 1 0 
89
81
138.46
1 0 0 0 0 1 0 0 0 0 1 0 
90
85
169.038
1 0 0 0 0 1 0 0 0 0 1 0 
92
86
54.5984
1 0 0 0 0 1 0 0 0 0 1 0 
91
82
193.075
1 0 0 0 0 1 0 0 0 0 1 0 
90
75
42.9706
1 0 0 0 0 1 0 0 0 0 1 0 
91
80
97.9429
1 0 0 0 0 1 0 0 0 0 1 0 
93
87
85.0558
1 0 0 0 0 1 0 0 0 0 1 0 
91
80
128.211
1 0 0 0 0 1 0 0 0 0 1 0 
91
78
206.705
0.999926 0.0116678 -0.00349504 0.259036 -0.0116384 0.999898 0.00832052 -0.150514 0.00359176 -0.00827922 0.999959 0.531921 
91
85
76.2715
0.999926 0.0116678 -0.00349504 0.259036 -0.0116384 0.999898 0.00832052 -0.150514 0.00359176 -0.00827922 0.999959 0.531921 
90
82
125.557
0.999926 0.0116678 -0.00349504 0.259036 -0.0116384 0.999898 0.00832052 -0.150514 0.00359176 -0.00827922 0.999959 0.531921 
89
84
89.8505
0.99999 -0.00391051 0.00232885 0.0255592 0.0039012 0.999984 0.00398836 -0.165088 -0.00234441 -0.00397923 0.999989 0.932082 
91
78
148.09
0.99999 -0.00391051 0.00232885 0.0255592 0.0039012 0.999984 0.00398836 -0.165088 -0.00234441 -0.00397923 0.999989 0.932082 
90
78
141.216
0.99999 -0.00391051 0.00232885 0.0255592 0.0039012 0.999984 0.00398836 -0.165088 -0.00234441 -0.00397923 0.999989 0.932082 
91
85
50.0647
0.999992 -0.00402776 0.000340962 0.127898 0.00402965 0.999975 -0.00574376 -0.167785 -0.000317819 0.00574508 0.999983 0.731985 
88
78
178.714
0.999992 -0.00402776 0.000340962 0.127898 0.00402965 0.999975 -0.00574376 -0.167785 -0.000317819 0.00574508 0.999983 0.731985 
87
79
86.925
0.999992 -0.00402776 0.000340962 0.127898 0.00402965 0.999975 -0.00574376 -0.167785 -0.000317819 0.00574508 0.999983 0.731985 
87
73
118.09
0.999992 -0.00402776 0.000340962 0.127898 0.00402965 0.999975 -0.00574376 -0.167785 -0.000317819 0.00574508 0.999983 0.731985 
87
80
69.2176
0.999992 -0.00402776 0.000340962 0.127898 0.00402965 0.999975 -0.00574376 -0.167785 -0.000317819 0.00574508 0.999983 0.731985 
91
85
71.4505
0.999992 -0.00402776 0.000340962 0.127898 0.00402965 0.999975 -0.00574376 -0.167785 -0.000317819 0.00574508 0.999983 0.731985 
91
84
73.1266
0.999992 -0.00402776 0.000340962 0.127898 0.00402965 0.999975 -0.00574376 -0.167785 -0.000317819 0.00574508 0.999983 0.731985 
90
82
72.869
0.999939 -0.00820766 -0.00736263 0.39244 0.00819697 0.999965 -0.00148106 -0.109916 0.00737453 0.00142062 0.999972 1.1636 
89
78
114.796
0.999939 -0.00820766 -0.00736263 0.39244 0.00819697 0.999965 -0.00148106 -0.109916 0.00737453 0.00142062 0.999972 1.1636 
92
83
64.051
0.999939 -0.00820766 -0.00736263 0.39244 0.00819697 0.999965 -0.00148106 -0.109916 0.00737453 0.00142062 0.999972 1.1636 
88
79
116.414
0.999939 -0.00820766 -0.00736263 0.39244 0.00819697 0.999965 -0.00148106 -0.109916 0.00737453 0.00142062 0.999972 1.1636 
90
74
120.725
0.999939 -0.00820766 -0.00736263 0.39244 0.00819697 0.999965 -0.00148106 -0.109916 0.00737453 0.00142062 0.999972 1.1636 
90
81
118.071
0.999939 -0.00820766 -0.00736263 0.39244 0.00819697 0.999965 -0.00148106 -0.109916 0.00737453 0.00142062 0.999972 1.1636 
90
76
111.037
0.999939 -0.00820766 -0.00736263 0.39244 0.00819697 0.999965 -0.00148106 -0.109916 0.00737453 0.00142062 0.999972 1.1636 
92
82
119.908
0.999987 0.000654448 -0.00511991 0.234198 -0.000678868 0.999988 -0.00476942 0.065424 0.00511673 0.00477283 0.999976 0.980946 
93
90
77.1542
0.999692 -0.0247732 0.00128717 -0.139719 0.0247699 0.99969 0.00249479 0.129259 -0.00134858 -0.00246214 0.999996 -0.578617 
88
74
98.0646
0.999692 -0.0247732 0.00128717 -0.139719 0.0247699 0.99969 0.00249479 0.129259 -0.00134858 -0.00246214 0.999996 -0.578617 
91
76
125.48
0.999986 0.000631438 -0.00532137 0.166134 -0.000652776 0.999992 -0.00400914 0.00665725 0.0053188 0.00401256 0.999978 0.702139 
89
82
64.171
0.999986 0.000631438 -0.00532137 0.166134 -0.000652776 0.999992 -0.00400914 0.00665725 0.0053188 0.00401256 0.999978 0.702139 
91
84
84.6372
0.999939 0.0095695 -0.0054965 0.00243276 -0.00955705 0.999952 0.00228727 0.0426025 0.00551813 -0.0022346 0.999982 -0.139841 
90
76
113.187
0.999462 -0.0223328 -0.024013 1.30017 0.0224113 0.999744 0.00300279 0.514544 0.0239398 -0.00353933 0.999707 -1.72426 
90
75
156.057
0.999462 -0.0223328 -0.024013 1.30017 0.0224113 0.999744 0.00300279 0.514544 0.0239398 -0.00353933 0.999707 -1.72426 
91
80
121.123
0.999462 -0.0223328 -0.024013 1.30017 0.0224113 0.999744 0.00300279 0.514544 0.0239398 -0.00353933 0.999707 -1.72426 
92
85
137.714
0.999462 -0.0223328 -0.024013 1.30017 0.0224113 0.999744 0.00300279 0.514544 0.0239398 -0.00353933 0.999707 -1.72426 
92
84
100.639
0.999462 -0.0223328 -0.024013 1.30017 0.0224113 0.999744 0.00300279 0.514544 0.0239398 -0.00353933 0.999707 -1.72426 
91
78
116.02
0.999462 -0.0223328 -0.024013 1.30017 0.0224113 0.999744 0.00300279 0.514544 0.0239398 -0.00353933 0.999707 -1.72426 
90
72
82.4485
0.999462 -0.0223328 -0.024013 1.30017 0.0224113 0.999744 0.00300279 0.514544 0.0239398 -0.00353933 0.999707 -1.72426 
90
87
49.6989
0.999462 -0.0223328 -0.024013 1.30017 0.0224113 0.999744 0.00300279 0.514544 0.0239398 -0.00353933 0.999707 -1.72426 
94
81
125.334
0.99997 0.00729316 -0.00241238 0.0561512 -0.00728408 0.999966 0.00375052 -0.101369 0.00243966 -0.00373284 0.99999 0.363869 
93
87
85.0771
0.999954 -0.00924342 -0.00239924 0.0249577 0.00925207 0.999951 0.00362225 -0.0778009 0.00236564 -0.00364428 0.999991 0.64095 
93
84
196.153
0.999954 -0.00924342 -0.00239924 0.0249577 0.00925207 0.999951 0.00362225 -0.0778009 0.00236564 -0.00364428 0.999991 0.64095 
92
80
180.831
0.999954 -0.00924342 -0.00239924 0.0249577 0.00925207 0.999951 0.00362225 -0.0778009 0.00236564 -0.00364428 0.999991 0.64095 
93
88
59.0864
0.999976 -0.00291588 -0.00628931 0.41064 0.00289701 0.999991 -0.00300721 -0.130204 0.00629802 0.00298891 0.999976 1.07051 
96
85
151.125
0.999976 -0.00291588 -0.00628931 0.41064 0.00289701 0.999991 -0.00300721 -0.130204 0.00629802 0.00298891 0.999976 1.07051 
96
80
108.548
0.999886 -0.00414617 0.0145321 -0.743461 0.00416675 0.99999 -0.00138588 -0.0281156 -0.0145262 0.00144627 0.999893 0.0542494 
93
81
147.429
0.999978 0.00624353 -0.00214779 -0.0795711 -0.00624764 0.999979 -0.0019129 -0.128731 0.00213581 0.00192627 0.999996 1.12488 
93
83
110.634
0.999978 0.00624353 -0.00214779 -0.0795711 -0.00624764 0.999979 -0.0019129 -0.128731 0.00213581 0.00192627 0.999996 1.12488 
92
87
86.3897
0.999986 0.00476297 -0.00229217 -0.0186355 -0.00476013 0.999988 0.00124273 -0.149799 0.00229806 -0.00123181 0.999997 0.410815 
95
83
112.612
0.999986 0.00476297 -0.00229217 -0.0186355 -0.00476013 0.999988 0.00124273 -0.149799 0.00229806 -0.00123181 0.999997 0.410815 
92
81
249.802
0.999986 0.00476297 -0.00229217 -0.0186355 -0.00476013 0.999988 0.00124273 -0.149799 0.00229806 -0.00123181 0.999997 0.410815 
90
79
90.9103
0.999986 0.00476297 -0.00229217 -0.0186355 -0.00476013 0.999988 0.00124273 -0.149799 0.00229806 -0.00123181 0.999997 0.410815 
90
78
112.687
0.999974 0.00170003 -0.00700291 0.438239 -0.00172113 0.999994 -0.00300894 -0.152227 0.00699775 0.00302091 0.999971 1.21604 
92
82
106.187
0.999979 0.000271057 -0.00642838 0.148637 -0.000274474 1 -0.000530654 -0.0188258 0.00642823 0.000532407 0.999979 0.818935 
90
73
128.039
0.999979 0.000271057 -0.00642838 0.148637 -0.000274474 1 -0.000530654 -0.0188258 0.00642823 0.000532407 0.999979 0.818935 
90
76
148.79
0.999979 0.000271057 -0.00642838 0.148637 -0.000274474 1 -0.000530654 -0.0188258 0.00642823 0.000532407 0.999979 0.818935 
89
79
70.0591
0.999986 0.00449412 -0.00270246 0.163227 -0.00450717 0.999978 -0.0048427 -0.0942557 0.00268064 0.00485481 0.999985 1.05689 
91
77
147.451
0.999986 0.00449412 -0.00270246 0.163227 -0.00450717 0.999978 -0.0048427 -0.0942557 0.00268064 0.00485481 0.999985 1.05689 
90
78
73.5078
0.999942 0.00986549 -0.00436429 0.236204 -0.00984009 0.999935 0.00580174 -0.0783814 0.00442125 -0.00575846 0.999974 1.2681 
90
74
224.103
0.999942 0.00986549 -0.00436429 0.236204 -0.00984009 0.999935 0.00580174 -0.0783814 0.00442125 -0.00575846 0.999974 1.2681 
88
74
95.0288
0.999942 0.00986549 -0.00436429 0.236204 -0.00984009 0.999935 0.00580174 -0.0783814 0.00442125 -0.00575846 0.999974 1.2681 
87
79
81.3006
0.999942 0.00986549 -0.00436429 0.236204 -0.00984009 0.999935 0.00580174 -0.0783814 0.00442125 -0.00575846 0.999974 1.2681 
86
79
64.3198
0.999942 0.00986549 -0.00436429 0.236204 -0.00984009 0.999935 0.00580174 -0.0783814 0.00442125 -0.00575846 0.999974 1.2681 
87
74
119.234
0.999976 -0.00302868 -0.00621346 0.207582 0.00302799 0.999995 -0.000121077 0.0459415 0.0062138 0.00010226 0.999981 1.05981 
87
73
182.66
0.99183 0.0086418 -0.12727 0.195842 -0.00962118 0.999929 -0.00708261 -0.14539 0.127199 0.00824923 0.991843 1.06684 
91
77
1288.93
0.99183 0.0086418 -0.12727 0.195842 -0.00962118 0.999929 -0.00708261 -0.14539 0.127199 0.00824923 0.991843 1.06684 
14
14
292.33
0.99183 0.0086418 -0.12727 0.195842 -0.00962118 0.999929 -0.00708261 -0.14539 0.127199 0.00824923 0.991843 1.06684 
12
12
134.986
0.99183 0.0086418 -0.12727 0.195842 -0.00962118 0.999929 -0.00708261 -0.14539 0.127199 0.00824923 0.991843 1.06684 
9
12
134.986
0.994915 -9.10428e-05 -0.100717 -4.31924 2.97325e-05 1 -0.00061024 0.0266476 0.100717 0.000604142 0.994915 -3.33396 
59
56
2541.55
0.994915 -9.10428e-05 -0.100717 -4.31924 2.97325e-05 1 -0.00061024 0.0266476 0.100717 0.000604142 0.994915 -3.33396 
79
68
140.77
0.994915 -9.10428e-05 -0.100717 -4.31924 2.97325e-05 1 -0.00061024 0.0266476 0.100717 0.000604142 0.994915 -3.33396 
80
75
159.792
0.994915 -9.10428e-05 -0.100717 -4.31924 2.97325e-05 1 -0.00061024 0.0266476 0.100717 0.000604142 0.994915 -3.33396 
79
72
107.821
0.999996 0.00112275 -0.00267318 0.222888 -0.00110567 0.999979 0.00638361 -0.0819786 0.00268029 -0.00638063 0.999976 0.524156 
78
66
220.574
0.999996 0.00112275 -0.00267318 0.222888 -0.00110567 0.999979 0.00638361 -0.0819786 0.00268029 -0.00638063 0.999976 0.524156 
78
74
75.0538
0.999996 0.00112275 -0.00267318 0.222888 -0.00110567 0.999979 0.00638361 -0.0819786 0.00268029 -0.00638063 0.999976 0.524156 
78
74
56.8722
0.999996 0.00112275 -0.00267318 0.222888 -0.00110567 0.999979 0.00638361 -0.0819786 0.00268029 -0.00638063 0.999976 0.524156 
73
68
103.096
0.999996 0.00112275 -0.00267318 0.222888 -0.00110567 0.999979 0.00638361 -0.0819786 0.00268029 -0.00638063 0.999976 0.524156 
80
72
144.189
0.999996 0.00112275 -0.00267318 0.222888 -0.00110567 0.999979 0.00638361 -0.0819786 0.00268029 -0.00638063 0.999976 0.524156 
79
76
110.268
0.999996 0.00112275 -0.00267318 0.222888 -0.00110567 0.999979 0.00638361 -0.0819786 0.00268029 -0.00638063 0.999976 0.524156 
78
70
284.076
0.999933 -0.00294266 0.0111574 -0.655827 0.00293084 0.999995 0.00107573 -0.0156807 -0.0111605 -0.00104296 0.999937 -0.339418 
78
77
92.5052
0.999933 -0.00294266 0.0111574 -0.655827 0.00293084 0.999995 0.00107573 -0.0156807 -0.0111605 -0.00104296 0.999937 -0.339418 
77
75
183.436
0.999997 0.00136417 -0.00216917 -0.962658 -0.00134317 0.999952 0.0096572 0.0228746 0.00218224 -0.00965426 0.999951 -0.62947 
79
75
241.976
0.999997 0.00136417 -0.00216917 -0.962658 -0.00134317 0.999952 0.0096572 0.0228746 0.00218224 -0.00965426 0.999951 -0.62947 
79
71
342.837
0.999997 0.00136417 -0.00216917 -0.962658 -0.00134317 0.999952 0.0096572 0.0228746 0.00218224 -0.00965426 0.999951 -0.62947 
78
72
87.214
0.999997 0.00136417 -0.00216917 -0.962658 -0.00134317 0.999952 0.0096572 0.0228746 0.00218224 -0.00965426 0.999951 -0.62947 
79
74
220.281
0.999997 0.00136417 -0.00216917 -0.962658 -0.00134317 0.999952 0.0096572 0.0228746 0.00218224 -0.00965426 0.999951 -0.62947 
78
73
90.6223
0.999983 0.000808955 -0.00579775 0.354117 -0.000791651 0.999995 0.00298634 -0.046998 0.00580014 -0.0029817 0.999979 0.615769 
78
74
123.043
0.999983 0.000808955 -0.00579775 0.354117 -0.000791651 0.999995 0.00298634 -0.046998 0.00580014 -0.0029817 0.999979 0.615769 
78
69
139.549
0.999994 0.000305642 0.00343074 -0.859808 -0.00029164 0.999992 -0.00408105 -0.0160381 -0.00343196 0.00408003 0.999986 -0.356677 
78
72
180.628
0.999898 -0.00826932 0.0116694 -0.707912 0.00833754 0.999948 -0.00581035 0.0294063 -0.0116207 0.00590705 0.999915 -0.525458 
78
72
136.707
0.999898 -0.00826932 0.0116694 -0.707912 0.00833754 0.999948 -0.00581035 0.0294063 -0.0116207 0.00590705 0.999915 -0.525458 
72
66
224.465
0.999776 -0.00126251 0.021145 -0.985567 0.00111943 0.999976 0.00677683 0.00742274 -0.0211531 -0.00675164 0.999753 -0.799295 
71
68
137.421
0.9998 0.0137097 -0.014527 0.89112 -0.0136657 0.999902 0.00312752 -0.0572587 0.0145684 -0.00292838 0.99989 0.654409 
67
63
136.954
0.9998 0.0137097 -0.014527 0.89112 -0.0136657 0.999902 0.00312752 -0.0572587 0.0145684 -0.00292838 0.99989 0.654409 
71
64
320.248
0.999754 0.00654863 -0.021206 1.09128 -0.00642846 0.999963 0.00573024 0.0133466 0.0212427 -0.00559251 0.999759 0.375841 
69
64
211.84
0.999754 0.00654863 -0.021206 1.09128 -0.00642846 0.999963 0.00573024 0.0133466 0.0212427 -0.00559251 0.999759 0.375841 
68
67
85.9128
0.999754 0.00654863 -0.021206 1.09128 -0.00642846 0.999963 0.00573024 0.0133466 0.0212427 -0.00559251 0.999759 0.375841 
72
71
91.8727
0.999754 0.00654863 -0.021206 1.09128 -0.00642846 0.999963 0.00573024 0.0133466 0.0212427 -0.00559251 0.999759 0.375841 
67
67
129.868
0.999754 0.00654863 -0.021206 1.09128 -0.00642846 0.999963 0.00573024 0.0133466 0.0212427 -0.00559251 0.999759 0.375841 
70
69
92.5417
0.999754 0.00654863 -0.021206 1.09128 -0.00642846 0.999963 0.00573024 0.0133466 0.0212427 -0.00559251 0.999759 0.375841 
69
65
358.604
0.999754 0.00654863 -0.021206 1.09128 -0.00642846 0.999963 0.00573024 0.0133466 0.0212427 -0.00559251 0.999759 0.375841 
69
67
188.059
0.999754 0.00654863 -0.021206 1.09128 -0.00642846 0.999963 0.00573024 0.0133466 0.0212427 -0.00559251 0.999759 0.375841 
64
62
123.14
0.999754 0.00654863 -0.021206 1.09128 -0.00642846 0.999963 0.00573024 0.0133466 0.0212427 -0.00559251 0.999759 0.375841 
68
67
97.3987
0.999944 -0.00221301 0.0103585 -0.245923 0.00216827 0.999988 0.00432874 0.010937 -0.0103679 -0.00430604 0.999937 -0.157434 
71
69
148.278
0.999944 -0.00221301 0.0103585 -0.245923 0.00216827 0.999988 0.00432874 0.010937 -0.0103679 -0.00430604 0.999937 -0.157434 
63
60
213.438
0.999944 -0.00221301 0.0103585 -0.245923 0.00216827 0.999988 0.00432874 0.010937 -0.0103679 -0.00430604 0.999937 -0.157434 
68
68
90.3498
0.985837 -0.030376 0.164933 0.0171098 0.033644 0.999288 -0.0170565 -0.00040309 -0.164297 0.0223639 0.986157 0.0115269 
30
28
1518.02
0.985837 -0.030376 0.164933 0.0171098 0.033644 0.999288 -0.0170565 -0.00040309 -0.164297 0.0223639 0.986157 0.0115269 
18
18
45.3982
0.999466 0.032101 0.00609061 0.0555628 -0.0321899 0.999368 0.0151085 0.0101571 -0.00560176 -0.0152965 0.999867 1.55443 
30
26
144.576
0.988599 0.0121327 0.150081 -3.5453 -0.00923196 0.999757 -0.0200093 -0.0702325 -0.150287 0.0183956 0.988471 0.00265575 
45
34
698.549
0.987347 -0.00231001 0.158561 -0.273246 -0.00704029 0.998269 0.0583828 0.0156402 -0.158421 -0.0587603 0.985622 -0.129126 
41
28
750.047
0.984581 -0.00765741 0.174762 0.658073 0.00786192 0.999969 -0.000477941 0.0445654 -0.174752 0.00184453 0.984611 1.50175 
78
63
2637.1
0.984581 -0.00765741 0.174762 0.658073 0.00786192 0.999969 -0.000477941 0.0445654 -0.174752 0.00184453 0.984611 1.50175 
95
89
81.2052
0.984581 -0.00765741 0.174762 0.658073 0.00786192 0.999969 -0.000477941 0.0445654 -0.174752 0.00184453 0.984611 1.50175 
93
84
79.2973
0.984581 -0.00765741 0.174762 0.658073 0.00786192 0.999969 -0.000477941 0.0445654 -0.174752 0.00184453 0.984611 1.50175 
95
87
84.2728
0.984581 -0.00765741 0.174762 0.658073 0.00786192 0.999969 -0.000477941 0.0445654 -0.174752 0.00184453 0.984611 1.50175 
101
91
426.455
0.984581 -0.00765741 0.174762 0.658073 0.00786192 0.999969 -0.000477941 0.0445654 -0.174752 0.00184453 0.984611 1.50175 
98
86
122.969
0.999985 -0.00513096 -0.00187517 -0.032888 0.0051284 0.999986 -0.00136889 0.0101544 0.00188217 0.00135925 0.999997 0.680785 
93
80
119.007
0.999985 -0.00513096 -0.00187517 -0.032888 0.0051284 0.999986 -0.00136889 0.0101544 0.00188217 0.00135925 0.999997 0.680785 
93
80
119.263
0.999985 -0.00513096 -0.00187517 -0.032888 0.0051284 0.999986 -0.00136889 0.0101544 0.00188217 0.00135925 0.999997 0.680785 
100
89
132.509
0.999985 -0.00513096 -0.00187517 -0.032888 0.0051284 0.999986 -0.00136889 0.0101544 0.00188217 0.00135925 0.999997 0.680785 
99
81
247.556
0.999985 -0.00513096 -0.00187517 -0.032888 0.0051284 0.999986 -0.00136889 0.0101544 0.00188217 0.00135925 0.999997 0.680785 
96
87
125.497
0.999985 -0.00513096 -0.00187517 -0.032888 0.0051284 0.999986 -0.00136889 0.0101544 0.00188217 0.00135925 0.999997 0.680785 
91
83
63.6351
0.999985 -0.00513096 -0.00187517 -0.032888 0.0051284 0.999986 -0.00136889 0.0101544 0.00188217 0.00135925 0.999997 0.680785 
92
80
108.007
0.999985 -0.00513096 -0.00187517 -0.032888 0.0051284 0.999986 -0.00136889 0.0101544 0.00188217 0.00135925 0.999997 0.680785 
94
79
134.279
0.999985 -0.00513096 -0.00187517 -0.032888 0.0051284 0.999986 -0.00136889 0.0101544 0.00188217 0.00135925 0.999997 0.680785 
100
88
162.191
0.999985 -0.00513096 -0.00187517 -0.032888 0.0051284 0.999986 -0.00136889 0.0101544 0.00188217 0.00135925 0.999997 0.680785 
90
84
82.4401
0.999985 -0.00513096 -0.00187517 -0.032888 0.0051284 0.999986 -0.00136889 0.0101544 0.00188217 0.00135925 0.999997 0.680785 
95
88
195.032
0.999985 -0.00513096 -0.00187517 -0.032888 0.0051284 0.999986 -0.00136889 0.0101544 0.00188217 0.00135925 0.999997 0.680785 
101
92
100.712
0.999996 -0.00127471 -0.00257008 0.0472624 0.00128144 0.999996 0.00261845 0.00318621 0.00256673 -0.00262173 0.999993 0.379964 
97
82
166.206
0.999983 -0.00344897 -0.00469552 0.12576 0.00344452 0.999994 -0.000954968 0.0180577 0.00469878 0.000938778 0.999989 0.390236 
97
83
115.49
0.999974 -0.00440118 -0.00571507 0.087794 0.00437449 0.99998 -0.00467386 0.01584 0.00573552 0.00464874 0.999973 0.665042 
98
82
152.374
0.999987 0.0012066 -0.00504766 0.0623198 -0.0012256 0.999992 -0.00376307 0.0222933 0.00504308 0.00376921 0.99998 0.402873 
96
88
137.396
0.999967 0.0077231 0.00270438 0.0473591 -0.00773143 0.999965 0.0030832 -0.0151147 -0.00268047 -0.00310401 0.999992 0.379663 
102
87
132.607
0.999976 0.00651438 -0.00245186 0.0689454 -0.00651286 0.999979 0.000628057 0.0456068 0.00245589 -0.000612073 0.999997 0.496316 
97
86
153.456
0.999987 0.00504353 -0.000138823 0.0932643 -0.00504394 0.999982 -0.0031054 0.0717116 0.000123158 0.00310606 0.999995 0.652477 
99
87
125.658
0.999987 0.00504353 -0.000138823 0.0932643 -0.00504394 0.999982 -0.0031054 0.0717116 0.000123158 0.00310606 0.999995 0.652477 
99
83
118.946
0.999987 0.00504353 -0.000138823 0.0932643 -0.00504394 0.999982 -0.0031054 0.0717116 0.000123158 0.00310606 0.999995 0.652477 
98
85
102.653
0.999961 -0.00560171 0.00679186 0.0235674 0.00553091 0.999931 0.010398 -0.0712525 -0.00684964 -0.0103601 0.999923 0.10383 
103
88
122.302
0.999995 0.00070739 -0.00311677 0.143376 -0.000708355 1 -0.000308521 0.040457 0.00311655 0.000310727 0.999995 0.54547 
102
87
175.096
0.999989 -0.00210536 -0.00412115 0.0878587 0.00208027 0.999979 -0.00608402 0.0477392 0.00413387 0.00607538 0.999973 0.722282 
95
75
165.734
0.999994 0.000440052 -0.00357834 0.188393 -0.000459786 0.999985 -0.00551595 0.0695136 0.00357586 0.00551756 0.999978 0.49096 
95
83
117.782
0.999991 -0.00245565 -0.00343459 0.0158208 0.00245696 0.999997 0.000377666 0.0376655 0.00343366 -0.000386101 0.999994 0.628107 
93
80
238.637
0.999995 0.000518094 0.00316283 -0.0574072 -0.000520128 1 0.000642435 0.0608428 -0.0031625 -0.000644077 0.999995 0.807121 
96
84
276.497
0.892253 -0.307248 0.330883 -4.23031 0.356843 0.92882 -0.0997804 -0.474111 -0.276674 0.207103 0.938382 -4.52535 
14
13
211.983
0.634602 0.768432 0.0824198 -2.14403 -0.66847 0.599291 -0.440452 1.50759 -0.387851 0.224417 0.893985 7.14052 
32
28
832.419
0.966178 -0.19476 0.169022 -0.106818 0.195558 0.980618 0.0120744 -0.23753 -0.168098 0.0213876 0.985538 -6.5263 
30
26
742.107
0.979969 0.140694 0.140946 -4.03034 -0.145309 0.98912 0.0229513 -2.36375 -0.136183 -0.0429722 0.989751 -16.2695 
18
16
452.461
0.979969 0.140694 0.140946 -4.03034 -0.145309 0.98912 0.0229513 -2.36375 -0.136183 -0.0429722 0.989751 -16.2695 
9
16
452.461
0.998773 -0.0245015 -0.0430396 0.402458 0.0280704 0.996039 0.0843755 -1.49346 0.0408017 -0.0854801 0.995504 3.18974 
26
19
371.098
0.998773 -0.0245015 -0.0430396 0.402458 0.0280704 0.996039 0.0843755 -1.49346 0.0408017 -0.0854801 0.995504 3.18974 
19
13
216.08
0.998773 -0.0245015 -0.0430396 0.402458 0.0280704 0.996039 0.0843755 -1.49346 0.0408017 -0.0854801 0.995504 3.18974 
96
73
147.647
0.99957 0.0259016 0.0137496 0.63184 -0.02637 0.999037 0.0350602 0.0537196 -0.0128282 -0.0354077 0.999291 -1.69175 
29
22
263.425
0.99957 0.0259016 0.0137496 0.63184 -0.02637 0.999037 0.0350602 0.0537196 -0.0128282 -0.0354077 0.999291 -1.69175 
108
85
191.443
0.999963 -0.000258703 0.00859651 -0.228618 0.000308026 0.999983 -0.00573678 0.0245892 -0.00859488 0.00573922 0.999947 0.574349 
109
93
227.584
0.999953 -0.00868298 0.00434916 -0.245323 0.00870555 0.999949 -0.00519776 0.0613065 -0.00430381 0.00523537 0.999977 0.794913 
113
85
242.763
0.999998 0.0014406 0.00152642 0.0110037 -0.00143916 0.999999 -0.000945408 0.0633025 -0.00152778 0.000943209 0.999998 0.746576 
112
94
280.187
0.999992 0.00372255 0.00167824 -0.00281074 -0.00370214 0.999921 -0.0120025 0.186661 -0.00172278 0.0119961 0.999927 -0.00173025 
110
92
256.591
0.999982 -0.00593739 -0.000876929 -0.0137968 0.0059361 0.999981 -0.00147082 0.0349459 0.000885646 0.00146558 0.999999 0.326585 
112
91
198.795
0.999984 0.002552 -0.00496823 -0.0139697 -0.00264276 0.999828 -0.018348 0.236176 0.00492055 0.0183608 0.999819 -0.0516998 
110
86
266.581
0.999984 0.002552 -0.00496823 -0.0139697 -0.00264276 0.999828 -0.018348 0.236176 0.00492055 0.0183608 0.999819 -0.0516998 
112
99
158.529
0.999976 -0.00694381 0.000617642 -0.26399 0.006942 0.999972 0.00287815 0.0739709 -0.00063761 -0.00287379 0.999996 1.29975 
111
89
227.436
0.999983 -0.0043615 -0.00393739 0.0393238 0.00436136 0.99999 -4.2574e-05 0.0445431 0.00393754 2.54009e-05 0.999992 0.727429 
108
93
277.986
0.999998 -0.00142898 -0.00127604 0.0135433 0.00142494 0.999994 -0.00316232 0.0140573 0.00128056 0.00316049 0.999994 0.356317 
104
93
185.56
0.999997 0.00174898 0.00195933 -0.0340039 -0.00174018 0.999988 -0.00448411 0.024121 -0.00196715 0.00448068 0.999988 0.434781 
102
89
192.212
0.999999 0.000825126 -0.00118673 0.0437345 -0.000827341 0.999998 -0.00186711 0.0777197 0.00118519 0.00186809 0.999998 0.774003 
101
89
162.565
0.999997 0.000781575 -0.00223389 0.0533793 -0.000765622 0.999974 0.00713336 -0.0265409 0.0022394 -0.00713163 0.999972 0.24737 
98
83
172.888
0.999998 -0.0014948 -0.00132537 0.0405089 0.00149581 0.999999 0.00076103 0.0356846 0.00132423 -0.000763011 0.999999 0.614955 
99
90
179.752
0.99953 -0.00122318 -0.0306165 0.415938 0.00150285 0.999957 0.00911337 0.00759907 0.0306041 -0.0091551 0.99949 -0.164781 
107
86
244.854
0.99953 -0.00122318 -0.0306165 0.415938 0.00150285 0.999957 0.00911337 0.00759907 0.0306041 -0.0091551 0.99949 -0.164781 
109
98
220.474
0.999932 -0.00127879 -0.0115867 0.517814 0.00127603 0.999999 -0.000245924 0.124489 0.0115871 0.000231122 0.999933 2.1885 
109
82
294.071
0.999985 -0.00370734 -0.00400293 0.0268837 0.00371212 0.999992 0.00118784 0.0597344 0.0039985 -0.00120268 0.999991 0.959425 
108
90
242.991
0.99999 0.00121734 -0.00439169 0.0412506 -0.00120737 0.999997 0.00227351 -0.067131 0.00439444 -0.00226818 0.999988 0.358555 
105
91
207.559
0.999927 -0.00164689 -0.0119583 0.189739 0.00155091 0.999967 -0.00803116 0.114168 0.0119712 0.00801203 0.999896 0.841003 
105
88
206.199
0.999995 -0.00133604 -0.00298703 0.0563131 0.00133346 0.999999 -0.000866349 0.0201783 0.00298819 0.000862361 0.999995 0.518106 
106
97
224.054
0.999952 0.0086189 -0.00467419 0.328136 -0.00862061 0.999963 -0.000346348 0.318317 0.00467103 0.000386626 0.999989 1.9732 
104
90
270.53
0.99998 -0.00144681 -0.00617314 0.0803275 0.00143143 0.999996 -0.00249476 0.030687 0.00617672 0.00248588 0.999978 0.627607 
103
88
243.833
0.999821 0.0067098 -0.0177158 0.0361311 -0.00656463 0.999945 0.00824016 -0.891216 0.0177701 -0.00812239 0.999809 0.216662 
106
94
342.641
1 -4.7871e-05 0.000590957 0.00013268 5.09352e-05 0.999987 -0.00518619 0.0216066 -0.000590701 0.00518622 0.999986 0.320738 
108
95
225.821
0.999976 -0.00390736 -0.00563642 0.0214156 0.0039071 0.999992 -5.69216e-05 0.0165896 0.0056366 3.48982e-05 0.999984 0.320372 
109
88
313.969
0.999974 -0.00186708 -0.00692994 0.292851 0.00186253 0.999998 -0.000662473 0.21083 0.00693117 0.000649549 0.999976 2.53906 
101
85
450.493
0.999983 2.81386e-05 -0.00586964 0.0781525 -5.02187e-05 0.999993 -0.00376162 0.033404 0.0058695 0.00376185 0.999976 0.557439 
103
81
280.618
0.999956 0.00197386 -0.00915946 0.231618 -0.00202809 0.99998 -0.00591507 0.0714898 0.0091476 0.00593339 0.999941 1.01516 
94
76
400.279
0.999968 0.00322084 -0.00735561 0.15329 -0.00324941 0.999987 -0.00387447 0.133256 0.00734303 0.00389825 0.999965 1.27388 
104
85
274.29
0.999966 0.00258389 -0.00779222 0.0212499 -0.00261891 0.999987 -0.00448769 0.0372136 0.00778052 0.00450795 0.99996 0.203318 
92
75
247.781
0.999989 0.00334367 -0.00339658 0.0524657 -0.00334104 0.999994 0.000782015 0.0324049 0.00339918 -0.000770658 0.999994 0.408021 
97
76
246.895
0.999947 0.00820232 -0.0061543 0.253324 -0.0082485 0.999938 -0.00751695 0.150669 0.00609226 0.00756732 0.999953 1.84288 
105
77
340.15
0.999945 0.00489114 -0.00926194 0.111733 -0.00496677 0.999954 -0.00816019 0.0524424 0.0092216 0.00820574 0.999924 0.645089 
112
84
346.566
0.999973 0.00559017 -0.00470811 0.0543187 -0.00559086 0.999984 -0.000132667 0.0507631 0.00470729 0.000158986 0.999989 0.551929 
109
89
487.89
0.999965 -0.00151893 -0.00827551 0.186645 0.00150162 0.999997 -0.00209806 0.227571 0.00827867 0.00208556 0.999964 2.46602 
111
76
485.711
0.99957 0.00203697 -0.029239 0.326243 -0.00227192 0.999965 -0.0080045 0.0867504 0.0292217 0.00806749 0.99954 0.944831 
115
80
474.437
0.999935 0.00686941 -0.00911346 0.434502 -0.00692782 0.999956 -0.00639387 0.168329 0.00906913 0.00645659 0.999938 1.73726 
109
78
440.235
0.999892 -0.00126176 -0.0146649 0.218713 0.00117275 0.999981 -0.00607667 0.081312 0.0146723 0.00605881 0.999874 0.93498 
104
69
479.933
