1 0 0 0 0 1 0 0 0 0 1 0 
325
296
0.999673 0.0133351 0.0218245 0.0630403 -0.0133999 0.999906 0.00282263 0.0626959 -0.0217848 -0.00311415 0.999758 -0.104189 
282
156
0.999997 0.00210891 0.000806235 0.054749 -0.00210786 0.999997 -0.00130993 0.0552963 -0.000808995 0.00130823 0.999999 -0.112968 
258
151
0.99995 0.00784135 -0.00622111 0.0491537 -0.00779303 0.99994 0.00775318 0.0798459 0.00628153 -0.00770431 0.999951 -0.128884 
274
132
0.991126 -0.0489682 0.123578 0.142973 0.0465171 0.998661 0.0226445 0.0041413 -0.124522 -0.016695 0.992076 -0.0136275 
94
49
0.987886 0.00328546 0.155149 0.129945 -0.00262616 0.999987 -0.00445417 0.0173201 -0.155162 0.00399276 0.987881 -0.0127476 
77
51
0.987886 0.00328546 0.155149 0.129945 -0.00262616 0.999987 -0.00445417 0.0173201 -0.155162 0.00399276 0.987881 -0.0127476 
119
87
0.999974 -0.00687674 -0.00208875 0.0144216 0.00685913 0.999942 -0.00832161 -0.00280345 0.00214585 0.00830706 0.999963 0.00695723 
270
208
0.999789 -0.0113546 0.0171184 0.00886973 0.0114901 0.999903 -0.00783911 0.00110913 -0.0170278 0.00803415 0.999823 0.000800137 
268
214
0.999584 -0.0160293 0.0239768 0.0287246 0.0159629 0.999868 0.00295812 0.00313729 -0.024021 -0.00257415 0.999708 0.00330553 
278
218
0.999983 -0.00559078 -0.00135603 0.00877104 0.00558354 0.99997 -0.00528515 -0.000368166 0.00138554 0.00527749 0.999985 0.00327813 
195
183
0.999781 -0.0162579 0.0131737 0.0058861 0.0162923 0.999864 -0.00251186 -0.000616415 -0.013131 0.00272594 0.99991 0.00201741 
216
195
0.999759 -0.01347 0.0173584 0.0111231 0.0133998 0.999902 0.00415517 0.000307945 -0.0174126 -0.00392157 0.999841 0.00267618 
196
189
0.998788 0.0273155 -0.0409545 0.0254775 -0.0261244 0.999228 0.0293418 0.128057 0.0417243 -0.0282363 0.99873 -0.169049 
106
104
0.997145 0.0114596 -0.0746365 -0.00539515 -0.00892596 0.999375 0.0341922 0.0450359 0.0749817 -0.0334283 0.996624 -0.0620467 
71
69
0.996998 -0.00841023 0.0769663 0.00580543 0.00691021 0.999781 0.019735 0.0308467 -0.0771154 -0.0191439 0.996838 -0.0432039 
72
71
0.998923 -0.0152487 -0.0438126 -0.0164625 0.0145595 0.999766 -0.0160052 -0.0240076 0.0440464 0.01535 0.998912 0.0212558 
20
16
0.998923 -0.0152487 -0.0438126 -0.0164625 0.0145595 0.999766 -0.0160052 -0.0240076 0.0440464 0.01535 0.998912 0.0212558 
3
16
0.998923 -0.0152487 -0.0438126 -0.0164625 0.0145595 0.999766 -0.0160052 -0.0240076 0.0440464 0.01535 0.998912 0.0212558 
1
16
0.960761 -0.223665 -0.16405 -0.344724 0.206247 0.971519 -0.116675 -0.617234 0.185474 0.0782618 0.979528 0.565575 
21
17
0.989366 0.049122 0.136901 0.0775397 -0.0542288 0.997955 0.0338247 0.0109726 -0.134959 -0.040889 0.990007 -0.150771 
57
27
0.88243 0.455919 0.115994 0.0479803 -0.404805 0.86149 -0.306543 0.0119251 -0.239687 0.223548 0.944763 -0.107139 
55
26
0.980381 0.0533086 0.189769 0.141416 -0.0361875 0.995048 -0.0925714 0.0168575 -0.193764 0.0838879 0.977455 -0.125219 
77
36
0.999918 -0.00346114 0.0123108 0.00145235 0.00348917 0.999991 -0.00225636 0.00145502 -0.0123029 0.00229913 0.999922 -0.00321206 
338
249
0.99999 0.00169387 0.00419878 0.000886152 -0.00168217 0.999995 -0.00278952 0.000791915 -0.00420348 0.00278243 0.999987 -0.00174333 
341
272
0.999997 -0.0021417 -0.00149897 0.00651019 0.00213525 0.999989 -0.00429039 0.00523884 0.00150814 0.00428717 0.99999 -0.0140863 
336
255
0.999995 -0.00113439 -0.00285946 0.00248856 0.00113358 0.999999 -0.000284414 0.00249457 0.00285978 0.000281171 0.999996 -0.00564482 
292
218
0.99998 -0.00360102 -0.00512035 0.00610276 0.00358347 0.999988 -0.00343101 0.00604905 0.00513264 0.0034126 0.999981 -0.0144017 
314
231
0.999983 -0.00464321 -0.00342708 0.00608066 0.00460963 0.999942 -0.00974445 0.00505078 0.00347212 0.00972849 0.999947 -0.0143885 
310
239
0.999983 -0.0046955 -0.00339676 0.0300805 0.0046571 0.999926 -0.0112241 0.0222708 0.00344921 0.0112081 0.999931 -0.0687532 
295
228
0.999998 -0.00189848 0.000936456 0.0431246 0.00190063 0.999996 -0.00230566 0.0365294 -0.000932074 0.00230743 0.999997 -0.0876991 
319
248
0.999174 -0.0285507 0.0289068 0.0682 0.0284791 0.99959 0.00288736 0.0112298 -0.0289774 -0.00206174 0.999578 -0.0104281 
304
241
0.999449 -0.0152849 -0.0294606 0.0318519 0.0144269 0.999472 -0.029118 0.0235518 0.0298901 0.0286769 0.999142 -0.141102 
302
244
0.999116 -0.0117632 0.0403517 0.0919818 0.0115513 0.999918 0.00548079 0.0506778 -0.0404129 -0.00500983 0.999171 -0.0633597 
301
245
0.999093 0.0111769 -0.041079 -0.0611382 -0.0119444 0.999758 -0.0184863 0.0281651 0.0408625 0.0189602 0.998985 -0.0823543 
275
220
0.999376 -0.0214012 0.028114 0.0610293 0.0218883 0.999614 -0.0171359 0.0414562 -0.0277364 0.0177406 0.999458 -0.152707 
284
254
0.993828 -0.099218 -0.0496064 -0.0042385 0.101034 0.994248 0.0355422 0.0123759 0.0457946 -0.0403348 0.998136 -0.143832 
50
34
0.96613 0.231605 0.113806 0.0917892 -0.225117 0.972021 -0.0670696 0.0373273 -0.126155 0.0391783 0.991237 -0.315882 
40
26
0.998389 0.0406687 0.0395747 0.0773183 -0.0413733 0.998997 0.0171526 0.0158594 -0.0388374 -0.0187623 0.999069 -0.120239 
69
33
0.688743 0.72493 -0.0104692 1.80458 -0.717972 0.679983 -0.148794 0.977621 -0.100747 0.109998 0.988813 -4.42082 
50
29
0.993786 0.110333 0.0146695 -0.0349456 -0.110057 0.993755 -0.0184196 -0.0235035 -0.0166101 0.0166907 0.999723 0.0956358 
82
31
0.992341 0.0697585 -0.101951 -0.187302 -0.0801567 0.991577 -0.101734 -0.0329295 0.0939956 0.109126 0.989574 -0.088279 
77
29
0.999931 -0.00919948 0.0072653 0.00896088 0.0092742 0.999904 -0.010318 0.00595582 -0.00716968 0.0103847 0.99992 -0.0208637 
335
230
0.999995 -0.00282465 -0.00171835 0.00488711 0.0028133 0.999974 -0.00657046 0.00406286 0.00173686 0.00656559 0.999977 -0.0109361 
320
246
0.999999 -0.00144939 -0.000699679 0.00485761 0.00144778 0.999996 -0.00229674 0.00440787 0.000703005 0.00229572 0.999997 -0.0103938 
329
244
0.99999 0.00141368 0.00419491 0.00296865 -0.00141455 0.999999 0.000205295 0.00260231 -0.00419462 -0.000211226 0.999991 -0.00550595 
318
219
1 0.000491551 0.00044855 0.000116476 -0.000491295 1 -0.000571822 0.000120321 -0.000448831 0.000571602 1 -0.000240106 
328
242
0.999997 -0.00180918 -0.00132293 0.00201569 0.00180423 0.999991 -0.00373276 0.00195077 0.00132967 0.00373037 0.999992 -0.00421898 
328
239
0.877675 -0.0832547 0.471969 0.755823 -0.100762 0.930728 0.351557 0.682135 -0.468544 -0.356109 0.808488 0.120496 
47
27
0.996285 -0.0749538 -0.0424147 -0.00151649 0.0785817 0.992694 0.0915613 0.00670526 0.0352419 -0.0945541 0.994896 0.0122468 
49
25
0.998181 0.0486262 0.0356329 -0.62743 -0.0460697 0.996527 -0.0693592 -1.07319 -0.0388818 0.0675915 0.996955 1.06637 
87
32
0.981923 0.1811 0.0550402 0.000709104 -0.173012 0.976689 -0.127064 0.000189903 -0.0767685 0.115245 0.990366 -0.00117175 
95
31
0.997899 -0.0641849 -0.00878328 -0.0404429 0.0644684 0.99723 0.0371058 -0.0247763 0.00637731 -0.0375941 0.999273 0.0553382 
69
35
0.977457 -0.100004 0.185951 0.311642 0.0933279 0.994648 0.0443388 0.207222 -0.18939 -0.0259848 0.981558 -0.112014 
123
40
0.998924 -0.0425596 -0.0184491 0.049148 0.0427113 0.999056 0.00790916 0.023306 0.0180951 -0.00868863 0.999799 -0.112439 
162
49
0.999905 -0.00666945 -0.0120961 0.00458892 0.00668871 0.999976 0.00155242 0.00675671 0.0120855 -0.00163318 0.999926 -0.0139167 
335
258
0.999997 -0.000433747 -0.00232173 0.00274677 0.000440398 0.999996 0.00286498 0.00337507 0.00232048 -0.00286599 0.999993 -0.00599519 
346
266
0.999975 -0.00369338 -0.00600918 0.0038339 0.00367963 0.999991 -0.00229607 0.00424666 0.0060176 0.0022739 0.999979 -0.00943234 
370
276
0.999931 -0.00647538 -0.00984828 0.00914352 0.00642719 0.999967 -0.00491644 0.00889493 0.00987979 0.0048528 0.999939 -0.0234843 
339
259
0.999973 -0.00113225 -0.00726617 0.00286329 0.00117248 0.999984 0.00553491 0.00364541 0.00725979 -0.00554328 0.999958 -0.00705196 
345
282
0.999995 -0.000554344 -0.00324869 0.0282058 0.000559336 0.999999 0.00153614 0.0299966 0.00324784 -0.00153795 0.999994 -0.0625223 
336
258
0.999982 -0.0022746 -0.00554331 0.038195 0.00224944 0.999987 -0.00454126 0.0383635 0.00555357 0.00452871 0.999974 -0.0896539 
350
264
0.999857 0.00226688 -0.0167714 0.0240822 -0.00224025 0.999996 0.00160636 0.0383244 0.016775 -0.00156856 0.999858 -0.0769923 
342
269
0.999969 0.00169574 -0.00762389 0.0310122 -0.00162878 0.99996 0.00878006 0.0402655 0.00763847 -0.00876737 0.999932 -0.0735892 
371
289
0.999994 0.00235243 -0.0025929 0.0540998 -0.00231632 0.999902 0.0138418 0.0654684 0.0026252 -0.0138357 0.999901 -0.114209 
333
236
0.995776 -0.0905903 0.0149759 0.177534 0.0859806 0.977199 0.194136 0.0369343 -0.0322213 -0.192028 0.98086 -0.136461 
57
36
0.994248 0.0770888 -0.0743511 -0.0912685 -0.0781065 0.996886 -0.0108748 -0.0110348 0.0732812 0.0166195 0.997173 0.130925 
79
45
0.997573 0.05973 -0.0357769 0.00945117 -0.0552613 0.991826 0.115008 0.119374 0.0423539 -0.112751 0.99272 0.237137 
95
37
0.998126 0.00878503 -0.0605615 0.0153392 -0.0108718 0.999355 -0.0342145 0.00561156 0.0602219 0.0348088 0.997578 -0.0564575 
65
31
0.994182 0.107338 0.0089236 0.112186 -0.10714 0.994036 -0.0203368 0.0857583 -0.0110533 0.0192624 0.999753 -0.204982 
86
37
0.943599 0.0228368 -0.330302 -0.431819 -0.0323199 0.999207 -0.0232464 -0.044746 0.329509 0.0326106 0.943589 -0.153799 
100
39
0.997856 0.031824 -0.0571919 -0.00711674 -0.0328968 0.999298 -0.0179166 -0.00676195 0.0565816 0.0197596 0.998202 0.0622172 
74
49
0.999927 -0.0102263 -0.006512 0.030304 0.0102756 0.999918 0.00758918 0.0374465 0.00643386 -0.00765553 0.99995 -0.0759797 
97
39
0.99409 -0.0161589 -0.10735 -0.0523593 0.00967546 0.998113 -0.060644 -0.0012086 0.108127 0.0592469 0.99237 -0.0376305 
219
170
0.999719 0.000949622 -0.0236867 0.0117343 -0.00152652 0.999702 -0.0243492 0.0114857 0.0236565 0.0243785 0.999423 -0.0629132 
299
220
0.999985 -0.00287776 -0.00459171 0.0146682 0.00278132 0.999778 -0.0208733 0.00862386 0.00465076 0.0208602 0.999772 -0.0386335 
291
215
0.999391 -0.0204722 0.0282669 0.105972 0.0206217 0.999775 -0.00500718 0.0193929 -0.028158 0.00558703 0.999588 -0.0436456 
294
231
0.999988 -0.00441132 -0.00234121 0.00374262 0.00440164 0.999982 -0.00412378 0.000321317 0.00235936 0.00411342 0.999989 1.7876e-05 
297
227
0.99863 0.0110708 -0.0511512 -0.0138557 -0.0123934 0.999595 -0.0256121 0.0341633 0.0508469 0.0262109 0.998362 -0.167672 
249
211
0.999324 -0.0187859 0.0315925 0.0903427 0.0187377 0.999823 0.00182372 0.0201884 -0.0316212 -0.00123052 0.999499 -0.0429805 
214
198
0.99934 -0.0310826 0.0188129 0.0982394 0.0310554 0.999516 0.00173538 0.0161857 -0.0188578 -0.00114999 0.999822 -0.022311 
204
170
0.998888 -0.0355017 0.0310212 0.146711 0.0362241 0.999078 -0.0230437 0.0284081 -0.0301745 0.0241418 0.999253 -0.130329 
181
165
0.969727 0.212824 0.119731 0.0844205 -0.199704 0.973353 -0.112708 0.0577759 -0.140528 0.0853855 0.986388 -0.0966209 
27
16
0.969727 0.212824 0.119731 0.0844205 -0.199704 0.973353 -0.112708 0.0577759 -0.140528 0.0853855 0.986388 -0.0966209 
8
16
0.969727 0.212824 0.119731 0.0844205 -0.199704 0.973353 -0.112708 0.0577759 -0.140528 0.0853855 0.986388 -0.0966209 
11
11
0.962726 -0.0689795 0.261534 0.469957 -0.00529977 0.961937 0.27322 0.365416 -0.270426 -0.264422 0.925716 0.176064 
48
26
0.991874 -0.0917658 0.0881231 -0.00893744 0.0934031 0.995521 -0.0146304 -0.0475873 -0.0863858 0.0227425 0.996002 0.186098 
22
21
0.951832 0.0870359 -0.294007 -0.412157 -0.0911947 0.995833 -0.000437973 0.0259302 0.292744 0.0272288 0.955803 -0.349409 
76
43
0.999074 0.0297824 0.0310359 0.00384711 -0.0292148 0.9994 -0.0185853 -0.0032706 -0.0315708 0.0176614 0.999345 0.0358894 
62
33
0.998798 -0.0437161 -0.0221513 0.0146063 0.0445996 0.998159 0.0410942 0.00290397 0.0203141 -0.0420328 0.99891 -0.0370746 
41
24
0.992754 0.0926465 0.076525 0.0160973 -0.091637 0.995654 -0.0166071 0.00357613 -0.077731 0.00947427 0.996929 -0.0204613 
51
29
0.999992 0.000225866 0.00399398 0.00041728 -0.0004052 0.998989 0.0449573 0.00364495 -0.00397979 -0.0449586 0.998981 -0.00491561 
148
60
0.999732 0.00338469 -0.0229091 0.0121639 -0.00364583 0.999929 -0.0113668 0.00764955 0.022869 0.0114472 0.999673 -0.0217941 
323
225
0.999985 -0.000492819 0.00541726 0.00355376 0.000535552 0.999969 -0.00788971 0.00227058 -0.00541321 0.0078925 0.999954 -0.0061391 
320
222
0.999825 0.000258323 -0.0186831 0.0148731 -0.000688373 0.999735 -0.0230154 0.0112018 0.0186722 0.0230242 0.999561 -0.055697 
286
167
0.999825 0.000258323 -0.0186831 0.0148731 -0.000688373 0.999735 -0.0230154 0.0112018 0.0186722 0.0230242 0.999561 -0.055697 
268
154
0.999678 -0.0117319 -0.0224878 0.0158507 0.0114354 0.999847 -0.0132694 0.0135669 0.0226401 0.0130079 0.999659 -0.0481282 
261
162
0.999959 -0.000335846 -0.00903354 0.0178096 5.95593e-05 0.999533 -0.0305675 0.00938835 0.00903958 0.0305657 0.999492 -0.0514979 
282
194
0.999843 -0.00730501 -0.0161524 0.0263556 0.00662695 0.999111 -0.0416412 0.00941734 0.0164422 0.0415276 0.999002 -0.0768202 
283
183
0.999948 -0.0102146 -0.00074139 0.0227334 0.0102023 0.999834 -0.0150768 0.0100966 0.000895272 0.0150685 0.999886 -0.039527 
257
195
