0.999981 -0.000346601 0.00608691 -0.012138 0.000369594 0.999993 -0.00377674 0.000705842 -0.00608555 0.00377892 0.999974 0.349402 
124
68
317.548
1 0.000363674 -0.000346907 -0.00654858 -0.000363263 0.999999 0.00118431 -0.00640492 0.000347337 -0.00118419 0.999999 0.418759 
129
75
392.15
0.999999 -0.000303553 -0.00107669 9.52875e-05 0.000305452 0.999998 0.0017639 0.00110648 0.00107615 -0.00176423 0.999998 0.449104 
131
75
422.462
0.999997 -0.00022511 -0.00246053 -0.00216353 0.000227306 1 0.000892406 -0.000285774 0.00246033 -0.000892963 0.999997 0.454336 
129
75
460.552
0.999995 -9.69592e-05 0.00328934 -0.00828932 0.000108842 0.999993 -0.0036125 0.00292756 -0.00328897 0.00361284 0.999988 0.454347 
127
75
500.234
0.999993 -0.000251349 -0.00381978 -0.0024926 0.000240892 0.999996 -0.0027379 -0.011158 0.00382045 0.00273696 0.999989 0.455819 
120
74
498.44
0.999998 4.71488e-05 -0.00193779 -0.00510783 -4.88332e-05 1 -0.000869224 0.000619466 0.00193775 0.000869317 0.999998 0.461553 
126
75
420.468
1 0.000504834 -0.000833437 -0.00546384 -0.000504688 1 0.000175129 0.00283729 0.000833525 -0.000174708 1 0.479565 
129
79
375.072
0.999993 0.000170621 0.00361329 -0.0103964 -0.000171264 1 0.00017762 -0.00476581 -0.00361326 -0.000178238 0.999993 0.504522 
124
70
363.718
0.986505 0.00223626 -0.163718 0.00753876 -0.00117057 0.999977 0.00660547 -0.00148118 0.163729 -0.00632469 0.986485 0.106024 
125
58
759.725
0.986505 0.00223626 -0.163718 0.00753876 -0.00117057 0.999977 0.00660547 -0.00148118 0.163729 -0.00632469 0.986485 0.106024 
140
59
779.084
0.986505 0.00223626 -0.163718 0.00753876 -0.00117057 0.999977 0.00660547 -0.00148118 0.163729 -0.00632469 0.986485 0.106024 
131
62
793.622
0.987255 0.00380905 -0.159099 -0.0331362 -0.0049448 0.999965 -0.00674339 0.0158464 0.159068 0.00744416 0.98724 0.13191 
134
46
941.7
0.999943 0.0034633 0.010067 -0.0307282 -0.00339065 0.999968 -0.00722458 -0.00361626 -0.0100917 0.00719004 0.999923 0.447378 
119
51
335.926
0.999907 -0.0102127 -0.00904678 0.0172769 0.0102397 0.999943 0.00294241 -0.0273337 0.00901622 -0.00303477 0.999955 0.454736 
122
42
394.478
0.999991 0.000343609 -0.0042259 -0.00335532 -0.000391516 0.999936 -0.011341 0.0238528 0.00422173 0.0113425 0.999927 0.459124 
137
48
697.396
0.999986 0.00505732 0.0016433 -0.00572474 -0.00506134 0.999984 0.00245357 -0.021721 -0.00163086 -0.00246186 0.999996 0.449195 
129
46
598.515
0.999717 0.00660728 0.0228688 -0.0616587 -0.00645579 0.999957 -0.0066917 -0.0234918 -0.022912 0.00654217 0.999716 0.462107 
138
48
581.85
0.999968 -0.00717959 -0.00340261 -0.0255695 0.00723106 0.999856 0.015365 -0.0231857 0.00329181 -0.0153891 0.999876 0.472585 
134
45
570.489
0.999967 -0.00338032 -0.00742853 0.00636793 0.00340981 0.999986 0.00396032 -0.0183986 0.00741504 -0.00398552 0.999965 0.487565 
135
50
709.937
0.999934 -0.0051523 0.0102506 -0.00130154 0.00509572 0.999972 0.00553818 -0.0177148 -0.0102788 -0.00548559 0.999932 0.444112 
129
45
534.669
0.999985 -0.00344357 0.00431272 -0.0098374 0.00343245 0.999991 0.00258344 -0.0247681 -0.00432158 -0.0025686 0.999987 0.445001 
131
49
458.314
0.999957 0.00917985 -0.00124067 -0.0169703 -0.00919917 0.99982 -0.016592 -0.000207865 0.00108814 0.0166027 0.999862 0.4291 
136
41
704.539
0.999992 -0.00122197 -0.00390138 0.0116324 0.00123259 0.999996 0.0027206 -0.000485425 0.00389803 -0.00272539 0.999989 0.476408 
129
52
597.258
0.999836 -0.00271987 -0.0179006 -0.00792341 0.00263112 0.999984 -0.00497963 -0.0224001 0.0179139 0.00493171 0.999827 0.449414 
126
53
473.126
0.999929 -0.0119076 -9.96713e-05 0.0145394 0.0119071 0.999921 -0.00406479 0.0234818 0.000148065 0.00406332 0.999992 0.460348 
126
47
421.47
0.999744 -0.00898926 0.0207529 0.00686466 0.00899471 0.99996 -0.000169213 0.00244449 -0.0207506 0.000355836 0.999785 0.462198 
137
36
671.958
0.985097 -0.00151072 -0.171994 0.0209294 0.00122398 0.999998 -0.00177319 0.0141697 0.171997 0.00153624 0.985096 0.0934472 
134
50
810.34
0.985097 -0.00151072 -0.171994 0.0209294 0.00122398 0.999998 -0.00177319 0.0141697 0.171997 0.00153624 0.985096 0.0934472 
124
62
714.749
0.983942 -0.00127652 -0.178483 -0.0173245 -8.00709e-05 0.999971 -0.00759328 -0.00271204 0.178487 0.00748564 0.983914 0.0524307 
128
60
680.921
0.999928 0.00604738 0.0104059 -0.00308229 -0.00607846 0.999977 0.00295773 0.0175772 -0.0103878 -0.00302077 0.999941 0.450489 
129
53
511.156
0.999995 0.00108015 0.00302888 -0.00205227 -0.00109373 0.999989 0.00448499 0.00423814 -0.00302401 -0.00448828 0.999985 0.4752 
135
51
675.376
0.999997 -0.002562 0.000460985 0.00967863 0.00256251 0.999996 -0.0011235 0.00736346 -0.000458105 0.00112468 0.999999 0.471011 
139
56
579.477
0.999993 0.00366901 0.000687623 -0.0154894 -0.00367091 0.999989 0.00278776 -0.00417187 -0.000677387 -0.00279026 0.999996 0.460368 
134
56
477.127
0.999964 -0.00494423 -0.00693281 0.00679691 0.00495628 0.999986 0.00172228 0.0200264 0.0069242 -0.00175658 0.999974 0.488114 
133
59
501.801
0.999998 -0.00120577 0.00133045 -0.00333551 0.00120589 0.999999 -8.69751e-05 0.00631517 -0.00133035 8.85794e-05 0.999999 0.465855 
125
49
715.783
0.999886 -0.0148048 0.0028671 0.0320482 0.0148145 0.999885 -0.00338774 0.0174445 -0.00281661 0.00342983 0.99999 0.457752 
129
50
623.26
0.999911 -0.00857494 -0.0101859 0.0172302 0.00856654 0.999963 -0.000868563 0.00484623 0.010193 0.000781228 0.999948 0.478593 
135
53
571.201
0.999964 -0.0083538 -0.00156949 0.0150763 0.00834613 0.999953 -0.00483609 0.0118711 0.00160982 0.00482281 0.999987 0.45999 
134
52
569.724
0.99996 -0.00895517 -0.000184154 0.000669748 0.00895537 0.999959 0.00112367 -0.011362 0.000174084 -0.00112527 0.999999 0.464615 
137
46
545.753
0.999905 -0.00218426 0.013644 0.00532828 0.00219549 0.999997 -0.000808559 -0.000521581 -0.0136422 0.000838437 0.999907 0.465417 
133
56
730.983
0.999911 0.00195783 0.0131777 -0.015032 -0.0019941 0.999994 0.00273988 0.0034408 -0.0131723 -0.00276591 0.999909 0.448552 
134
48
528.746
0.99992 -0.00470849 0.0117704 -0.00197759 0.00459305 0.999941 0.0098155 -0.0118147 -0.0118159 -0.00976065 0.999883 0.473472 
127
48
417.105
0.999924 -0.00891221 -0.00855327 -0.041989 0.00903343 0.999858 0.0142398 -0.00531642 0.00842514 -0.014316 0.999862 0.501782 
131
42
561.759
0.999993 0.000752745 0.00353831 -0.0218143 -0.000755345 0.999999 0.000733762 -0.0119364 -0.00353776 -0.00073643 0.999993 0.465595 
123
56
527.393
0.999988 0.0017225 0.00460106 0.00513303 -0.00171363 0.999997 -0.00192962 -0.000760303 -0.00460437 0.00192171 0.999988 0.467612 
134
59
575.027
0.999664 -0.0199641 -0.016557 0.0351032 0.0198217 0.999766 -0.00871781 0.0253638 0.0167272 0.00838669 0.999825 0.467095 
133
48
445.258
0.999997 0.00119319 0.00194585 0.00163214 -0.00120163 0.99999 0.00434067 0.00336449 -0.00194065 -0.00434299 0.999989 0.484076 
118
48
418.871
0.999911 -0.00676595 -0.0114946 0.0204213 0.00675619 0.999977 -0.000887859 0.0197148 0.0115004 0.00081012 0.999934 0.473421 
119
47
491.96
0.999997 0.00193473 -0.00114645 0.0545635 -0.00193007 0.99999 0.00404961 0.00270667 0.00115427 -0.00404739 0.999991 0.445973 
121
40
510.388
0.999995 -0.00119831 -0.00301445 0.00395711 0.00117891 0.999979 -0.00642842 -0.0229514 0.00302209 0.00642483 0.999975 0.449155 
129
52
661.664
0.999825 0.00534709 0.0179411 -0.0277694 -0.00555413 0.999918 0.0115103 -0.0206266 -0.0178781 -0.011608 0.999773 0.470762 
130
44
637.075
0.999985 -0.0030558 -0.00457989 0.011565 0.00305448 0.999995 -0.000295527 -0.00884594 0.00458077 0.000281534 0.999989 0.462905 
125
55
548.416
1 -0.000827544 1.28431e-05 0.0156005 0.000827568 0.999998 -0.00196535 0.00191613 -1.12167e-05 0.00196536 0.999998 0.450933 
126
57
469.975
0.999932 -0.00567005 -0.0101562 0.0135925 0.00556099 0.999927 -0.0107346 0.0104465 0.0102163 0.0106774 0.999891 0.44939 
126
46
525.871
0.999999 0.000989548 0.000531031 -0.00040354 -0.00099054 0.999998 0.00187214 -0.0042549 -0.000529177 -0.00187266 0.999998 0.471565 
119
47
309.755
0.999976 -0.00319789 -0.00611796 0.0115456 0.00319252 0.999995 -0.00088838 0.00391768 0.00612077 0.000868827 0.999981 0.445695 
115
53
412.073
0.999987 -0.0023297 -0.00444695 0.0238829 0.00232807 0.999997 -0.000371319 -0.0196042 0.00444781 0.000360962 0.99999 0.464452 
123
58
435.534
0.999994 -0.000643106 0.00348643 0.00019341 0.000670387 0.999969 -0.00782956 0.0034185 -0.00348129 0.00783185 0.999963 0.44374 
113
57
374.327
0.999996 -0.00278643 -0.000446301 -0.00230258 0.00278537 0.999993 -0.00234977 -0.0125704 0.000452845 0.00234852 0.999997 0.47065 
117
47
333.053
0.99994 -0.00457629 0.00991546 0.00347925 0.00453122 0.999979 0.00456338 -0.0105657 -0.00993614 -0.00451818 0.99994 0.473537 
102
48
296.113
0.997147 -0.00201178 0.0754558 -0.0124599 0.0024024 0.999984 -0.00508644 -0.00726823 -0.0754444 0.00525321 0.997136 0.284041 
122
50
608.051
0.997147 -0.00201178 0.0754558 -0.0124599 0.0024024 0.999984 -0.00508644 -0.00726823 -0.0754444 0.00525321 0.997136 0.284041 
116
54
783.51
0.997147 -0.00201178 0.0754558 -0.0124599 0.0024024 0.999984 -0.00508644 -0.00726823 -0.0754444 0.00525321 0.997136 0.284041 
125
51
827.106
0.997147 -0.00201178 0.0754558 -0.0124599 0.0024024 0.999984 -0.00508644 -0.00726823 -0.0754444 0.00525321 0.997136 0.284041 
136
50
751.741
0.999831 0.00171635 0.0183279 -0.0034338 -0.00155761 0.999961 -0.00867202 0.0146277 -0.0183421 0.008642 0.999794 0.389116 
128
47
302.186
0.999986 -0.00213171 -0.00488795 0.000445602 0.00216282 0.999977 0.00636978 0.00801779 0.00487426 -0.00638026 0.999968 0.453726 
126
45
507.367
0.999977 0.00383509 -0.00552478 -0.0071513 -0.00385677 0.999985 -0.00391883 -0.0124016 0.00550967 0.00394004 0.999977 0.436887 
127
52
437.446
0.999983 -0.000980655 0.00580781 0.00224336 0.000971299 0.999998 0.00161362 0.00636335 -0.00580938 -0.00160795 0.999982 0.479678 
132
59
469.029
0.999894 0.0096593 0.0108559 -0.0196697 -0.00955933 0.999912 -0.009223 -0.00207012 -0.010944 0.00911825 0.999899 0.447756 
132
43
560.628
0.999998 -0.000397276 -0.00195405 -0.0174587 0.000401287 0.999998 0.00205265 -0.00586999 0.00195323 -0.00205343 0.999996 0.45754 
145
53
720.303
0.999945 0.00487612 0.00932977 -0.00753985 -0.00487038 0.999988 -0.00063843 -0.00763108 -0.00933277 0.000592955 0.999956 0.45403 
148
60
698.954
0.999961 0.00294494 0.00836697 -0.00422034 -0.00286228 0.999947 -0.00987408 -0.0199343 -0.0083956 0.00984974 0.999916 0.439115 
149
51
647.385
0.99995 0.00694605 0.00725024 -0.0138738 -0.0069322 0.999974 -0.00193342 -0.0133414 -0.00726348 0.00188306 0.999972 0.467801 
144
56
658.723
1 -0.000759462 0.000632015 0.00680775 0.000759098 1 0.00057502 -0.0103089 -0.000632452 -0.00057454 1 0.45799 
147
64
707.188
0.999929 -0.00219018 -0.0116727 0.0212667 0.00212239 0.999981 -0.00581642 0.00727843 0.0116852 0.00579124 0.999915 0.445143 
147
52
551.426
0.999995 -0.0023407 0.00198985 -0.00194427 0.00234218 0.999997 -0.000740405 -0.00972422 -0.00198811 0.000745062 0.999998 0.466086 
150
58
711.181
0.999993 -0.00178728 -0.00340989 -0.00574119 0.0017584 0.999963 -0.00845593 0.00305819 0.00342488 0.00844988 0.999958 0.44409 
149
50
744.303
0.999964 0.00842757 -0.000240299 -0.0130113 -0.00842845 0.999957 -0.00392883 -0.0151595 0.000207178 0.00393071 0.999992 0.453149 
149
63
677.587
0.999869 0.000588227 -0.0162038 -0.0167482 -0.000601186 1 -0.000794879 0.00611121 0.0162033 0.000804516 0.999868 0.465758 
148
53
735.93
0.999973 -0.00365497 -0.00641095 0.00264678 0.00363476 0.999988 -0.00316161 0.00515179 0.00642243 0.00313823 0.999974 0.444242 
150
57
742.758
0.999986 -0.00297524 0.00439219 0.0246786 0.00295901 0.999989 0.0036962 -0.00627385 -0.00440314 -0.00368315 0.999984 0.451727 
150
49
626.477
0.992933 -0.00449236 0.11859 -0.00214369 0.00468337 0.999988 -0.00133204 -0.00704327 -0.118583 0.00187803 0.992942 0.201581 
147
47
729.817
0.999345 -0.000679319 0.0361814 0.00743289 0.000720039 0.999999 -0.00111242 -0.00154695 -0.0361806 0.00113775 0.999345 0.333912 
148
59
644.9
0.999982 -0.00403642 0.0043344 0.00970138 0.00400727 0.999969 0.00671319 0.00154137 -0.00436137 -0.0066957 0.999968 0.475426 
148
52
745.703
0.999879 -0.00271262 -0.0152884 -0.00251163 0.00265246 0.999989 -0.00395436 0.00279313 0.015299 0.00391333 0.999875 0.455403 
150
58
615.53
0.999897 -0.000626164 -0.0143248 0.013119 0.00067079 0.999995 0.00311075 -0.0165289 0.0143228 -0.00312004 0.999893 0.463309 
150
60
648.708
0.999708 0.00835009 -0.0226779 -0.00836564 -0.00856365 0.99992 -0.00933622 -0.000730556 0.0225981 0.0095277 0.999699 0.443776 
146
45
591.477
0.999892 -0.00490933 0.0138598 0.00540874 0.00502281 0.999954 -0.00816479 -0.0146351 -0.0138191 0.00823352 0.999871 0.442136 
150
56
836.224
0.999968 0.00129528 0.00785226 0.000265676 -0.00121606 0.999948 -0.0100856 0.0121077 -0.00786492 0.0100757 0.999918 0.453626 
150
51
682.137
0.999957 0.0074848 0.00555785 -0.0317203 -0.00752065 0.999951 0.00645709 0.00965689 -0.00550925 -0.00649861 0.999964 0.465887 
150
52
771.07
0.999965 -0.00838056 -0.000325798 0.0148192 0.00837668 0.99991 -0.0104917 -0.031303 0.000413695 0.0104886 0.999945 0.444292 
148
44
518.759
0.999982 0.000826592 0.00587813 -0.00176848 -0.000807728 0.999995 -0.00321075 -0.0188267 -0.00588075 0.00320594 0.999978 0.456557 
145
48
742.706
0.999872 0.0130914 0.00915805 -0.0304183 -0.0130952 0.999914 0.000357598 -0.00860738 -0.00915258 -0.00047748 0.999958 0.443898 
150
52
822.104
0.999744 -0.00740607 0.0213806 0.00979402 0.00687086 0.999664 0.0249981 0.000628622 -0.0215586 -0.0248448 0.999459 0.460349 
150
46
833.999
0.97768 -0.0117403 0.209769 0.160253 0.0139515 0.999862 -0.0090646 -0.210219 -0.209634 0.0117889 0.977709 -0.502492 
150
46
973.284
0.97768 -0.0117403 0.209769 0.160253 0.0139515 0.999862 -0.0090646 -0.210219 -0.209634 0.0117889 0.977709 -0.502492 
150
50
982.858
0.97768 -0.0117403 0.209769 0.160253 0.0139515 0.999862 -0.0090646 -0.210219 -0.209634 0.0117889 0.977709 -0.502492 
150
49
1083.14
0.97768 -0.0117403 0.209769 0.160253 0.0139515 0.999862 -0.0090646 -0.210219 -0.209634 0.0117889 0.977709 -0.502492 
142
51
1076.7
0.97768 -0.0117403 0.209769 0.160253 0.0139515 0.999862 -0.0090646 -0.210219 -0.209634 0.0117889 0.977709 -0.502492 
144
56
936.759
0.97768 -0.0117403 0.209769 0.160253 0.0139515 0.999862 -0.0090646 -0.210219 -0.209634 0.0117889 0.977709 -0.502492 
143
55
831.219
0.97768 -0.0117403 0.209769 0.160253 0.0139515 0.999862 -0.0090646 -0.210219 -0.209634 0.0117889 0.977709 -0.502492 
147
56
760.869
0.97768 -0.0117403 0.209769 0.160253 0.0139515 0.999862 -0.0090646 -0.210219 -0.209634 0.0117889 0.977709 -0.502492 
150
66
796.315
0.97768 -0.0117403 0.209769 0.160253 0.0139515 0.999862 -0.0090646 -0.210219 -0.209634 0.0117889 0.977709 -0.502492 
147
58
951.637
0.97768 -0.0117403 0.209769 0.160253 0.0139515 0.999862 -0.0090646 -0.210219 -0.209634 0.0117889 0.977709 -0.502492 
146
50
988.198
0.97768 -0.0117403 0.209769 0.160253 0.0139515 0.999862 -0.0090646 -0.210219 -0.209634 0.0117889 0.977709 -0.502492 
148
53
944.604
0.97768 -0.0117403 0.209769 0.160253 0.0139515 0.999862 -0.0090646 -0.210219 -0.209634 0.0117889 0.977709 -0.502492 
145
53
919.588
0.994044 -0.0251908 0.10603 0.0761162 0.0260322 0.99964 -0.00655927 0.0126465 -0.105826 0.00928038 0.994341 0.209862 
147
49
747.778
0.999992 -0.0021273 -0.00351832 0.0148812 0.00213474 0.999995 0.00211311 -0.0113043 0.00351381 -0.00212061 0.999992 0.466746 
149
51
706.584
0.999988 0.00419483 0.00251001 -0.0267027 -0.0041945 0.999991 -0.000134414 0.00880022 -0.00251055 0.000123885 0.999997 0.465521 
149
45
722.165
0.999993 -0.00260425 -0.00260989 0.00368232 0.00260864 0.999995 0.00167725 -0.0240738 0.00260551 -0.00168405 0.999995 0.456752 
142
53
691.614
0.999988 0.00164016 0.00455696 -0.022262 -0.00163425 0.999998 -0.00130158 0.00316196 -0.00455909 0.00129411 0.999989 0.463878 
144
48
804.435
0.999908 0.00736448 0.0113716 -0.00424672 -0.00734967 0.999972 -0.00134351 0.0142319 -0.0113812 0.00125981 0.999934 0.462887 
144
52
778.93
0.999856 0.011119 0.0127839 -0.00552626 -0.011126 0.999938 0.000475727 0.0196105 -0.0127778 -0.000617893 0.999918 0.450971 
140
52
705.448
0.999947 -0.00452012 0.00924969 0.000150653 0.00457394 0.999973 -0.0058063 -0.0126893 -0.00922319 0.0058483 0.99994 0.449431 
144
57
745.742
0.999964 -0.00225418 -0.00813544 0.00581062 0.00224832 0.999997 -0.000729026 -0.0234717 0.00813706 0.000710709 0.999967 0.455685 
144
63
662.366
0.999923 -0.00698195 -0.010241 0.0100731 0.00707256 0.999936 0.00883892 -0.00868158 0.0101786 -0.00891067 0.999908 0.468057 
144
52
647.745
0.99997 0.00740452 0.00207765 -0.0141865 -0.0073969 0.999966 -0.00365063 -0.0261408 -0.00210461 0.00363516 0.999991 0.442257 
144
54
623.385
0.999902 -0.0112573 0.00828323 0.0199304 0.0112267 0.99993 0.00372883 -0.0119456 -0.00832462 -0.00363548 0.999959 0.46017 
144
59
749.21
0.999135 0.000939426 -0.04157 0.0014944 -0.00127779 0.999966 -0.00811386 0.0128701 0.041561 0.00815996 0.999103 0.358776 
142
62
674.324
0.999135 0.000939426 -0.04157 0.0014944 -0.00127779 0.999966 -0.00811386 0.0128701 0.041561 0.00815996 0.999103 0.358776 
142
52
1047.36
0.999135 0.000939426 -0.04157 0.0014944 -0.00127779 0.999966 -0.00811386 0.0128701 0.041561 0.00815996 0.999103 0.358776 
137
52
1017.76
0.999135 0.000939426 -0.04157 0.0014944 -0.00127779 0.999966 -0.00811386 0.0128701 0.041561 0.00815996 0.999103 0.358776 
138
50
895.14
0.981365 0.000747058 -0.192152 0.00240749 -0.00396078 0.999859 -0.0163413 0.0108096 0.192113 0.0167978 0.981229 0.0492453 
138
52
1081.94
0.999998 -0.000257445 0.00217951 0.00755411 0.000255355 1 0.000958819 0.00441224 -0.00217976 -0.00095826 0.999997 0.458082 
138
60
645.608
0.999999 0.0013543 -0.000880005 -0.0122349 -0.0013584 0.999988 -0.00467399 -0.00510604 0.000873664 0.00467518 0.999989 0.451703 
133
60
460.123
0.999977 0.00156507 0.00661171 0.00382926 -0.00159165 0.999991 0.00401755 -0.00688748 -0.00660537 -0.00402798 0.99997 0.460384 
139
64
673.125
0.999999 0.000451176 0.00124298 0.00860891 -0.000441868 0.999972 -0.00747825 0.0193449 -0.00124632 0.0074777 0.999971 0.453499 
143
69
801.176
0.999988 0.000970665 -0.00485869 -0.00246631 -0.000979574 0.999998 -0.00183167 -0.0111199 0.0048569 0.00183641 0.999987 0.448277 
147
59
708.034
0.999965 -0.00654587 -0.00527875 0.00361848 0.00652122 0.999968 -0.00467308 -0.0129685 0.00530917 0.00463849 0.999975 0.444659 
149
56
694.288
0.99931 0.00111257 -0.037134 -0.00540979 -0.00109779 0.999999 0.000418247 -0.00816961 0.0371345 -0.000377193 0.99931 0.38492 
150
60
592.303
0.99931 0.00111257 -0.037134 -0.00540979 -0.00109779 0.999999 0.000418247 -0.00816961 0.0371345 -0.000377193 0.99931 0.38492 
144
55
790.847
0.99931 0.00111257 -0.037134 -0.00540979 -0.00109779 0.999999 0.000418247 -0.00816961 0.0371345 -0.000377193 0.99931 0.38492 
144
55
859.457
0.99931 0.00111257 -0.037134 -0.00540979 -0.00109779 0.999999 0.000418247 -0.00816961 0.0371345 -0.000377193 0.99931 0.38492 
146
47
832.702
0.99931 0.00111257 -0.037134 -0.00540979 -0.00109779 0.999999 0.000418247 -0.00816961 0.0371345 -0.000377193 0.99931 0.38492 
150
50
1029.79
0.99931 0.00111257 -0.037134 -0.00540979 -0.00109779 0.999999 0.000418247 -0.00816961 0.0371345 -0.000377193 0.99931 0.38492 
150
48
1076.56
0.984587 0.000318854 -0.174894 -0.00138087 0.000174107 0.999996 0.00280328 -0.00282473 0.174894 -0.00279052 0.984583 0.0900108 
150
61
771.332
0.999957 -0.00107438 -0.00916369 0.000782742 0.00102555 0.999985 -0.00533127 -0.00789594 0.00916928 0.00532164 0.999944 0.449414 
150
70
843.043
0.999886 0.0147353 0.00314492 -0.036313 -0.0147248 0.999886 -0.00334532 -0.0155006 -0.00319386 0.00329864 0.999989 0.475005 
150
50
663.445
0.999963 -0.00126975 -0.00855207 0.00449842 0.00123622 0.999992 -0.00392456 -0.0427046 0.00855699 0.00391384 0.999956 0.451996 
149
58
721.319
0.999974 0.00646145 0.00307775 -0.0178665 -0.00645702 0.999978 -0.00144642 -0.00609553 -0.00308703 0.00142651 0.999994 0.457523 
150
58
741.516
0.999962 -0.00775627 0.00393947 0.0152035 0.00776136 0.999969 -0.00127972 0.00943103 -0.00392942 0.00131025 0.999991 0.453583 
150
56
826.207
0.999916 -0.0010495 -0.0128822 0.00786877 0.00112735 0.999981 0.00603768 -0.019714 0.0128756 -0.0060517 0.999899 0.468343 
150
57
850.46
0.999981 -0.00183861 0.00590102 0.00340818 0.00186033 0.999992 -0.00367631 -0.0063869 -0.00589421 0.00368722 0.999976 0.462761 
150
52
829.875
0.999963 0.00234108 0.00823927 -0.0165039 -0.00224317 0.999927 -0.0118734 0.0174727 -0.00826646 0.0118545 0.999896 0.436888 
144
45
676.11
0.999976 0.00550918 0.00418966 -0.00705924 -0.0054945 0.999979 -0.00350803 0.0163913 -0.0042089 0.00348493 0.999985 0.457001 
150
44
778.979
0.999986 -0.00205122 -0.00488612 0.00114898 0.00205248 0.999998 0.000253496 0.0044663 0.00488559 -0.000263521 0.999988 0.461354 
147
57
848.259
0.999988 -0.00471998 -0.00121799 0.0139644 0.0047205 0.999989 0.000426107 0.00746966 0.00121597 -0.000431851 0.999999 0.450423 
150
55
875.983
0.999993 -0.00334278 -0.00135354 -0.00853347 0.00335342 0.999963 0.00794376 -0.0167674 0.00132694 -0.00794825 0.999968 0.474665 
145
39
876.163
0.999942 0.00581231 -0.00904807 -0.00147205 -0.00577326 0.999974 0.00433557 -0.00341773 0.00907304 -0.00428308 0.99995 0.455907 
146
44
736.551
0.999991 -0.00415976 -0.00122598 0.00842368 0.00415875 0.999991 -0.000824852 -0.0252747 0.0012294 0.000819746 0.999999 0.452279 
148
44
969.746
0.999993 0.00206203 0.0032504 -0.00713289 -0.00205155 0.999993 -0.00322535 -0.00992676 -0.00325703 0.00321866 0.99999 0.455187 
146
56
874.949
0.999981 -0.00614932 -0.00106939 0.00384395 0.00615048 0.99998 0.00108726 -0.0230008 0.00106269 -0.00109381 0.999999 0.464055 
150
56
717.093
0.999976 -0.000519193 -0.00688508 -0.000332736 0.000522595 1 0.000492343 -0.00292065 0.00688482 -0.00049593 0.999976 0.470765 
140
60
469.735
0.999997 0.000865236 0.00239228 0.00150538 -0.000861152 0.999998 -0.00170749 -0.00111674 -0.00239375 0.00170543 0.999996 0.466395 
146
66
491.656
0.999995 0.00272809 -0.00159624 -0.0138797 -0.00273038 0.999995 -0.0014372 -0.000132782 0.00159231 0.00144155 0.999998 0.447888 
140
52
378.15
0.999997 -0.000580058 -0.00239872 -0.0127624 0.000576937 0.999999 -0.00130169 0.00310874 0.00239947 0.0013003 0.999996 0.455839 
135
57
411.5
0.999532 -0.0017726 0.0305526 -0.0581687 0.00185152 0.999995 -0.00255527 0.00585037 -0.0305479 0.00261065 0.99953 0.439456 
130
54
330.818
0.981348 -0.0207828 0.191113 0.0551369 0.0215089 0.999767 -0.00172538 -0.00684811 -0.191032 0.00580383 0.981567 0.0886647 
137
41
1073.04
0.999906 -0.00282964 -0.0133796 0.00968814 0.00278046 0.999989 -0.00369322 -0.00368784 0.0133899 0.00365567 0.999904 0.434754 
125
49
410.745
1 0.00018072 -0.000664207 0.0880973 -0.000181609 0.999999 -0.00133784 0.00469413 0.000663965 0.00133796 0.999999 0.477838 
113
43
492.104
0.999996 -0.00250087 -0.0010222 -0.00110045 0.00249554 0.999983 -0.00518253 -0.000427723 0.00103514 0.00517996 0.999986 0.447789 
116
41
517.22
0.999945 -0.000847317 -0.0104451 -0.0270808 0.000882044 0.999994 0.00332054 0.00663266 0.0104422 -0.00332957 0.99994 0.465088 
133
42
688.746
0.999853 0.0112941 -0.0129042 0.0900119 -0.0110176 0.999712 0.0213027 -0.0738953 0.0131411 -0.0211574 0.99969 0.487748 
131
42
451.598
0.999969 -0.00702536 -0.00351984 0.0416989 0.00704158 0.999965 0.00461865 -0.0149315 0.00348727 -0.0046433 0.999983 0.462164 
128
35
452.363
0.999997 0.00173154 0.00169809 -0.0112077 -0.00173898 0.999989 0.00438855 -0.0153161 -0.00169047 -0.00439149 0.999989 0.466019 
123
42
399.845
0.999808 -0.00950907 -0.0171301 0.016905 0.00924369 0.999837 -0.0155053 -0.00607872 0.0172747 0.015344 0.999733 0.428522 
127
45
509.657
0.999977 -0.00185545 -0.00649657 -0.00938383 0.00186476 0.999997 0.00142736 0.0273615 0.00649391 -0.00143944 0.999978 0.47713 
128
41
562.05
0.999964 0.00302666 0.00790977 0.0133765 -0.00309064 0.999963 0.00808929 -0.0138512 -0.00788499 -0.00811345 0.999936 0.470925 
127
45
558.708
0.999968 0.000186137 0.00795837 -0.0161984 -0.000161519 0.999995 -0.00309377 0.0089128 -0.00795891 0.00309238 0.999964 0.465204 
137
47
817.272
0.999963 -0.000646099 0.00855214 0.0182673 0.000691066 0.999986 -0.00525606 -0.0226623 -0.00854862 0.00526178 0.99995 0.439305 
137
52
713.811
0.984563 0.000969087 -0.17503 0.00413966 -0.000374818 0.999994 0.00342827 0.00477983 0.175032 -0.00330974 0.984557 0.0693103 
137
53
778.56
0.999998 0.000764728 -0.00161242 -0.0026855 -0.000767192 0.999999 -0.00152834 -0.000668345 0.00161124 0.00152958 0.999998 0.422371 
132
61
417.498
0.999982 -0.00258254 0.00542619 0.00649535 0.00260996 0.999984 -0.00505369 0.00581668 -0.00541305 0.00506777 0.999973 0.459252 
137
53
642.1
0.999998 -0.000506843 -0.00178349 0.0103815 0.000512165 0.999995 0.0029845 -0.00763112 0.00178197 -0.00298541 0.999994 0.455124 
142
54
736.142
0.999996 -0.000460887 0.00293442 -0.0136431 0.000460409 1 0.000163597 0.0020194 -0.0029345 -0.000162246 0.999996 0.464959 
142
69
757.902
0.999982 0.000870776 0.00588803 -0.00648744 -0.000921168 0.999963 0.00856103 -0.018337 -0.00588035 -0.0085663 0.999946 0.456809 
137
57
668.145
0.99996 0.00103755 0.00885791 -0.0089256 -0.0010356 0.999999 -0.000224859 -0.00696771 -0.00885813 0.000215677 0.999961 0.490844 
129
46
391.521
0.999999 0.000881901 0.0010463 0.00136275 -0.000879599 0.999997 -0.00219877 -0.00264711 -0.00104823 0.00219785 0.999997 0.467785 
132
58
463.787
0.999995 -0.000153555 0.00326353 0.00163792 0.000152501 1 0.000323045 -0.00340645 -0.00326358 -0.000322546 0.999995 0.522875 
147
67
499.666
0.999997 -0.000248336 -0.00257395 0.00145798 0.00024592 1 -0.000938833 -0.000964502 0.00257418 0.000938197 0.999996 0.50473 
135
58
439.91
0.999996 -0.00158867 0.00254082 -0.0185327 0.00158604 0.999998 0.00103883 -0.000468669 -0.00254246 -0.00103479 0.999996 0.48534 
134
72
481.341
0.999996 0.000467345 -0.00285731 0.00560278 -0.000468399 1 -0.000368354 -0.00424736 0.00285714 0.00036969 0.999996 0.467281 
135
56
827.827
0.99995 -0.00252966 -0.0096838 0.0179839 0.002567 0.999989 0.00384574 -0.0145476 0.00967397 -0.0038704 0.999946 0.471528 
146
56
650.319
0.999955 0.000782555 -0.00943598 -0.0027776 -0.00078129 1 0.000137748 -0.00848098 0.00943608 -0.00013037 0.999955 0.453377 
146
67
768.649
0.999954 0.0004993 0.00954636 -0.0153161 -0.000531452 0.999994 0.00336577 -0.00605561 -0.00954463 -0.00337069 0.999949 0.498535 
134
46
462.28
0.999904 0.00625418 0.0123859 -0.0334531 -0.00621725 0.999976 -0.00301791 -0.0115388 -0.0124045 0.00294061 0.999919 0.44516 
129
48
429.209
0.999839 3.61605e-05 0.0179474 -0.000548995 -4.77839e-05 1 0.000647206 0.00195658 -0.0179473 -0.000647959 0.999839 0.46285 
134
52
471.756
0.97441 -0.00797494 0.224637 -0.200369 0.00764718 0.999968 0.00232909 0.0311519 -0.224649 -0.000551642 0.97444 -0.0512694 
141
55
964.381
0.998405 0.000242546 0.0564646 0.0135574 -0.000340728 0.999998 0.00172921 -0.0232528 -0.0564641 -0.00174569 0.998403 0.384825 
130
49
606.013
0.999332 -0.0114967 0.0346919 0.0233083 0.0118851 0.999869 -0.0110107 -0.0233096 -0.0345607 0.0114156 0.999337 0.403787 
132
39
590
0.998459 -0.00170311 0.0554709 0.0098756 0.00198903 0.999985 -0.00509969 -0.00388605 -0.0554614 0.00520216 0.998447 0.327206 
144
50
732.098
0.998459 -0.00170311 0.0554709 0.0098756 0.00198903 0.999985 -0.00509969 -0.00388605 -0.0554614 0.00520216 0.998447 0.327206 
144
61
783.666
0.998459 -0.00170311 0.0554709 0.0098756 0.00198903 0.999985 -0.00509969 -0.00388605 -0.0554614 0.00520216 0.998447 0.327206 
142
66
932.967
0.998459 -0.00170311 0.0554709 0.0098756 0.00198903 0.999985 -0.00509969 -0.00388605 -0.0554614 0.00520216 0.998447 0.327206 
137
57
755.233
0.998459 -0.00170311 0.0554709 0.0098756 0.00198903 0.999985 -0.00509969 -0.00388605 -0.0554614 0.00520216 0.998447 0.327206 
145
68
1045.34
0.985302 -0.00626218 0.170708 0.0175149 0.00643179 0.999979 -0.000440511 -0.0017822 -0.170702 0.00153199 0.985322 0.103034 
139
61
752.814
0.999997 -0.000944761 -0.00240396 -0.00095647 0.00093155 0.999984 -0.00549074 -0.00573405 0.00240911 0.00548849 0.999982 0.44997 
144
85
346.714
0.999999 0.000949898 -0.00115142 -0.000713734 -0.000951872 0.999998 -0.00171582 -0.00855737 0.00114978 0.00171692 0.999998 0.469418 
147
84
440.435
0.999997 0.000933669 -0.00205725 0.0193801 -0.000939307 0.999996 -0.00274125 -0.0214993 0.00205469 0.00274318 0.999994 0.467541 
148
71
502.768
