1 0 0 0 0 1 0 0 0 0 1 0 
90
62
111.421
0.999994 -0.00332675 0.000648825 -0.100732 0.00332827 0.999992 -0.00234438 0.0556192 -0.000641021 0.00234652 0.999997 0.448954 
89
65
150.447
0.999998 0.000364963 -0.00198923 -0.0293595 -0.000359839 0.999997 0.00257575 -0.047246 0.00199016 -0.00257503 0.999995 0.710778 
90
67
120.617
0.999998 0.000364963 -0.00198923 -0.0293595 -0.000359839 0.999997 0.00257575 -0.047246 0.00199016 -0.00257503 0.999995 0.710778 
90
59
164.551
0.999998 0.000364963 -0.00198923 -0.0293595 -0.000359839 0.999997 0.00257575 -0.047246 0.00199016 -0.00257503 0.999995 0.710778 
90
67
135.627
0.999998 0.000364963 -0.00198923 -0.0293595 -0.000359839 0.999997 0.00257575 -0.047246 0.00199016 -0.00257503 0.999995 0.710778 
90
61
153.883
1 0.000181263 0.000733357 0.0221601 -0.000181921 1 0.000896787 -0.0365024 -0.000733194 -0.000896921 0.999999 1.06841 
88
54
177.71
0.999999 -0.000661863 -0.000858528 -0.00829027 0.000661755 1 -0.000125266 0.0256037 0.000858611 0.000124698 1 0.6884 
90
61
150.499
0.999991 -0.00408823 0.000601616 -0.17796 0.00408846 0.999992 -0.000391304 0.0360175 -0.000600011 0.00039376 1 0.565983 
90
62
125.714
