1 -0.000463922 0.000849257 0.010087 0.000462732 0.999999 0.00140153 0.00213762 -0.000849906 -0.00140114 0.999999 0.434977 
150
88
481.86
0.999999 -0.000401959 0.00119594 -0.00240463 0.00040315 0.999999 -0.000995448 7.24226e-05 -0.00119554 0.000995929 0.999999 0.46369 
146
91
470.501
0.999999 0.000194779 -0.0011315 -0.0255111 -0.000195447 1 -0.000589959 -0.00391268 0.00113138 0.00059018 0.999999 0.470912 
150
97
562.747
0.999732 0.000128482 0.0231465 -0.0101205 -0.00171745 0.99764 0.0686414 0.000189891 -0.0230831 -0.0686628 0.997373 0.508993 
150
59
848.763
0.975813 0.00133704 0.218603 -0.0290072 0.012041 0.998135 -0.0598542 -0.00275472 -0.218275 0.0610387 0.973977 -0.112819 
147
43
942
0.975813 0.00133704 0.218603 -0.0290072 0.012041 0.998135 -0.0598542 -0.00275472 -0.218275 0.0610387 0.973977 -0.112819 
150
57
746.779
0.979479 -0.00539245 0.201475 -0.0443317 0.00567658 0.999984 -0.000832494 -0.11705 -0.201467 0.0019591 0.979493 -0.298243 
150
58
670.684
0.979479 -0.00539245 0.201475 -0.0443317 0.00567658 0.999984 -0.000832494 -0.11705 -0.201467 0.0019591 0.979493 -0.298243 
150
55
779.221
0.999406 -0.000679417 0.0344654 0.00904387 0.000914473 0.999976 -0.00680475 0.00623497 -0.03446 0.00683223 0.999383 0.390728 
150
44
460.15
0.999999 -0.000178892 0.00105466 -0.000222944 0.000179002 1 -0.000104012 -0.00278339 -0.00105464 0.0001042 0.999999 0.486761 
146
82
470.189
1 0.00012306 -0.000895655 0.00571051 -0.000122849 1 0.000235853 -0.00886295 0.000895684 -0.000235743 1 0.458684 
150
91
532.643
1 0.000116461 -0.000271463 0.00387765 -0.000116519 1 -0.000214754 -0.00767074 0.000271438 0.000214786 1 0.451233 
148
87
389.949
1 -3.74277e-05 -0.000881737 -0.00586021 3.7754e-05 1 0.000370151 -0.00346331 0.000881723 -0.000370184 1 0.460363 
146
89
504.915
0.999999 -0.000258263 0.0012521 -0.0149803 0.000260357 0.999999 -0.00167261 -0.00367471 -0.00125166 0.00167294 0.999998 0.453473 
137
81
321.359
0.999999 -0.000657372 0.0012472 0.0320209 0.000654855 0.999998 0.00201813 -0.016994 -0.00124853 -0.00201731 0.999997 0.45327 
146
77
506.739
1 -0.000203041 0.000722905 -0.0266236 0.000204843 0.999997 -0.00249398 0.0167109 -0.000722397 0.00249413 0.999997 0.442044 
145
67
568.355
0.996194 -0.00678378 0.0868999 -0.0475285 0.0084138 0.999795 -0.0184049 -0.0292995 -0.0867573 0.019066 0.996047 0.294343 
139
39
509.628
0.975846 -0.00284601 0.218443 -0.057865 0.00279305 0.999996 0.000551265 0.0302929 -0.218444 7.21721e-05 0.97585 -0.051078 
149
53
939.518
0.975846 -0.00284601 0.218443 -0.057865 0.00279305 0.999996 0.000551265 0.0302929 -0.218444 7.21721e-05 0.97585 -0.051078 
150
59
792.539
0.977713 0.00276587 0.20993 -0.044932 -0.0014033 0.999977 -0.00663927 0.00984409 -0.209943 0.00619671 0.977694 -0.103567 
143
57
838.494
0.977713 0.00276587 0.20993 -0.044932 -0.0014033 0.999977 -0.00663927 0.00984409 -0.209943 0.00619671 0.977694 -0.103567 
144
63
729.574
0.990164 0.000126055 0.13991 0.0161596 0.000522753 0.999989 -0.00460056 0.00345444 -0.139909 0.00462845 0.990154 0.156469 
144
63
698.609
1 -9.15976e-05 -0.000110261 -0.0187665 9.1586e-05 1 -0.000105255 -0.00259792 0.000110271 0.000105245 1 0.47544 
132
77
255.668
1 0.000343471 0.00032796 0.00262165 -0.000343453 1 -5.50565e-05 0.00454564 -0.000327979 5.49438e-05 1 0.474468 
141
80
462.256
1 0.000360479 -4.43397e-05 0.00221068 -0.00036049 1 -0.000250672 0.00442981 4.42493e-05 0.000250688 1 0.463658 
143
81
568.399
1 -0.000205741 -0.000478395 0.00245482 0.000205579 1 -0.000338407 0.00250213 0.000478465 0.000338309 1 0.465412 
144
84
472.52
0.999999 -0.00134623 -0.000908829 0.000248044 0.00134769 0.999998 0.00160599 0.00036795 0.000906665 -0.00160721 0.999998 -0.0512899 
144
78
338.668
1 -6.71878e-05 0.000851823 0.00197756 6.81195e-05 0.999999 -0.00109382 -0.00938457 -0.000851749 0.00109388 0.999999 0.461454 
139
82
408.459
1 -0.00011952 -0.000202006 0.00124857 0.000119489 1 -0.000155123 0.000610341 0.000202025 0.000155099 1 0.474372 
137
74
326.903
0.997188 -0.00123878 0.0749337 0.00891303 0.00041308 0.999939 0.0110336 -0.0180981 -0.0749428 -0.0109716 0.997127 0.305548 
144
60
486.397
0.997188 -0.00123878 0.0749337 0.00891303 0.00041308 0.999939 0.0110336 -0.0180981 -0.0749428 -0.0109716 0.997127 0.305548 
140
57
714.58
0.976112 -0.00264472 0.217253 -0.03427 0.00108981 0.999973 0.00727662 -0.0395507 -0.217266 -0.00686603 0.976088 -0.140286 
140
50
793.619
0.977467 -0.0062329 0.210997 -0.0859521 0.00931671 0.999864 -0.0136244 -0.00944875 -0.210883 0.0152832 0.977392 0.182102 
141
47
731.801
0.977467 -0.0062329 0.210997 -0.0859521 0.00931671 0.999864 -0.0136244 -0.00944875 -0.210883 0.0152832 0.977392 0.182102 
146
57
911.405
0.977467 -0.0062329 0.210997 -0.0859521 0.00931671 0.999864 -0.0136244 -0.00944875 -0.210883 0.0152832 0.977392 0.182102 
149
46
836.894
