0.999993 -0.000276677 -0.00376558 0.0112139 0.000265725 0.999996 -0.00290866 -0.000406058 0.00376637 0.00290764 0.999989 0.346826 
146
80
717.908
0.999996 0.00278638 -0.000969241 -0.000547638 -0.00278425 0.999994 0.00218798 0.00451804 0.000975331 -0.00218527 0.999997 0.47406 
137
79
776.482
0.999992 -0.00286065 -0.00273541 0.00518828 0.00287175 0.999988 0.00405928 -0.000125804 0.00272376 -0.00406711 0.999988 0.456826 
141
91
964.902
0.999984 -0.00389184 -0.00415645 0.0161664 0.00388078 0.999989 -0.00266335 0.0147769 0.00416677 0.00264718 0.999988 0.47498 
147
77
1082.97
0.999997 0.000796624 0.00250528 -0.0106963 -0.000782086 0.999983 -0.00579848 0.013508 -0.00250986 0.0057965 0.99998 0.466426 
139
79
869.451
0.999997 -0.00226493 0.000576359 -0.002191 0.00226737 0.999988 -0.00426755 0.0148726 -0.000566687 0.00426884 0.999991 0.441452 
136
68
690.935
0.999997 -0.00146468 -0.0021448 0.0111261 0.00146477 0.999999 3.99405e-05 0.000322574 0.00214474 -4.3082e-05 0.999998 0.447291 
137
68
673.899
0.999986 -0.00533383 -2.7843e-05 0.0121255 0.00533388 0.999984 0.00212475 0.00201621 1.65095e-05 -0.00212486 0.999998 0.483871 
138
84
901.587
1 0.000426713 0.000258519 -0.0100556 -0.00042583 0.999994 -0.00340508 -0.00345364 -0.000259971 0.00340497 0.999994 0.482866 
132
75
843.443
1 0.000426713 0.000258519 -0.0100556 -0.00042583 0.999994 -0.00340508 -0.00345364 -0.000259971 0.00340497 0.999994 0.482866 
150
81
1958.52
1 0.000426713 0.000258519 -0.0100556 -0.00042583 0.999994 -0.00340508 -0.00345364 -0.000259971 0.00340497 0.999994 0.482866 
141
100
3290.62
1 0.000426713 0.000258519 -0.0100556 -0.00042583 0.999994 -0.00340508 -0.00345364 -0.000259971 0.00340497 0.999994 0.482866 
134
93
2313.17
0.988622 0.0137272 -0.149796 -0.0614045 -0.0154935 0.999823 -0.0106306 0.0108716 0.149623 0.0128305 0.98866 0.0933381 
138
73
2630.43
0.999997 0.0017169 0.00168554 -0.0188002 -0.0017114 0.999993 -0.00325777 0.0262971 -0.00169112 0.00325488 0.999993 0.480812 
133
60
903.097
0.999778 0.0167606 0.0127482 -0.0575496 -0.0166492 0.999823 -0.00879662 0.0414357 -0.0128934 0.00858242 0.99988 0.480303 
135
60
996.917
0.999996 -0.00247896 -0.000951332 -0.00460594 0.00247385 0.999983 -0.00533388 0.0157412 0.000964538 0.0053315 0.999985 0.473712 
133
67
924.163
0.999979 0.00626695 0.00132774 -0.00550509 -0.00626403 0.999978 -0.00218823 -0.0054417 -0.00134142 0.00217987 0.999997 0.456449 
128
65
911.956
0.999926 -0.00382796 -0.0115067 0.0260646 0.00381219 0.999992 -0.00139188 0.0104019 0.0115119 0.00134791 0.999933 0.463943 
136
66
965.434
0.999983 -0.00510615 -0.0028524 -0.0170682 0.00509241 0.999975 -0.0048031 0.0465298 0.00287686 0.00478849 0.999984 0.514915 
128
58
714.638
0.999857 -0.0167897 -0.00185772 0.0402354 0.0167691 0.999803 -0.0106178 0.0411835 0.00203562 0.0105852 0.999942 0.487525 
121
59
796.847
0.999867 0.0107114 0.012296 -0.318554 -0.0105739 0.999881 -0.0111888 0.0214157 -0.0124144 0.0110573 0.999862 0.581598 
120
54
602.739
0.999946 0.00661223 0.00804855 -0.0476632 -0.00659458 0.999976 -0.00221832 0.0357401 -0.00806302 0.00216512 0.999965 0.46365 
125
60
888.198
0.999961 0.0028486 0.00840488 -0.0662789 -0.00280796 0.999984 -0.00484265 0.0637246 -0.00841854 0.00481885 0.999953 0.499923 
121
55
707.581
0.999505 0.0173556 0.0262551 -0.144451 -0.017188 0.999831 -0.00659455 0.0110064 -0.0263651 0.00614001 0.999634 0.388766 
132
58
990.83
0.999951 0.000879717 0.00987196 -0.0485447 -0.000763571 0.999931 -0.0117628 0.0472979 -0.00988162 0.0117547 0.999882 0.479238 
134
63
1101.05
0.999707 0.00715356 0.0231069 -0.0632016 -0.00719335 0.999973 0.00163932 0.00748625 -0.0230945 -0.00180506 0.999732 0.469942 
130
59
835.712
0.999882 0.015201 0.00233857 -0.179 -0.0151692 0.9998 -0.0130674 0.00291243 -0.00253674 0.0130304 0.999912 0.166643 
126
53
830.413
0.986005 0.00698777 -0.166568 -0.0290459 -0.0077857 0.999961 -0.00413795 0.0157858 0.166532 0.00537689 0.986021 0.0985609 
129
67
2264.82
0.986005 0.00698777 -0.166568 -0.0290459 -0.0077857 0.999961 -0.00413795 0.0157858 0.166532 0.00537689 0.986021 0.0985609 
121
89
1747.06
0.984924 0.00584572 -0.172891 -0.0243028 -0.00708198 0.999954 -0.00653449 0.00111643 0.172845 0.00766039 0.984919 0.058804 
126
91
2373.88
0.999933 0.00405548 0.0108078 -0.0224747 -0.0041305 0.999967 0.00692749 -0.0030871 -0.0107793 -0.00697167 0.999918 0.461135 
122
63
782.868
0.999801 0.0102159 0.0171495 -0.0641923 -0.0100516 0.999903 -0.00964133 0.0184044 -0.0172464 0.00946703 0.999806 0.469402 
127
63
775.534
0.999968 -0.00608703 -0.00526128 0.00587411 0.00604837 0.999955 -0.00733353 0.0302371 0.00530569 0.00730147 0.999959 0.476495 
123
66
745.599
0.999992 -0.00372657 -0.00125055 -0.00345587 0.0037277 0.999993 0.000904553 0.0220433 0.00124717 -0.000909208 0.999999 0.476588 
124
65
768.552
0.999984 -0.00329161 0.00463095 0.0187748 0.00326573 0.999979 0.00558686 -0.0250636 -0.00464924 -0.00557165 0.999974 0.398704 
137
69
880.951
0.99943 0.0262771 0.0211853 -0.0935454 -0.0260828 0.999616 -0.00939607 0.0131858 -0.0214241 0.00883814 0.999731 0.45907 
131
59
923.943
0.999999 0.000495547 -0.00105305 0.00564291 -0.00050742 0.999936 -0.0113043 0.0193742 0.00104738 0.0113049 0.999936 0.456536 
130
64
828.782
1 0.000689022 0.000492276 -0.000843492 -0.000690871 0.999993 0.00376526 -0.00341552 -0.000489678 -0.00376559 0.999993 0.452517 
130
65
611.717
0.999967 0.00100871 0.00803776 -0.0506828 -0.000990092 0.999997 -0.00231957 0.0427899 -0.00804007 0.00231154 0.999965 0.489053 
120
58
446.358
0.999988 -0.000766563 0.00477647 -0.0443742 0.000824526 0.999926 -0.012145 0.0649874 -0.0047668 0.0121488 0.999915 0.513272 
129
61
603.76
0.99997 0.00564202 0.00538529 -0.0182992 -0.00559196 0.999941 -0.00926553 0.0365906 -0.00543725 0.00923513 0.999943 0.453368 
130
64
685.519
0.99999 0.00318974 0.00315768 -0.0277279 -0.00318175 0.999992 -0.00253026 0.0072927 -0.00316572 0.00252019 0.999992 0.483853 
136
58
614.297
0.999973 0.00168392 0.00715446 -0.056429 -0.00158194 0.999897 -0.014235 0.080004 -0.00717769 0.0142233 0.999873 0.477445 
142
61
813.516
0.999993 0.00286872 0.00245686 0.00143321 -0.00284593 0.999953 -0.00922747 0.0638639 -0.00248322 0.00922041 0.999954 0.443816 
136
60
689.533
0.999989 0.0011408 0.00450503 -0.0435743 -0.0010938 0.999945 -0.0104228 0.0545221 -0.00451667 0.0104177 0.999936 0.489254 
124
60
661.553
0.999989 0.00157858 0.00437301 -0.0174263 -0.00154443 0.999968 -0.00780258 0.0146357 -0.00438519 0.00779574 0.99996 0.425043 
134
58
832.209
0.998945 0.0454007 -0.00687469 0.00634475 -0.0454399 0.998951 -0.00565819 -0.103417 0.00661059 0.0059646 0.99996 0.328854 
126
47
732.642
0.999967 -0.00622286 -0.0053151 0.00813673 0.00622853 0.99998 0.00105037 0.038411 0.00530846 -0.00108344 0.999985 0.531484 
132
62
1038.54
0.999998 -0.00204675 -0.000533349 0.00834316 0.00204683 0.999998 0.000145452 -0.0006348 0.00053305 -0.000146544 1 0.469314 
140
82
846.988
0.999982 -0.00323201 -0.00499935 0.0202169 0.00322083 0.999992 -0.00224256 -0.00658814 0.00500656 0.00222642 0.999985 0.461897 
147
85
740.554
0.999993 0.00305042 0.00226525 -0.0116676 -0.00304116 0.999987 -0.00408058 0.0179681 -0.00227767 0.00407366 0.999989 0.463049 
144
93
787.008
0.999972 0.00621165 0.00405895 -0.0204642 -0.00621568 0.99998 0.00098083 0.0211595 -0.00405278 -0.00100603 0.999991 0.46991 
146
80
848.831
0.999956 -0.00271431 -0.00903362 0.0520088 0.00270346 0.999996 -0.00121293 0.0178767 0.00903688 0.00118846 0.999958 0.485451 
134
73
595.549
0.999999 0.00116065 0.000947291 0.013435 -0.00116242 0.999998 0.00186514 -0.0252984 -0.000945124 -0.00186623 0.999998 0.416231 
138
69
702.041
0.999998 -0.000134895 0.00179079 -0.02515 0.000140403 0.999995 -0.00307614 -0.0190158 -0.00179037 0.00307639 0.999994 0.432222 
132
71
579.57
0.999998 -0.00048319 -0.0019839 0.0212314 0.000480425 0.999999 -0.00139393 0.021548 0.00198458 0.00139298 0.999997 0.468138 
131
72
592.388
0.999999 0.00137932 -0.000297494 0.0049902 -0.00137884 0.999998 0.00163263 0.00562484 0.000299745 -0.00163222 0.999999 0.454403 
141
76
689.822
0.99993 0.00912901 0.0074944 -0.0303218 -0.00913866 0.999957 0.00125444 -0.000594066 -0.00748263 -0.00132284 0.999971 0.476621 
139
83
795.113
0.999951 -0.00297697 -0.00944144 0.0867614 0.00291026 0.999971 -0.00707143 0.0254582 0.00946222 0.0070436 0.99993 0.441678 
141
72
701.045
0.999992 -0.00127416 -0.00377317 0.010236 0.00127646 0.999999 0.000606789 -0.00182076 0.0037724 -0.0006116 0.999993 0.461475 
134
81
750.029
0.999992 -0.00274115 -0.00295266 0.00739155 0.00274894 0.999993 0.00263661 -0.00102457 0.00294541 -0.00264471 0.999992 0.448246 
136
76
737.393
0.996772 0.00506875 0.0801278 -0.0273857 -0.00477169 0.999981 -0.00389834 -0.00348301 -0.080146 0.00350341 0.996777 0.29527 
145
84
1499.05
0.996772 0.00506875 0.0801278 -0.0273857 -0.00477169 0.999981 -0.00389834 -0.00348301 -0.080146 0.00350341 0.996777 0.29527 
150
82
2636.76
0.996772 0.00506875 0.0801278 -0.0273857 -0.00477169 0.999981 -0.00389834 -0.00348301 -0.080146 0.00350341 0.996777 0.29527 
142
96
2537.52
0.996772 0.00506875 0.0801278 -0.0273857 -0.00477169 0.999981 -0.00389834 -0.00348301 -0.080146 0.00350341 0.996777 0.29527 
150
93
2456.09
0.999825 -0.00677949 0.0174393 0.0231284 0.00684954 0.999969 -0.00396004 0.00695175 -0.0174119 0.00407879 0.99984 0.388227 
146
66
867.275
0.999737 0.0184934 0.0135902 -0.07075 -0.0185051 0.999828 0.000733831 -0.018492 -0.0135743 -0.000985125 0.999907 0.464696 
144
61
956.54
0.999968 0.00545554 0.00589297 -0.00661109 -0.00540901 0.999954 -0.00788227 0.0658204 -0.00593571 0.00785014 0.999952 0.493949 
148
68
1033.58
0.99999 -0.00189226 -0.00409792 0.00812843 0.00189336 0.999998 0.000263946 -0.00454966 0.00409741 -0.000271703 0.999992 0.432845 
144
76
926.307
0.999998 0.000170015 0.00176697 -0.00249949 -0.000165726 0.999997 -0.00242696 -0.00437694 -0.00176738 0.00242666 0.999995 0.447035 
150
71
1000.11
0.999999 0.00145905 -0.000853431 0.00740595 -0.00146192 0.999993 -0.00336623 -0.0111885 0.000848514 0.00336747 0.999994 0.459497 
150
77
1067.53
0.999983 -0.00361358 -0.00456829 0.0124986 0.00360704 0.999992 -0.00143907 0.0161195 0.00457345 0.00142257 0.999989 0.460382 
150
76
1079.54
0.999993 -0.00379597 -0.000674057 0.0021498 0.00379497 0.999992 -0.00148446 0.0220142 0.000679686 0.00148189 0.999999 0.465211 
150
79
1110.9
0.999998 0.000783403 0.00202179 -0.0232467 -0.00077442 0.99999 -0.00444019 0.0135297 -0.00202525 0.00443861 0.999988 0.435294 
145
67
973.605
0.999944 -0.00493277 -0.00939028 0.0215986 0.00486961 0.999965 -0.00673728 0.0126644 0.00942319 0.00669117 0.999933 0.452698 
150
71
991.968
0.999949 0.00655945 0.00774147 -0.0175914 -0.00655184 0.999978 -0.00100775 -0.00139691 -0.00774791 0.000956974 0.99997 0.454855 
147
74
944.028
1 0.000803039 -0.000493047 0.0182605 -0.000802358 0.999999 0.00137995 0.00865069 0.000494155 -0.00137955 0.999999 0.460422 
150
82
959.287
0.99999 0.00370591 0.00230421 -0.0073437 -0.0037087 0.999992 0.00120669 -0.00801718 -0.00229973 -0.00121522 0.999997 0.453649 
150
83
1039.33
0.999946 9.7162e-05 -0.0104209 0.0146928 -0.00012244 0.999997 -0.00242507 0.00502821 0.0104207 0.00242621 0.999943 0.480377 
150
77
1114.34
0.999972 -0.0046437 -0.00584257 0.0155911 0.00463978 0.999989 -0.000683866 -0.0106148 0.00584568 0.000656738 0.999983 0.444943 
150
73
1079.26
0.999956 0.00557452 0.00753086 -0.0212848 -0.00559153 0.999982 0.00224012 -0.000305642 -0.00751824 -0.00228213 0.999969 0.44967 
142
73
801.567
0.999993 -0.00016781 0.00371057 -0.00638836 0.000145304 0.999982 0.00606463 -0.0142279 -0.00371152 -0.00606405 0.999975 0.45381 
146
74
1016.79
0.993094 -0.004237 0.117249 0.00685282 0.0044311 0.999989 -0.00139481 0.0039296 -0.117242 0.00190472 0.993102 0.201036 
141
84
2024.93
0.999351 -0.00627051 0.0354826 0.0323164 0.00664227 0.999924 -0.0103688 0.00470951 -0.0354149 0.0105978 0.999317 0.317361 
139
69
1149.12
0.9982 -0.0586487 -0.0125546 0.135299 0.0583293 0.997998 -0.0244514 0.0559304 0.0139635 0.0236751 0.999622 0.457122 
141
65
1043.51
0.999929 0.00203348 0.0117246 -0.102796 -0.00206052 0.999995 0.00229506 0.0433368 -0.0117199 -0.00231906 0.999929 0.446235 
144
53
971.087
0.999895 0.00912141 0.0112663 -0.0347586 -0.00909292 0.999955 -0.00257732 -0.00391727 -0.0112893 0.00247461 0.999933 0.431015 
147
69
1057.92
0.999998 -0.00157144 0.000827172 -0.0162577 0.00157414 0.999993 -0.00326855 0.00434735 -0.00082203 0.00326984 0.999994 0.453327 
150
57
1113.71
0.999857 0.00661357 0.0155337 -0.0798482 -0.00633335 0.999818 -0.01802 0.0756426 -0.0156501 0.017919 0.999717 0.477913 
148
68
940.686
0.999998 0.00163443 0.000633662 0.0206803 -0.00163542 0.999997 0.00156448 -0.00767214 -0.000631103 -0.00156552 0.999999 0.438907 
146
58
1029.22
0.999997 -0.00200602 -0.0013775 0.00108934 0.00201411 0.999981 0.00589525 -0.0228574 0.00136565 -0.00589801 0.999982 0.451062 
144
55
1021.91
0.999881 -0.0150074 0.00358121 0.0232792 0.0150079 0.999887 -0.000103595 -0.0133588 -0.00357925 0.000157329 0.999994 0.443929 
143
66
1103.74
0.999924 -0.0115263 0.00439555 -0.0180879 0.0115589 0.999905 -0.00745088 -0.0501758 -0.00430925 0.00750112 0.999963 0.363751 
135
60
981.644
0.999871 -0.0155865 -0.00398396 0.0555043 0.0155944 0.999876 0.00197801 -0.0421928 0.00395263 -0.00203988 0.99999 0.419959 
129
53
934.083
0.99992 -0.00248668 0.0123821 -0.00602819 0.0021601 0.999651 0.0263196 -0.05108 -0.0124432 -0.0262907 0.999577 0.411106 
128
60
1123.43
0.977619 -0.00618942 0.21029 0.432148 0.0112269 0.999678 -0.0227695 0.0331833 -0.210081 0.0246208 0.977374 -0.803506 
150
93
4024.65
0.977619 -0.00618942 0.21029 0.432148 0.0112269 0.999678 -0.0227695 0.0331833 -0.210081 0.0246208 0.977374 -0.803506 
150
103
2682.18
0.977619 -0.00618942 0.21029 0.432148 0.0112269 0.999678 -0.0227695 0.0331833 -0.210081 0.0246208 0.977374 -0.803506 
150
99
2532.45
0.977619 -0.00618942 0.21029 0.432148 0.0112269 0.999678 -0.0227695 0.0331833 -0.210081 0.0246208 0.977374 -0.803506 
150
91
2443.85
0.977619 -0.00618942 0.21029 0.432148 0.0112269 0.999678 -0.0227695 0.0331833 -0.210081 0.0246208 0.977374 -0.803506 
147
91
3469.89
0.977619 -0.00618942 0.21029 0.432148 0.0112269 0.999678 -0.0227695 0.0331833 -0.210081 0.0246208 0.977374 -0.803506 
140
82
2323.17
0.977619 -0.00618942 0.21029 0.432148 0.0112269 0.999678 -0.0227695 0.0331833 -0.210081 0.0246208 0.977374 -0.803506 
150
90
2532.98
0.977619 -0.00618942 0.21029 0.432148 0.0112269 0.999678 -0.0227695 0.0331833 -0.210081 0.0246208 0.977374 -0.803506 
150
95
2519.39
0.977619 -0.00618942 0.21029 0.432148 0.0112269 0.999678 -0.0227695 0.0331833 -0.210081 0.0246208 0.977374 -0.803506 
147
87
2387.7
0.977619 -0.00618942 0.21029 0.432148 0.0112269 0.999678 -0.0227695 0.0331833 -0.210081 0.0246208 0.977374 -0.803506 
144
95
2391.49
0.977619 -0.00618942 0.21029 0.432148 0.0112269 0.999678 -0.0227695 0.0331833 -0.210081 0.0246208 0.977374 -0.803506 
141
88
2255.38
0.977619 -0.00618942 0.21029 0.432148 0.0112269 0.999678 -0.0227695 0.0331833 -0.210081 0.0246208 0.977374 -0.803506 
138
96
2776.93
0.994102 -0.00332457 0.108401 0.0301459 0.00451286 0.999932 -0.0107185 0.0442833 -0.108358 0.0111444 0.994049 0.240228 
136
80
1986.87
0.999873 0.00618059 0.0146688 -0.0248758 -0.00616262 0.99998 -0.00126984 -0.00752746 -0.0146763 0.00117928 0.999892 0.416923 
131
63
820.483
0.999947 0.00516576 0.00887869 -0.0322859 -0.00515706 0.999986 -0.00100239 0.0112376 -0.00888374 0.00095655 0.99996 0.463654 
137
73
788.121
0.99997 0.00779006 -0.000175216 -0.0111314 -0.00779014 0.99997 -0.000481364 -0.03349 0.000171461 0.000482714 1 0.431125 
138
76
825.519
0.999997 -0.00247143 -0.000404421 0.00944722 0.00246905 0.99998 -0.00579542 0.00644599 0.000418736 0.00579441 0.999983 0.444864 
134
75
799.478
0.999925 -0.0122113 -0.000701885 0.0272828 0.0122083 0.999917 -0.00418502 0.0250289 0.000752931 0.00417614 0.999991 0.461637 
128
68
626.306
0.99992 -0.0109668 -0.00627035 0.0403783 0.0109861 0.999935 0.00304985 -0.00293735 0.0062365 -0.00311849 0.999976 0.45468 
133
78
822.862
0.999949 0.00389359 0.00927238 -0.0143886 -0.00387106 0.99999 -0.00244697 0.0113032 -0.00928181 0.00241096 0.999954 0.451746 
137
81
872.58
0.999995 -0.00294762 -0.00116479 0.0128967 0.00294441 0.999992 -0.00274847 0.00570756 0.00117288 0.00274502 0.999996 0.471033 
139
80
956.386
1 -0.000177688 0.000380641 0.00936855 0.000178361 0.999998 -0.00177078 0.00755579 -0.000380325 0.00177084 0.999998 0.4418 
130
78
720.087
0.999998 0.00113849 -0.00136759 0.00248436 -0.00113491 0.999996 0.00261154 -0.00720016 0.00137056 -0.00260998 0.999996 0.463866 
126
77
705.66
0.999975 -0.00468053 -0.00538091 0.0549169 0.00471657 0.999966 0.00670334 -0.0670818 0.00534936 -0.00672855 0.999963 0.389448 
133
58
733.176
0.999091 0.00133813 -0.0425958 0.028575 -0.00146593 0.999995 -0.00296933 0.0277022 0.0425916 0.00302908 0.999088 0.349542 
144
73
1176.02
0.999091 0.00133813 -0.0425958 0.028575 -0.00146593 0.999995 -0.00296933 0.0277022 0.0425916 0.00302908 0.999088 0.349542 
140
100
2274.79
0.999091 0.00133813 -0.0425958 0.028575 -0.00146593 0.999995 -0.00296933 0.0277022 0.0425916 0.00302908 0.999088 0.349542 
144
94
2784.89
0.999091 0.00133813 -0.0425958 0.028575 -0.00146593 0.999995 -0.00296933 0.0277022 0.0425916 0.00302908 0.999088 0.349542 
141
94
2251.22
0.980408 -0.000847485 -0.196975 0.00816836 -0.00436698 0.999651 -0.0260369 0.149654 0.196929 0.0263869 0.980063 0.00637639 
150
87
3525.44
0.999978 0.00209624 0.00621548 -0.0202907 -0.00212058 0.99999 0.00391118 0.00154608 -0.00620722 -0.00392427 0.999973 0.449387 
143
60
1057.87
0.999894 0.000996957 0.0145002 -0.0536907 -0.000862175 0.999956 -0.00929852 0.0196017 -0.0145088 0.00928503 0.999852 0.463042 
138
64
827.767
0.999982 0.000170363 -0.00597576 0.0296765 -0.00025499 0.9999 -0.0141639 0.367403 0.00597275 0.0141652 0.999882 0.0260052 
143
66
289.388
0.999987 0.00122749 0.0049305 -0.00977886 -0.00124302 0.999994 0.003148 -0.0109063 -0.00492661 -0.00315408 0.999983 0.44175 
149
64
1147.5
0.999875 0.0158111 0.000812585 -0.0304803 -0.0158061 0.999858 -0.00587892 0.0560558 -0.000905421 0.00586534 0.999982 0.499064 
142
60
1014.9
0.999972 0.000639198 -0.00749359 0.0362925 -0.000716196 0.999947 -0.010277 0.0203508 0.00748662 0.0102821 0.999919 0.447797 
146
65
1044.11
0.999365 -0.00881086 -0.0345273 0.0355489 0.00877873 0.999961 -0.00108219 0.0230062 0.0345354 0.000778401 0.999403 0.400601 
146
69
1046.08
0.999365 -0.00881086 -0.0345273 0.0355489 0.00877873 0.999961 -0.00108219 0.0230062 0.0345354 0.000778401 0.999403 0.400601 
150
89
2958.21
0.999365 -0.00881086 -0.0345273 0.0355489 0.00877873 0.999961 -0.00108219 0.0230062 0.0345354 0.000778401 0.999403 0.400601 
139
91
2316.03
0.999365 -0.00881086 -0.0345273 0.0355489 0.00877873 0.999961 -0.00108219 0.0230062 0.0345354 0.000778401 0.999403 0.400601 
143
88
2417.17
0.999365 -0.00881086 -0.0345273 0.0355489 0.00877873 0.999961 -0.00108219 0.0230062 0.0345354 0.000778401 0.999403 0.400601 
143
82
2269.16
0.999365 -0.00881086 -0.0345273 0.0355489 0.00877873 0.999961 -0.00108219 0.0230062 0.0345354 0.000778401 0.999403 0.400601 
148
84
3306.4
0.999365 -0.00881086 -0.0345273 0.0355489 0.00877873 0.999961 -0.00108219 0.0230062 0.0345354 0.000778401 0.999403 0.400601 
135
71
2412.51
0.999922 0.0104831 0.00683013 -0.022042 -0.0104497 0.999933 -0.00491069 0.0183162 -0.00688116 0.00483894 0.999965 0.471846 
144
57
1166.25
0.999965 -0.00561427 0.00620354 -0.011498 0.00565489 0.999963 -0.00654995 -0.174612 -0.00616653 0.00658481 0.999959 0.0114184 
142
48
802.995
0.999955 -0.00653948 -0.00693111 0.0246397 0.00649429 0.999958 -0.00652325 0.0132008 0.00697347 0.00647794 0.999955 0.447635 
146
66
1143.58
0.999948 0.00989861 -0.00255039 0.0596998 -0.00995582 0.999675 -0.0234886 0.0708119 0.00231706 0.0235128 0.999721 0.333593 
141
47
1146.9
0.999993 -0.00218613 -0.00305886 0.011808 0.00218942 0.999997 0.00107135 0.00768631 0.00305651 -0.00107804 0.999995 0.460563 
145
68
1252.24
0.999998 -0.000849783 0.00173469 -0.00692739 0.000848852 0.999999 0.000537687 -0.00949887 -0.00173514 -0.000536214 0.999998 0.45295 
145
64
1228.22
0.999987 0.00509231 0.000150314 -0.00624638 -0.00509213 0.999986 -0.0012316 -0.00962055 -0.000156584 0.00123082 0.999999 0.441467 
150
70
1354.35
0.999962 -0.00501185 -0.00719259 0.0199957 0.00501081 0.999987 -0.000162758 -0.00511589 0.00719332 0.000126711 0.999974 0.456186 
150
76
1052.17
0.999992 0.00253224 0.00298118 -0.00193231 -0.00254421 0.999989 0.0040199 -0.0223949 -0.00297097 -0.00402746 0.999987 0.425045 
146
66
999.683
0.999997 -0.000891623 0.00231364 -0.00704581 0.00089377 0.999999 -0.000927277 0.02253 -0.00231281 0.000929342 0.999997 0.466636 
143
52
1063.53
0.999938 0.00483107 0.0100566 -0.0301458 -0.00482266 0.999988 -0.000860077 -0.0130256 -0.0100606 0.000811523 0.999949 0.438594 
149
67
1074.73
0.99997 0.00264366 0.00730423 -0.0595471 -0.00262146 0.999992 -0.00304649 -0.00986992 -0.00731223 0.00302725 0.999969 0.461202 
146
60
1081.29
0.999999 0.000935186 0.000785619 -0.0154865 -0.000935225 1 4.88824e-05 -0.00512875 -0.000785573 -4.96171e-05 1 0.446024 
144
72
1071.8
0.99999 -0.00407369 -0.00178181 0.00959027 0.00407766 0.999989 0.00223029 0.00279269 0.0017727 -0.00223754 0.999996 0.452899 
132
66
899.146
0.999997 0.00084025 0.00243116 0.00244623 -0.000841255 1 0.000412407 -0.0117869 -0.00243081 -0.000414451 0.999997 0.445647 
132
86
748.722
0.999981 0.00121518 0.00611696 -0.0126267 -0.00119721 0.999995 -0.00294065 -0.00147998 -0.0061205 0.00293327 0.999977 0.446313 
129
69
691.74
0.999995 0.0019961 0.00234867 -0.00488445 -0.00199552 0.999998 -0.000246638 -0.00664288 -0.00234916 0.00024195 0.999997 0.445517 
135
74
677.542
0.999982 -0.00345998 0.00489581 -0.00573744 0.00347676 0.999988 -0.00342245 0.00943884 -0.00488391 0.00343941 0.999982 0.444246 
143
69
844.247
0.99999 -0.000860473 0.00440482 -0.0180026 0.000850164 0.999997 0.00234166 -0.00518769 -0.00440682 -0.00233789 0.999988 0.469848 
113
68
549.798
0.999952 -0.00955861 -0.00215964 0.011518 0.00953204 0.999883 -0.0119927 0.0569053 0.00227402 0.0119716 0.999926 0.485765 
116
64
562.475
0.999476 0.00193464 0.032298 -0.00898462 -0.00179538 0.999989 -0.00434012 0.000364485 -0.032306 0.00427986 0.999469 0.383084 
111
65
704.587
0.983226 -0.00267106 0.182371 0.0256025 0.00262029 0.999996 0.000519341 0.0219089 -0.182372 -3.27646e-05 0.98323 0.135594 
126
69
2572.58
0.999718 -0.00404996 0.023413 -0.115259 0.00405301 0.999992 -8.27967e-05 0.000728713 -0.0234124 0.000177666 0.999726 0.430459 
117
55
502.597
0.999955 0.00473471 0.00817609 -0.0426131 -0.00471217 0.999985 -0.00277462 -0.015635 -0.00818911 0.00273597 0.999963 0.440177 
114
56
421.623
0.999836 0.00328887 -0.017796 0.191402 -0.00362324 0.999817 -0.0187896 0.0307227 0.017731 0.018851 0.999665 0.0112105 
104
60
222.783
0.999894 0.0113441 0.00915784 -0.0680864 -0.0112946 0.999921 -0.00543907 0.0347139 -0.00921882 0.00533506 0.999943 0.499716 
105
56
465.871
0.999787 0.0162265 0.0127491 -0.103198 -0.0161864 0.999864 -0.00324142 0.00574117 -0.0128 0.00303436 0.999913 0.40033 
123
59
613.302
0.999985 0.00546252 0.000938386 -0.0385379 -0.00546724 0.999972 0.00511122 -0.0617746 -0.00091044 -0.00511628 0.999986 0.423899 
123
49
593.193
0.999997 -0.00206075 0.00165183 -0.0017904 0.00206302 0.999997 -0.00137483 -0.0147527 -0.00164899 0.00137823 0.999998 0.455458 
131
71
803.507
0.999982 -0.00434611 -0.00423378 -0.0178725 0.00430904 0.999953 -0.0087262 0.0395252 0.0042715 0.0087078 0.999953 0.486783 
147
70
1088.45
1 0.000475072 4.9606e-05 -0.00709374 -0.00047509 1 0.000359905 -0.000912119 -4.94351e-05 -0.000359928 1 0.447396 
140
64
936.358
0.999964 -0.00717668 -0.00445962 0.0250977 0.00718512 0.999972 0.0018802 0.0102635 0.004446 -0.00191217 0.999988 0.469774 
143
60
961.16
0.999947 0.00647349 0.00794426 -0.0292975 -0.0064608 0.999978 -0.0016217 -0.00486139 -0.00795458 0.00157028 0.999967 0.465662 
136
65
782.954
0.999993 0.00151877 0.00337909 -0.0145302 -0.00149898 0.999982 -0.00585187 0.015459 -0.00338792 0.00584677 0.999977 0.475743 
131
71
685.487
0.999993 0.00151877 0.00337909 -0.0145302 -0.00149898 0.999982 -0.00585187 0.015459 -0.00338792 0.00584677 0.999977 0.475743 
148
80
1739.79
0.999986 0.00313041 0.004269 -0.0195088 -0.00309339 0.999958 -0.00865057 0.00142465 -0.0042959 0.00863724 0.999953 0.406411 
144
65
985.373
0.99999 -0.00390202 0.00194638 -0.00242219 0.00390417 0.999992 -0.00110165 -0.00416375 -0.00194206 0.00110924 0.999997 0.451846 
149
82
1183.63
0.999999 -0.000690901 0.00107927 -0.00589512 0.000684265 0.999981 0.00613665 -0.0205743 -0.00108349 -0.0061359 0.999981 0.434465 
142
70
1056.86
0.999978 0.00340684 0.00570061 -0.0225927 -0.00342821 0.999987 0.00374262 -0.00311732 -0.00568778 -0.00376208 0.999977 0.467235 
128
79
626.639
0.999993 -0.00147594 -0.00339329 0.0157629 0.0014779 0.999999 0.000575258 -0.00784087 0.00339243 -0.000580269 0.999994 0.465475 
138
68
869.36
0.999204 -0.0208499 -0.0340051 0.208468 0.0207841 0.999781 -0.00228639 -0.116292 0.0340453 0.0015778 0.999419 0.298751 
129
63
607.231
0.999913 -0.0131774 0.000249616 0.0262548 0.0131773 0.999913 0.000680951 -0.00728667 -0.000258568 -0.000677603 1 0.438603 
124
64
652.106
0.999995 0.000177839 0.00329832 -0.0173382 -0.00018915 0.999994 0.00342933 -0.00692635 -0.00329769 -0.00342993 0.999989 0.443938 
136
71
860.306
0.999985 0.00181976 0.00515278 -0.0197887 -0.00182102 0.999998 0.000240573 0.00318214 -0.00515233 -0.000249953 0.999987 0.453246 
131
71
826.44
0.999993 -0.00138106 -0.00360979 0.00132117 0.00135927 0.999981 -0.00603207 0.00580105 0.00361806 0.00602712 0.999975 0.453591 
141
63
968.664
0.999986 0.0018904 0.00486687 -0.012756 -0.0018823 0.999997 -0.00166797 -0.00453975 -0.00487 0.00165879 0.999987 0.451805 
144
77
998.38
0.999958 -0.00388504 -0.0083041 0.0293053 0.00383692 0.999976 -0.0058031 0.0292804 0.00832645 0.00577099 0.999949 0.461552 
137
65
904.99
0.999989 -0.00296691 -0.00360705 0.0049588 0.00298574 0.999982 0.00522696 -0.00224878 0.00359148 -0.00523767 0.99998 0.476211 
137
83
864.029
0.999998 0.00196534 -0.000671639 0.00494871 -0.00196565 0.999998 -0.0004533 -0.0195429 0.000670747 0.000454619 1 0.460692 
132
76
758.249
0.999974 -0.00265607 -0.00665277 0.0183839 0.00261217 0.999975 -0.0065981 0.00735603 0.00667013 0.00658056 0.999956 0.483865 
131
71
719.024
0.999997 -0.000774396 -0.00211087 -0.0046231 0.000788748 0.999977 0.00680683 -0.0346903 0.00210555 -0.00680848 0.999975 0.459514 
136
60
877.389
0.999997 -0.000774396 -0.00211087 -0.0046231 0.000788748 0.999977 0.00680683 -0.0346903 0.00210555 -0.00680848 0.999975 0.459514 
146
85
2719.74
0.998618 -0.000647923 0.0525508 0.00191467 0.000755181 0.999998 -0.0020212 0.0261278 -0.0525494 0.00205809 0.998616 0.401519 
138
67
1348.49
0.999968 0.00302935 -0.00741581 0.0118992 -0.0030088 0.999992 0.00277961 -0.0297497 0.00742417 -0.00275721 0.999969 0.444113 
125
63
694.669
0.998374 -0.000411223 0.056998 -0.0171031 0.000731809 0.999984 -0.00560376 0.00709825 -0.0569948 0.00563636 0.998359 0.330765 
141
67
1376.7
0.998374 -0.000411223 0.056998 -0.0171031 0.000731809 0.999984 -0.00560376 0.00709825 -0.0569948 0.00563636 0.998359 0.330765 
140
86
2815.68
0.998374 -0.000411223 0.056998 -0.0171031 0.000731809 0.999984 -0.00560376 0.00709825 -0.0569948 0.00563636 0.998359 0.330765 
144
97
2448.02
0.998374 -0.000411223 0.056998 -0.0171031 0.000731809 0.999984 -0.00560376 0.00709825 -0.0569948 0.00563636 0.998359 0.330765 
141
91
3433.06
0.998374 -0.000411223 0.056998 -0.0171031 0.000731809 0.999984 -0.00560376 0.00709825 -0.0569948 0.00563636 0.998359 0.330765 
127
87
2369.71
0.986314 -0.00321128 0.164846 0.0189747 0.00323126 0.999995 0.000146958 0.00413641 -0.164845 0.000387712 0.986319 0.128744 
121
66
2169.74
0.999997 0.00257998 0.000441944 -0.0125164 -0.0025792 0.999995 -0.00175859 -0.0180901 -0.000446479 0.00175744 0.999998 0.435346 
119
66
566.806
0.999999 0.00154123 -0.000301975 -0.00454779 -0.00154234 0.999992 -0.00372139 -0.0113529 0.000296237 0.00372185 0.999993 0.452743 
115
71
628.015
1 0.000198911 -0.000561266 -0.00165875 -0.000202056 0.999984 -0.00560909 0.0123568 0.000560141 0.0056092 0.999984 0.44155 
124
71
701.498
