1 0 0 0 0 1 0 0 0 0 1 0 
91
75
67.4979
0.999998 0.00195405 9.42128e-05 0.0152821 -0.00195405 0.999998 -7.97887e-06 -0.0831607 -9.42282e-05 7.79476e-06 1 0.835055 
90
66
143.044
0.999987 -0.00418424 -0.00293878 -0.0664522 0.00418574 0.999991 0.000503545 0.0236487 0.00293664 -0.000515839 0.999996 0.923725 
90
61
133.689
0.999979 -0.00229166 0.00606323 -0.292201 0.00230136 0.999996 -0.00159347 0.0811876 -0.00605955 0.00160739 0.99998 0.833047 
84
59
137.293
0.999994 -0.00190876 -0.00292514 -0.0428547 0.00190531 0.999997 -0.00118182 0.0186878 0.00292738 0.00117624 0.999995 0.592519 
85
61
146.422
0.999942 -0.00910247 0.00578547 -0.617458 0.00913878 0.999939 -0.00628111 0.237747 -0.00572795 0.00633362 0.999964 1.11492 
84
59
152.545
0.999957 0.000927547 0.00919213 -0.450406 -0.000925999 1 -0.000172699 0.0431657 -0.00919229 0.00016418 0.999958 1.15709 
84
55
170.346
0.999976 -0.00646251 -0.00239053 -0.0151835 0.00646627 0.999978 0.00157009 -0.0206329 0.00238033 -0.00158551 0.999996 0.543342 
84
58
146.219
0.999996 -0.00195633 -0.0020691 0.0472787 0.00195529 0.999998 -0.000507205 -0.0578542 0.00207009 0.000503157 0.999998 0.834137 
84
56
159.849
0.999987 -0.00462015 -0.00228425 -0.0204809 0.00461756 0.999989 -0.00113909 0.0162502 0.00228949 0.00112853 0.999997 0.850453 
84
57
149.951
0.999995 -0.00206779 -0.00242997 -0.103327 0.00207035 0.999997 0.00105052 0.0685192 0.00242779 -0.00105554 0.999996 0.960655 
84
60
154.438
0.999992 0.000382539 0.00410019 -0.0301172 -0.000386451 0.999999 0.000953327 0.0927995 -0.00409982 -0.000954903 0.999991 0.934186 
82
54
151.691
0.999998 -0.00185931 0.000306617 -0.0404989 0.00185963 0.999998 -0.00104126 0.0220289 -0.00030468 0.00104183 0.999999 0.438153 
83
58
139.679
0.999998 0.00154345 0.00154581 0.0318742 -0.00154047 0.999997 -0.00192892 -0.00791006 -0.00154878 0.00192653 0.999997 0.719785 
79
55
143.898
0.999994 -0.00250766 -0.00244692 -0.154276 0.00251054 0.999996 0.00117468 -0.0417722 0.00244397 -0.00118082 0.999996 1.21868 
78
60
139.418
0.999994 0.0018035 0.00309018 -0.0321687 -0.00180036 0.999998 -0.00101803 0.030252 -0.00309201 0.00101246 0.999995 0.743412 
79
55
163.511
0.999996 -0.000314431 -0.00291375 -0.193765 0.000319876 0.999998 0.00186835 -0.00497639 0.00291316 -0.00186928 0.999994 0.873871 
78
49
138.337
0.999963 0.00109027 -0.00853271 0.608829 -0.00115492 0.999971 -0.00757632 -0.0177507 0.0085242 0.0075859 0.999935 1.29498 
76
53
163.477
