1 0 0 0 0 1 0 0 0 0 1 0 
144
144
10
1 0 0 0 0 1 0 0 0 0 1 0 
144
127
24.8033
1 0 0 0 0 1 0 0 0 0 1 0 
144
130
48.3353
1 0 0 0 0 1 0 0 0 0 1 0 
144
131
49.7642
1 0 0 0 0 1 0 0 0 0 1 0 
144
131
32.042
1 0 0 0 0 1 0 0 0 0 1 0 
144
139
25.3724
1 0 0 0 0 1 0 0 0 0 1 0 
144
129
79.9091
1 0 0 0 0 1 0 0 0 0 1 0 
144
144
1
1 0 0 0 0 1 0 0 0 0 1 0 
110
78
268.153
0.999999 -0.00165805 -0.000149852 0.0130004 0.00165832 0.999997 0.00178142 -0.00139127 0.000146898 -0.00178167 0.999998 0.469206 
111
78
262.624
0.999991 0.00202044 0.00364607 -0.0222256 -0.00202438 0.999997 0.00107702 -0.00999236 -0.00364388 -0.00108439 0.999993 0.462188 
127
78
578.395
0.999998 0.00199704 0.000370856 -0.0197224 -0.00200027 0.999958 0.00890635 -0.0154942 -0.000353055 -0.00890707 0.99996 0.561224 
114
77
241.141
0.999979 -0.00456557 -0.00466554 0.00394471 0.00457138 0.999989 0.00123493 0.00637271 0.00465985 -0.00125623 0.999988 0.515203 
141
79
563.267
0.999979 -0.00456557 -0.00466554 0.00394471 0.00457138 0.999989 0.00123493 0.00637271 0.00465985 -0.00125623 0.999988 0.515203 
116
73
308.031
0.999979 -0.00456557 -0.00466554 0.00394471 0.00457138 0.999989 0.00123493 0.00637271 0.00465985 -0.00125623 0.999988 0.515203 
116
79
352.857
0.99999 0.0014815 0.00431702 -0.0191057 -0.00149514 0.999994 0.00315735 0.003749 -0.00431231 -0.00316378 0.999986 0.507583 
128
68
423.363
0.999989 -0.0026991 -0.00374663 0.031714 0.00270209 0.999996 0.000794124 0.0185163 0.00374447 -0.000804239 0.999993 0.585315 
134
71
573.78
0.99999 0.00265533 0.00367758 -0.134675 -0.00265542 0.999996 2.00931e-05 0.00972052 -0.00367751 -2.98584e-05 0.999993 0.460925 
111
78
199.784
0.999985 0.000361869 0.00551412 -0.0531291 -0.000352602 0.999999 -0.00168144 0.0027235 -0.00551472 0.00167947 0.999983 0.602289 
107
66
227.792
0.999984 -0.000965534 -0.00562728 0.0195538 0.000965263 1 -5.08915e-05 0.00856998 0.00562732 4.54589e-05 0.999984 0.499375 
128
77
596.252
0.999999 0.00082772 0.000744397 -0.00593103 -0.000830875 0.999991 0.00424857 0.0033481 -0.000740874 -0.00424919 0.999991 0.503009 
123
74
550.944
0.999999 0.000702408 0.000845863 -0.00949664 -0.000702202 1 -0.00024365 -0.0104185 -0.000846034 0.000243056 1 0.521198 
140
77
390.831
0.999999 0.000702408 0.000845863 -0.00949664 -0.000702202 1 -0.00024365 -0.0104185 -0.000846034 0.000243056 1 0.521198 
131
75
495.293
0.999999 0.000702408 0.000845863 -0.00949664 -0.000702202 1 -0.00024365 -0.0104185 -0.000846034 0.000243056 1 0.521198 
127
76
537.846
0.999992 0.000157027 0.00397638 -0.22817 -0.000162325 0.999999 0.00133202 -0.00385895 -0.00397616 -0.00133265 0.999991 0.345823 
106
64
248.539
0.999998 -0.00167119 -0.00141257 -0.073871 0.00167716 0.99999 0.00423337 -0.0551572 0.00140548 -0.00423573 0.99999 0.270893 
109
66
229.262
0.999998 -0.00167119 -0.00141257 -0.073871 0.00167716 0.99999 0.00423337 -0.0551572 0.00140548 -0.00423573 0.99999 0.270893 
111
80
180.656
0.999999 -0.000816749 0.000876734 -0.0206398 0.000817928 0.999999 -0.00134461 -0.0268542 -0.000875635 0.00134532 0.999999 0.471084 
126
82
470.031
0.999999 -0.000816749 0.000876734 -0.0206398 0.000817928 0.999999 -0.00134461 -0.0268542 -0.000875635 0.00134532 0.999999 0.471084 
129
70
391.167
0.999997 -5.41063e-05 0.00243877 0.0107759 4.72004e-05 0.999996 0.00283167 0.0101138 -0.00243891 -0.00283155 0.999993 0.494783 
133
71
675.519
1 0.000511746 0.000759052 -0.00446421 -0.000511672 1 -9.7787e-05 0.00017537 -0.000759102 9.73986e-05 1 0.498988 
115
70
323.951
0.999997 -0.00137757 -0.00179465 -0.000237991 0.0013687 0.999987 -0.00493537 -0.00169903 0.00180142 0.0049329 0.999986 0.535627 
144
88
571.655
0.999995 -0.000283671 0.00321329 -0.0186401 0.000290789 0.999998 -0.00221502 -0.00883157 -0.00321266 0.00221595 0.999992 0.497608 
137
75
608.986
0.999983 -0.00566891 0.000968619 0.0133545 0.00566909 0.999984 -0.000184134 0.0232973 -0.000967559 0.000189622 1 0.519803 
118
68
316.25
0.999997 -0.00186154 0.00147776 -0.0638376 0.00185955 0.999997 0.00134694 -0.0824005 -0.00148026 -0.00134419 0.999998 0.319028 
127
56
349.619
0.999997 -0.00186154 0.00147776 -0.0638376 0.00185955 0.999997 0.00134694 -0.0824005 -0.00148026 -0.00134419 0.999998 0.319028 
117
82
352.663
0.989785 -0.00266528 -0.142543 0.0125304 0.00243014 0.999995 -0.00182364 0.00219834 0.142548 0.00145861 0.989787 0.094469 
135
84
1685.01
0.989785 -0.00266528 -0.142543 0.0125304 0.00243014 0.999995 -0.00182364 0.00219834 0.142548 0.00145861 0.989787 0.094469 
131
92
2473.56
0.995558 -0.000351691 -0.0941527 -0.0252589 0.00044572 0.999999 0.000977668 0.0112135 0.0941523 -0.00101529 0.995557 0.323626 
138
85
1541.53
0.999971 0.00297551 0.00696153 -0.0446176 -0.00293455 0.999978 -0.00588662 -0.0182065 -0.00697889 0.00586602 0.999958 0.477378 
123
64
430.149
0.999974 0.00242986 0.00677154 -0.0299022 -0.00245857 0.999988 0.00423532 0.0168215 -0.00676117 -0.00425186 0.999968 0.543141 
124
68
427.192
0.999974 0.00242986 0.00677154 -0.0299022 -0.00245857 0.999988 0.00423532 0.0168215 -0.00676117 -0.00425186 0.999968 0.543141 
113
73
362.352
0.999998 -0.000556189 -0.00190009 -0.0141404 0.000548057 0.999991 -0.00427769 -0.0103689 0.00190245 0.00427664 0.999989 0.464069 
120
66
314.496
0.999998 -0.000556189 -0.00190009 -0.0141404 0.000548057 0.999991 -0.00427769 -0.0103689 0.00190245 0.00427664 0.999989 0.464069 
118
83
326.149
0.999998 -0.000262688 0.001821 -0.0794871 0.000252827 0.999985 0.00541358 -0.0667934 -0.0018224 -0.00541311 0.999984 0.455846 
110
53
302.194
1 -0.000248318 -0.000239652 0.0104367 0.000248597 0.999999 0.00116342 -0.0151817 0.000239363 -0.00116348 0.999999 0.443764 
112
73
333.025
1 -0.000248318 -0.000239652 0.0104367 0.000248597 0.999999 0.00116342 -0.0151817 0.000239363 -0.00116348 0.999999 0.443764 
117
74
358.88
1 -0.000248318 -0.000239652 0.0104367 0.000248597 0.999999 0.00116342 -0.0151817 0.000239363 -0.00116348 0.999999 0.443764 
136
86
528.298
0.999995 -0.00185213 -0.00264946 0.0119521 0.00185462 0.999998 0.000940101 0.00337065 0.00264771 -0.00094501 0.999996 0.486229 
111
65
255.54
0.999933 -0.00475755 -0.010591 0.0659114 0.00474096 0.999987 -0.00159129 -0.0498857 0.0105985 0.00154098 0.999943 0.411236 
124
63
428.059
0.999999 -0.000322431 -0.00129022 -0.000401543 0.000323467 1 0.00080288 -0.00475299 0.00128996 -0.000803296 0.999999 0.515334 
126
95
665.753
0.999998 0.00108581 0.00148306 0.0076588 -0.0010786 0.999988 -0.00485418 0.0140291 -0.00148832 0.00485258 0.999987 0.505059 
138
81
660.847
0.999998 0.00108581 0.00148306 0.0076588 -0.0010786 0.999988 -0.00485418 0.0140291 -0.00148832 0.00485258 0.999987 0.505059 
108
78
262.413
0.999952 0.00447235 0.00870934 -0.0253635 -0.0045095 0.999981 0.00425062 -0.00592991 -0.00869016 -0.00428969 0.999953 0.487327 
128
63
433.92
0.999995 -0.00129251 0.00281793 -0.0177198 0.00129418 0.999999 -0.000591778 -0.0106804 -0.00281717 0.000595422 0.999996 0.507883 
119
72
469.599
0.999987 0.00211619 0.00462308 -0.00635999 -0.0021064 0.999996 -0.00212042 -0.0154261 -0.00462754 0.00211065 0.999987 0.47297 
124
83
721.871
0.999943 -0.00393278 -0.00996506 0.00818535 0.00389295 0.999984 -0.0040131 -0.0120579 0.00998069 0.00397407 0.999942 0.453929 
121
62
390.794
0.999992 -0.00217782 -0.0033096 0.000118221 0.00218232 0.999997 0.00135637 -0.00507201 0.00330664 -0.00136358 0.999994 0.505753 
118
56
597.094
0.999992 -0.00217782 -0.0033096 0.000118221 0.00218232 0.999997 0.00135637 -0.00507201 0.00330664 -0.00136358 0.999994 0.505753 
112
66
399.963
0.999995 0.001287 0.00294071 -0.0250292 -0.00128725 0.999999 8.5721e-05 -0.00416505 -0.00294059 -8.9506e-05 0.999996 0.460869 
130
78
397.398
0.999949 0.00418748 0.00916607 -0.0809032 -0.00416676 0.999989 -0.00227794 0.00205156 -0.00917551 0.00223963 0.999955 0.535429 
133
69
255.683
0.999949 0.00418748 0.00916607 -0.0809032 -0.00416676 0.999989 -0.00227794 0.00205156 -0.00917551 0.00223963 0.999955 0.535429 
132
76
404.623
0.999905 0.00441729 0.0130509 -0.0432091 -0.00446111 0.999985 0.00333046 -0.0126009 -0.013036 -0.00338837 0.999909 0.497131 
115
61
489.046
0.999997 0.000511142 0.00242659 -0.0187692 -0.000511485 1 0.000140826 0.0147915 -0.00242652 -0.000142067 0.999997 0.524997 
116
75
477.68
0.999971 0.00268727 0.00712774 -0.0270469 -0.00265753 0.999988 -0.00417911 -0.0147187 -0.00713889 0.00416005 0.999966 0.534209 
125
75
440.929
1 0.000317529 -0.000676718 -0.00413953 -0.000321805 0.99998 -0.00632754 -0.00155 0.000674695 0.00632776 0.99998 0.484691 
121
74
444.233
1 0.000317529 -0.000676718 -0.00413953 -0.000321805 0.99998 -0.00632754 -0.00155 0.000674695 0.00632776 0.99998 0.484691 
109
73
308.807
0.999996 0.000682011 0.00262769 -0.00279598 -0.000681003 1 -0.000384551 0.00700515 -0.00262795 0.000382761 0.999996 0.476644 
131
73
687.467
0.999999 -0.000810129 -0.00135795 0.00752134 0.000809319 0.999999 -0.000597018 -0.00447652 0.00135843 0.000595918 0.999999 0.4469 
127
80
674.415
0.999942 0.00565581 0.00920828 -0.0472892 -0.00559678 0.999964 -0.00642395 0.0197056 -0.00924427 0.00637204 0.999937 0.582946 
127
72
376.076
0.999996 0.00107055 0.00276726 0.00237159 -0.00106356 0.999996 -0.00252645 -0.00222985 -0.00276995 0.0025235 0.999993 0.450845 
129
77
394.499
0.999998 0.0011335 0.00133147 -0.00434615 -0.00114204 0.999979 0.00642613 -0.0037328 -0.00132416 -0.00642764 0.999978 0.509214 
122
76
668.652
0.999984 -0.00444803 -0.00359257 -0.0156181 0.00447405 0.999964 0.00726672 0.0247407 0.00356012 -0.00728267 0.999967 -0.233996 
131
60
489.571
1 -0.0004539 -0.00065011 -0.0075884 0.000453319 0.999999 -0.000893916 -0.00723512 0.000650515 0.000893621 0.999999 0.530608 
131
73
1163.27
0.999998 0.00103889 0.00174164 -0.0166329 -0.00103174 0.999991 -0.00409789 -0.0208448 -0.00174588 0.00409608 0.99999 0.434596 
127
60
713.756
0.999998 0.00103889 0.00174164 -0.0166329 -0.00103174 0.999991 -0.00409789 -0.0208448 -0.00174588 0.00409608 0.99999 0.434596 
105
72
196.765
0.999998 0.00103889 0.00174164 -0.0166329 -0.00103174 0.999991 -0.00409789 -0.0208448 -0.00174588 0.00409608 0.99999 0.434596 
104
55
262.233
1 -0.000348688 -0.000670497 0.0011107 0.000348554 1 -0.000199717 -0.00577775 0.000670566 0.000199484 1 0.407137 
135
75
569.569
1 -0.000348688 -0.000670497 0.0011107 0.000348554 1 -0.000199717 -0.00577775 0.000670566 0.000199484 1 0.407137 
106
70
278.469
0.999999 0.000677569 0.00142797 -0.0132244 -0.000677361 1 -0.000145827 -0.0067917 -0.00142807 0.00014486 0.999999 0.500689 
109
71
228.977
0.999975 -0.00303972 -0.0063542 0.030802 0.00301527 0.999988 -0.0038533 0.0450574 0.00636584 0.00383404 0.999972 0.491967 
133
67
518.969
0.999957 -0.00190317 -0.00904801 0.0317379 0.0019366 0.999991 0.00368799 -0.0308236 0.00904092 -0.00370536 0.999952 0.438739 
134
66
539.475
0.999976 0.00293891 0.00622332 -0.0366242 -0.00293931 0.999996 5.51344e-05 0.0206838 -0.00622313 -7.34254e-05 0.999981 0.537452 
107
67
317.956
0.999976 0.00293891 0.00622332 -0.0366242 -0.00293931 0.999996 5.51344e-05 0.0206838 -0.00622313 -7.34254e-05 0.999981 0.537452 
125
67
511.991
0.999993 0.0013294 0.00362613 -0.0119687 -0.00132972 0.999999 8.72104e-05 0.00966488 -0.00362602 -9.20315e-05 0.999993 0.504772 
116
77
691.781
0.999998 -0.00143853 0.00160628 -0.00182336 0.00142838 0.999979 0.00630487 -0.00610418 -0.00161532 -0.00630256 0.999979 0.493645 
128
67
686.742
0.999998 -0.00143853 0.00160628 -0.00182336 0.00142838 0.999979 0.00630487 -0.00610418 -0.00161532 -0.00630256 0.999979 0.493645 
134
75
402.17
1 0.000125809 -0.000158855 -0.00903216 -0.000126794 0.999981 -0.00621338 0.00348565 0.000158071 0.0062134 0.999981 0.486055 
125
72
369.703
0.99999 -0.00334974 -0.00280415 0.00815747 0.0033369 0.999984 -0.00457197 0.0112321 0.00281942 0.00456256 0.999986 0.524525 
118
71
872.968
0.999991 0.00220788 -0.00353817 0.00790534 -0.00218154 0.99997 0.00743181 -0.0399445 0.00355447 -0.00742402 0.999966 0.436023 
120
56
307.397
0.999979 -0.00293103 -0.00571685 0.0104204 0.00295576 0.999986 0.00432205 -0.0041448 0.0057041 -0.00433886 0.999974 0.502611 
110
64
521.786
1 -0.00076002 -8.09398e-05 0.00442013 0.000759895 0.999999 -0.0015385 -0.00349042 8.2109e-05 0.00153844 0.999999 0.484545 
115
69
726.734
1 -0.00076002 -8.09398e-05 0.00442013 0.000759895 0.999999 -0.0015385 -0.00349042 8.2109e-05 0.00153844 0.999999 0.484545 
112
54
273.335
1 -0.00076002 -8.09398e-05 0.00442013 0.000759895 0.999999 -0.0015385 -0.00349042 8.2109e-05 0.00153844 0.999999 0.484545 
102
69
282.698
0.999951 -0.00536183 -0.00829771 0.126487 0.00543114 0.99995 0.00835362 0.00638043 0.0082525 -0.00839828 0.999931 0.221294 
126
55
410.072
0.999994 0.000946062 0.00327696 -0.0271001 -0.000945323 1 -0.000227033 0.00202774 -0.00327717 0.000223934 0.999995 0.608728 
109
69
269.724
0.999994 0.000946062 0.00327696 -0.0271001 -0.000945323 1 -0.000227033 0.00202774 -0.00327717 0.000223934 0.999995 0.608728 
134
56
313.356
0.999994 0.000946062 0.00327696 -0.0271001 -0.000945323 1 -0.000227033 0.00202774 -0.00327717 0.000223934 0.999995 0.608728 
134
69
237.805
0.99997 0.0031963 0.00710143 -0.0511371 -0.00322132 0.999989 0.00351386 0.0054805 -0.00709012 -0.00353663 0.999969 0.601257 
113
58
248.327
0.999976 0.00325837 0.00606098 -0.0223923 -0.003281 0.999988 0.00372713 0.00169606 -0.00604876 -0.00374692 0.999975 0.54108 
106
58
299.002
0.999976 0.00325837 0.00606098 -0.0223923 -0.003281 0.999988 0.00372713 0.00169606 -0.00604876 -0.00374692 0.999975 0.54108 
108
77
255.689
0.999998 -0.000180212 -0.00206994 0.00682087 0.000161279 0.999958 -0.0091429 0.00518444 0.0020715 0.00914255 0.999956 0.483882 
126
62
575.927
0.999998 -0.000180212 -0.00206994 0.00682087 0.000161279 0.999958 -0.0091429 0.00518444 0.0020715 0.00914255 0.999956 0.483882 
121
73
322.519
0.999911 0.0123483 -0.00508983 0.14863 -0.0123718 0.999913 -0.00461258 0.115356 0.00503243 0.00467514 0.999976 0.312928 
129
45
454.934
0.999911 0.0123483 -0.00508983 0.14863 -0.0123718 0.999913 -0.00461258 0.115356 0.00503243 0.00467514 0.999976 0.312928 
103
55
383.835
0.999911 0.0123483 -0.00508983 0.14863 -0.0123718 0.999913 -0.00461258 0.115356 0.00503243 0.00467514 0.999976 0.312928 
102
55
294.913
0.999969 0.00640981 0.00468048 -0.34949 -0.00646907 0.999898 0.0127568 -0.390064 -0.00459823 -0.0127867 0.999908 -0.595033 
127
63
208.628
1 -0.000602993 0.000596743 -0.0114228 0.000602217 0.999999 0.00129945 0.0206789 -0.000597526 -0.00129909 0.999999 0.504598 
110
66
552.096
1 0.000158153 -0.000967715 -0.0036258 -0.000149753 0.999962 0.00867436 -0.0090994 0.00096905 -0.00867421 0.999962 0.499722 
121
62
444.128
0.999991 0.000418038 0.00412698 -0.0244438 -0.000416586 1 -0.000352734 0.000454369 -0.00412713 0.000351011 0.999991 0.517483 
119
73
388.057
0.999973 0.000574213 0.00728098 -0.0199933 -0.000501136 0.99995 -0.0100346 0.0389896 -0.00728638 0.0100307 0.999923 0.497238 
123
59
465.391
0.999973 0.000574213 0.00728098 -0.0199933 -0.000501136 0.99995 -0.0100346 0.0389896 -0.00728638 0.0100307 0.999923 0.497238 
107
71
215.444
0.999894 0.00765709 0.0123836 0.0352015 -0.00778732 0.999915 0.0105026 -0.0218921 -0.0123021 -0.0105979 0.999868 -0.479462 
114
53
572.088
0.999991 0.0019887 0.00376551 -0.0140763 -0.00199059 0.999998 0.000499372 0.00032097 -0.00376451 -0.000506863 0.999993 0.594208 
100
63
332.788
0.999991 0.0019887 0.00376551 -0.0140763 -0.00199059 0.999998 0.000499372 0.00032097 -0.00376451 -0.000506863 0.999993 0.594208 
108
59
318.124
0.999994 -0.00326902 -0.000760177 0.0204693 0.00326753 0.999993 -0.00195256 -0.00826529 0.000766554 0.00195006 0.999998 0.494008 
99
64
232.615
0.999994 -0.00326902 -0.000760177 0.0204693 0.00326753 0.999993 -0.00195256 -0.00826529 0.000766554 0.00195006 0.999998 0.494008 
108
63
399.005
0.999994 0.00190897 0.00272796 -0.0593599 -0.0019185 0.999992 0.00349598 -0.0713809 -0.00272126 -0.00350119 0.99999 0.380396 
106
50
349.884
0.999994 0.00190897 0.00272796 -0.0593599 -0.0019185 0.999992 0.00349598 -0.0713809 -0.00272126 -0.00350119 0.99999 0.380396 
113
78
438.542
0.999999 -0.0014263 2.62705e-05 -0.0148956 0.00142644 0.999978 -0.00646073 0.00839422 -1.70549e-05 0.00646076 0.999979 0.530588 
120
65
502.83
0.999999 -0.0014263 2.62705e-05 -0.0148956 0.00142644 0.999978 -0.00646073 0.00839422 -1.70549e-05 0.00646076 0.999979 0.530588 
105
72
229.9
0.999998 9.8545e-05 0.00196365 -0.0177574 -0.000109979 0.999983 0.00582378 -0.0297264 -0.00196304 -0.00582399 0.999981 0.426808 
131
61
387.82
0.999994 0.000630839 -0.00326195 0.0188748 -0.000632053 1 -0.000371123 0.0265808 0.00326172 0.000373182 0.999995 0.449109 
121
59
595.827
0.999996 0.000919655 0.00269377 -0.0176212 -0.000911752 0.999995 -0.00293331 -0.00620317 -0.00269646 0.00293084 0.999992 0.532229 
119
73
409.521
0.999999 -0.000316446 -0.00122536 -0.0124846 0.000304893 0.999956 -0.00941733 0.0364388 0.00122829 0.00941694 0.999955 0.486054 
109
65
429.927
0.999998 0.000900996 -0.00169149 0.00240928 -0.000900406 1 0.000349779 0.000368451 0.0016918 -0.000348255 0.999999 0.462955 
124
67
671.197
0.999997 -9.71164e-05 0.0022986 -0.00384491 8.31457e-05 0.999982 0.00607721 0.0037161 -0.00229915 -0.006077 0.999979 0.521253 
118
59
623.015
0.999997 -9.71164e-05 0.0022986 -0.00384491 8.31457e-05 0.999982 0.00607721 0.0037161 -0.00229915 -0.006077 0.999979 0.521253 
119
74
233.622
0.999997 -9.71164e-05 0.0022986 -0.00384491 8.31457e-05 0.999982 0.00607721 0.0037161 -0.00229915 -0.006077 0.999979 0.521253 
99
63
331.711
0.999998 0.00179063 0.000291188 0.00129614 -0.00179052 0.999998 -0.000369246 -0.0165067 -0.000291849 0.000368725 1 0.459058 
126
72
717.417
0.999958 -0.00347976 -0.00843171 0.0791412 0.00349829 0.999991 0.00218331 0.0164603 0.00842404 -0.00221272 0.999962 0.645834 
111
52
193.941
0.99999 0.00166576 0.00411057 -0.00319676 -0.00166594 0.999999 4.18092e-05 0.00514959 -0.0041105 -4.86568e-05 0.999992 0.495821 
109
61
473.479
0.99999 0.00166576 0.00411057 -0.00319676 -0.00166594 0.999999 4.18092e-05 0.00514959 -0.0041105 -4.86568e-05 0.999992 0.495821 
108
63
388.38
0.999956 0.00103379 0.00928742 -0.0227572 -0.00100305 0.999994 -0.00331373 -0.0078041 -0.00929079 0.00330427 0.999951 0.479156 
107
62
450.326
1 -0.000124011 0.000914848 -0.00177573 0.000122718 0.999999 0.00141349 -0.00632842 -0.000915022 -0.00141338 0.999999 0.504124 
98
74
236.755
0.999962 0.00571413 -0.00661641 0.0372602 -0.00567008 0.999962 0.00665858 -0.0752052 0.00665421 -0.00662081 0.999956 0.404303 
113
54
588.196
0.999962 0.00571413 -0.00661641 0.0372602 -0.00567008 0.999962 0.00665858 -0.0752052 0.00665421 -0.00662081 0.999956 0.404303 
102
68
242.86
0.999984 -0.00406286 -0.00390918 0.01308 0.00402558 0.999947 -0.00949809 0.020398 0.00394756 0.0094822 0.999947 0.479853 
130
62
697.915
0.999984 -0.00406286 -0.00390918 0.01308 0.00402558 0.999947 -0.00949809 0.020398 0.00394756 0.0094822 0.999947 0.479853 
105
70
407.08
0.99999 0.000330322 0.00454252 -0.00568424 -0.000354823 0.999985 0.00539397 0.00661137 -0.00454067 -0.00539552 0.999975 0.448334 
101
56
317.442
0.999992 0.000433616 -0.00398274 0.0184025 -0.000429526 0.999999 0.00102784 -0.024341 0.00398318 -0.00102612 0.999992 0.423144 
115
61
456.748
0.999984 0.00230148 0.00516031 -0.00668532 -0.00229023 0.999995 -0.00218578 0.000890568 -0.00516531 0.00217392 0.999984 0.484737 
109
64
421.348
0.999966 0.00822463 0.000849193 -0.0293648 -0.00823877 0.999799 0.0182728 -0.229425 -0.000698735 -0.0182792 0.999833 -0.0338326 
119
54
354.154
0.999949 0.0028623 -0.00969451 0.143012 -0.00287807 0.999995 -0.00161328 0.012795 0.00968984 0.0016411 0.999952 0.103305 
116
64
330.581
0.999997 -0.000368311 0.00240057 -0.0141492 0.000359392 0.999993 0.00371503 0.0182407 -0.00240192 -0.00371415 0.99999 0.492228 
98
60
326.838
1 -0.000397949 -0.000493137 -0.00114426 0.000397916 1 -6.79065e-05 0.00442355 0.000493164 6.77103e-05 1 0.463978 
112
75
701.924
0.999983 0.00124909 0.00569892 -0.0222542 -0.00121576 0.999982 -0.00584952 0.00787755 -0.00570612 0.00584249 0.999967 0.522217 
95
57
419.354
0.999996 0.00049444 0.00278861 -0.046612 -0.000487276 0.999997 -0.00256902 0.0159814 -0.00278987 0.00256765 0.999993 0.464246 
93
59
231.955
0.999953 0.00404162 0.008821 -0.044929 -0.00411413 0.999958 0.00821771 -0.0380741 -0.00878742 -0.00825362 0.999927 0.498846 
124
51
414.453
0.999999 3.92669e-05 0.00133634 -0.0151679 -4.20216e-05 0.999998 0.00206139 -0.00717562 -0.00133626 -0.00206144 0.999997 0.477788 
103
63
452.619
0.999999 3.92669e-05 0.00133634 -0.0151679 -4.20216e-05 0.999998 0.00206139 -0.00717562 -0.00133626 -0.00206144 0.999997 0.477788 
115
67
866.111
0.999957 0.00214838 -0.00907628 0.043742 -0.00217672 0.999993 -0.00311354 -0.0503565 0.00906953 0.00313316 0.999954 0.399395 
96
64
377.378
0.999957 0.00214838 -0.00907628 0.043742 -0.00217672 0.999993 -0.00311354 -0.0503565 0.00906953 0.00313316 0.999954 0.399395 
85
59
192.383
0.999957 0.00214838 -0.00907628 0.043742 -0.00217672 0.999993 -0.00311354 -0.0503565 0.00906953 0.00313316 0.999954 0.399395 
98
57
297.44
1 -9.28761e-05 0.000136143 -0.00379301 9.28427e-05 1 0.00024551 0.00406417 -0.000136166 -0.000245498 1 0.492208 
122
75
684.449
0.999997 0.000818032 -0.00239079 0.000273413 -0.00083291 0.99998 -0.00622864 0.00670861 0.00238565 0.00623061 0.999978 0.484 
118
71
1032.19
0.999996 -0.00161705 -0.00223689 0.0122564 0.00161637 0.999999 -0.000307399 -0.00721737 0.00223738 0.000303782 0.999997 0.494875 
111
63
571.864
0.999996 -0.00161705 -0.00223689 0.0122564 0.00161637 0.999999 -0.000307399 -0.00721737 0.00223738 0.000303782 0.999997 0.494875 
101
62
69.5205
0.999999 1.05986e-05 -0.00172375 0.0437647 -1.04106e-05 1 0.000109099 0.0266469 0.00172376 -0.000109081 0.999999 0.444597 
106
54
388.454
0.999999 1.05986e-05 -0.00172375 0.0437647 -1.04106e-05 1 0.000109099 0.0266469 0.00172376 -0.000109081 0.999999 0.444597 
112
72
258.311
0.999998 0.00202277 0.000782762 -0.00832105 -0.00201904 0.999987 -0.00473931 -0.00423803 -0.000792338 0.00473772 0.999988 0.496119 
99
57
412.694
0.999998 0.00202277 0.000782762 -0.00832105 -0.00201904 0.999987 -0.00473931 -0.00423803 -0.000792338 0.00473772 0.999988 0.496119 
92
69
172.236
0.999998 -0.00200709 -0.0006253 0.00896823 0.00201195 0.999967 0.0078744 -0.0317274 0.000609475 -0.00787564 0.999969 0.450668 
96
58
227.468
0.999993 -0.00160168 -0.00346365 0.0113858 0.00160292 0.999999 0.000354196 -0.00343971 0.00346308 -0.000359745 0.999994 0.48058 
101
59
301.175
0.999992 0.00357211 0.00193872 -0.0110125 -0.00356309 0.999983 -0.00463724 0.00225611 -0.00195525 0.0046303 0.999987 0.480807 
125
62
404.293
0.999993 0.000346792 0.00376841 -0.0109306 -0.000306618 0.999943 -0.0106563 0.0242781 -0.00377189 0.0106551 0.999936 0.481627 
110
57
581.916
0.999998 0.000211387 -0.00213741 0.0951036 -0.000207139 0.999998 0.00198758 -0.0473651 0.00213783 -0.00198713 0.999996 0.398298 
93
55
216.272
0.999993 -0.00231502 0.0028022 -0.00211497 0.00230127 0.999985 0.00489831 0.00345585 -0.00281349 -0.00489183 0.999984 0.491317 
118
73
666.626
0.999993 -0.00231502 0.0028022 -0.00211497 0.00230127 0.999985 0.00489831 0.00345585 -0.00281349 -0.00489183 0.999984 0.491317 
119
83
351.501
0.999991 -0.00387922 -0.00162795 -0.00313915 0.00386588 0.99996 -0.00811954 0.00296963 0.00165938 0.00811317 0.999966 0.510854 
110
62
350.109
0.999997 -0.000225542 -0.00241421 0.0234966 0.000225709 1 6.87636e-05 -0.0234393 0.0024142 -6.93083e-05 0.999997 0.434591 
119
75
339.338
0.999982 -0.00481452 -0.00347256 -0.0606619 0.00482941 0.999979 0.00429143 -0.0580963 0.00345182 -0.00430812 0.999985 0.177294 
115
61
318.066
0.999995 8.32272e-05 -0.00315549 0.00896291 -7.89167e-05 0.999999 0.00136615 -0.0194616 0.0031556 -0.0013659 0.999994 0.453921 
124
62
230.798
0.999995 -0.00269367 -0.00166569 -0.00621422 0.00268489 0.999983 -0.00524777 0.0236406 0.0016798 0.00524327 0.999985 0.565076 
119
78
489.471
0.999996 -0.00247163 -0.00138955 0.00556975 0.00246632 0.99999 -0.00381328 -0.00134061 0.00139896 0.00380984 0.999992 0.48268 
119
71
742.233
0.999999 0.000524192 -0.00146102 0.00604093 -0.000522712 0.999999 0.00101277 0.00388854 0.00146155 -0.001012 0.999998 0.510006 
107
68
376.822
0.999997 -0.00219266 -0.00088617 -0.0205489 0.00219852 0.999975 0.00667492 0.0131214 0.000871512 -0.00667685 0.999977 0.50631 
117
63
451.056
0.999997 -0.00219266 -0.00088617 -0.0205489 0.00219852 0.999975 0.00667492 0.0131214 0.000871512 -0.00667685 0.999977 0.50631 
122
77
323.745
0.999997 -0.00219266 -0.00088617 -0.0205489 0.00219852 0.999975 0.00667492 0.0131214 0.000871512 -0.00667685 0.999977 0.50631 
101
60
258.402
0.999997 -0.00219266 -0.00088617 -0.0205489 0.00219852 0.999975 0.00667492 0.0131214 0.000871512 -0.00667685 0.999977 0.50631 
105
69
168.652
0.999995 -0.00185099 0.00247025 -0.0216883 0.00183301 0.999972 0.00726287 -0.0248656 -0.00248362 -0.00725831 0.999971 0.517167 
113
59
268.026
0.999995 -0.00185099 0.00247025 -0.0216883 0.00183301 0.999972 0.00726287 -0.0248656 -0.00248362 -0.00725831 0.999971 0.517167 
116
66
117.548
1 7.50978e-05 0.000449772 -0.000323607 -7.52536e-05 1 0.000346392 -0.0179549 -0.000449746 -0.000346426 1 0.47155 
114
67
335.978
1 7.50978e-05 0.000449772 -0.000323607 -7.52536e-05 1 0.000346392 -0.0179549 -0.000449746 -0.000346426 1 0.47155 
100
56
314.438
0.999997 -0.00122591 -0.00219417 0.0159053 0.00122593 0.999999 9.9317e-06 0.00230376 0.00219415 -1.26216e-05 0.999998 0.422296 
116
62
728.893
0.999987 0.0038925 0.00324013 -0.046088 -0.00390702 0.999982 0.00448658 -0.010744 -0.00322261 -0.00449918 0.999985 0.482274 
115
62
397.169
0.999987 0.0038925 0.00324013 -0.046088 -0.00390702 0.999982 0.00448658 -0.010744 -0.00322261 -0.00449918 0.999985 0.482274 
102
78
181.986
0.999989 -0.00422361 -0.00193288 0.00602454 0.00420744 0.999957 -0.00829213 0.0185017 0.00196782 0.00828391 0.999964 0.497971 
118
87
746.522
0.999989 -0.00422361 -0.00193288 0.00602454 0.00420744 0.999957 -0.00829213 0.0185017 0.00196782 0.00828391 0.999964 0.497971 
102
70
173.793
0.999982 -0.00480357 -0.00356331 0.0290189 0.00482708 0.999966 0.00662072 -0.00800732 0.00353139 -0.0066378 0.999972 0.497815 
105
59
341.399
0.999984 -0.00399161 -0.0038889 0.0350423 0.00400833 0.999983 0.00430007 -0.022226 0.00387167 -0.00431559 0.999983 0.494208 
108
66
635.639
0.999984 -0.00399161 -0.0038889 0.0350423 0.00400833 0.999983 0.00430007 -0.022226 0.00387167 -0.00431559 0.999983 0.494208 
106
75
399.37
0.999974 -0.00550228 -0.00466277 0.0256761 0.00546337 0.99995 -0.00831666 0.0178601 0.00470829 0.00829096 0.999955 0.473406 
105
62
288.501
0.999974 -0.00550228 -0.00466277 0.0256761 0.00546337 0.99995 -0.00831666 0.0178601 0.00470829 0.00829096 0.999955 0.473406 
107
87
449.313
0.999974 -0.00550228 -0.00466277 0.0256761 0.00546337 0.99995 -0.00831666 0.0178601 0.00470829 0.00829096 0.999955 0.473406 
99
64
176.361
0.999974 -0.00550228 -0.00466277 0.0256761 0.00546337 0.99995 -0.00831666 0.0178601 0.00470829 0.00829096 0.999955 0.473406 
106
83
179.981
0.999998 -0.00219307 0.000366024 0.00203701 0.00219471 0.999987 -0.00454735 -0.00223297 -0.000356047 0.00454815 0.99999 0.47924 
115
80
537.043
0.999998 -0.00219307 0.000366024 0.00203701 0.00219471 0.999987 -0.00454735 -0.00223297 -0.000356047 0.00454815 0.99999 0.47924 
106
78
203.023
0.999962 -0.00393018 -0.00778932 0.0153921 0.00397577 0.999975 0.00584703 -0.0302317 0.00776614 -0.00587778 0.999953 0.450777 
113
67
388.269
0.999996 -0.00252924 -0.00148153 -0.046814 0.00253726 0.999982 0.00544293 -0.0956428 0.00146773 -0.00544667 0.999984 0.258771 
134
63
432.337
