1 -0.000683351 2.2985e-05 0.00295248 0.000683368 0.999999 -0.000730975 0.00682929 -2.24855e-05 0.00073099 1 0.415241 
140
90
920.31
0.999996 -0.00159968 -0.00231977 0.0118175 0.00159492 0.999997 -0.0020539 0.00200084 0.00232305 0.00205019 0.999995 0.421347 
140
102
1063.37
0.99998 -0.00344585 -0.00539513 0.00321747 0.00341612 0.999979 -0.00551018 0.00768728 0.00541401 0.00549164 0.99997 0.391809 
141
94
1114.9
0.999876 5.71088e-05 0.015725 -0.00286045 -0.00138535 0.996425 0.0844688 -0.0104052 -0.0156639 -0.0844801 0.996302 0.45502 
122
57
1221.93
0.979107 0.0107605 0.20306 0.269069 0.00144506 0.998205 -0.0598643 -0.00603548 -0.203339 0.058907 0.977335 0.0611006 
143
98
5411.98
0.97806 -0.00221516 0.208312 0.113095 0.00196702 0.999997 0.00139834 -0.000567459 -0.208315 -0.000957905 0.978061 -0.0476764 
142
112
5124.37
0.978405 7.50744e-05 0.206695 0.072864 -0.00102223 0.999989 0.0044756 -0.0128173 -0.206692 -0.00459024 0.978395 -0.0279831 
139
103
5109.27
0.978619 -0.00139632 0.205676 0.0750061 0.00198014 0.999995 -0.00263273 0.00248638 -0.205672 0.00298371 0.978617 0.0204513 
140
112
4996.12
0.999354 0.00102852 0.0359321 0.0118287 -0.000989642 0.999999 -0.00109986 -0.0139 -0.0359332 0.00106359 0.999354 0.343052 
140
68
1194.82
0.999994 -0.00132214 -0.00304915 0.00386287 0.00133715 0.999987 0.00492593 -0.0226829 0.0030426 -0.00492998 0.999983 0.424178 
138
76
820.029
0.999985 -0.00110899 -0.00543684 0.0162482 0.00112998 0.999992 0.0038597 -0.00859394 0.00543251 -0.00386579 0.999978 0.413428 
138
66
929.489
0.999999 -0.000258769 -0.0015162 -0.00493521 0.000253738 0.999994 -0.003318 -0.00347909 0.00151705 0.00331761 0.999993 0.384097 
127
72
930.45
0.999957 0.00541104 -0.007567 0.334736 -0.00539969 0.999984 0.00151956 0.0151461 0.00757511 -0.00147863 0.99997 0.132597 
128
63
948.105
0.999994 0.00314502 0.00174089 0.0745663 -0.00314759 0.999994 0.00147553 -0.00749138 -0.00173624 -0.001481 0.999997 0.0339046 
90
48
504.439
0.999437 0.00141506 -0.0335317 0.139547 -0.00134498 0.999997 0.00211238 -0.000309906 0.0335346 -0.0020661 0.999435 0.0725421 
85
39
494.012
0.998718 -0.002957 -0.0505328 0.120938 -0.000490073 0.997681 -0.0680664 0.0821517 0.0506169 0.0680039 0.9964 0.187204 
45
26
469.918
0.999899 0.00616721 0.0128433 0.689046 -0.00638936 0.999829 0.017328 -0.206949 -0.0127342 -0.0174083 0.999767 0.621685 
70
42
1010.29
0.999899 0.00616721 0.0128433 0.689046 -0.00638936 0.999829 0.017328 -0.206949 -0.0127342 -0.0174083 0.999767 0.621685 
113
92
3810.27
0.999899 0.00616721 0.0128433 0.689046 -0.00638936 0.999829 0.017328 -0.206949 -0.0127342 -0.0174083 0.999767 0.621685 
125
105
3502.91
0.978977 0.00517777 0.203907 0.819814 -0.0049072 0.999986 -0.00183254 0.180672 -0.203914 0.000793398 0.978989 0.0252629 
126
96
4758.03
0.977757 -0.00069167 0.20974 0.0777136 0.000666491 1 0.000190729 0.00712339 -0.20974 -4.66967e-05 0.977757 -0.0151374 
136
104
4801.6
0.987724 -0.00139837 0.1562 0.0244612 0.00149578 0.999999 -0.000506107 0.00104075 -0.156199 0.000733536 0.987725 0.165336 
144
113
3285.07
0.999987 -0.00286207 -0.00427689 0.016201 0.00285545 0.999995 -0.0015535 -0.000462532 0.00428131 0.00154127 0.99999 0.436838 
129
93
629.169
0.999997 0.00219258 0.00100156 -0.0122673 -0.00218923 0.999992 -0.00333274 0.00393352 -0.00100886 0.00333054 0.999994 0.438566 
137
98
701.221
0.999986 -0.00295775 -0.00441546 0.0124172 0.00296315 0.999995 0.00121796 0.000254712 0.00441184 -0.00123102 0.99999 0.437437 
144
108
946.594
0.999996 -0.00150121 0.00250114 -0.005148 0.00151546 0.999983 -0.00570474 0.0131146 -0.00249253 0.0057085 0.999981 0.40442 
137
89
762.011
0.999998 -0.00119465 -0.00172701 0.00428499 0.00118936 0.999995 -0.00306298 0.00197538 0.00173066 0.00306092 0.999994 0.414136 
134
92
768.398
0.999978 -0.00163194 -0.00642319 0.0116691 0.00163892 0.999998 0.00108243 -0.00867208 0.00642141 -0.00109293 0.999979 0.424405 
126
79
882.763
1 -0.000369038 0.000589044 -0.00367824 0.000370438 0.999997 -0.00237848 0.00767346 -0.000588164 0.00237869 0.999997 0.411488 
140
78
1363.75
0.996814 -0.00108861 0.0797479 0.00711236 0.00102367 0.999999 0.000855091 -0.00178882 -0.0797487 -0.000770731 0.996815 0.267775 
131
88
1761.44
0.978867 7.579e-05 0.204499 0.0685852 0.000216522 0.999999 -0.00140703 0.00297012 -0.204499 0.00142157 0.978866 0.00641608 
138
110
5089.36
0.978531 0.000754028 0.206096 0.0862692 -0.000690383 1 -0.000380727 0.00140204 -0.206096 0.000230268 0.978532 0.00299759 
138
101
5014.23
0.977566 -0.00171997 0.210621 0.0800616 0.00285122 0.999983 -0.00506745 0.020851 -0.210609 0.0055543 0.977555 -0.00540562 
134
103
4937.86
0.980113 0.0016989 0.198435 0.407162 -0.00127296 0.999997 -0.00227409 0.0776419 -0.198438 0.00197627 0.980112 -0.177012 
150
114
5575.5
0.978958 0.00226526 0.204048 0.0686637 -0.00173276 0.999995 -0.0027883 0.0110679 -0.204053 0.00237606 0.978957 -0.00333995 
149
112
5601.94
0.998187 0.00148578 0.0601687 0.015043 -0.00179854 0.999985 0.00514431 -0.0178036 -0.0601601 -0.0052432 0.998175 0.314627 
145
75
1373.85
0.999998 -0.00112509 0.0013927 -0.00183022 0.00113067 0.999991 -0.00401344 0.0156387 -0.00138817 0.00401501 0.999991 0.413716 
138
70
766.413
0.999948 -0.00735393 -0.00710817 0.0331785 0.0072725 0.999908 -0.0114148 0.048255 0.00719146 0.0113626 0.99991 0.431836 
143
84
874.069
0.999937 -0.0112265 0.000667692 0.00371929 0.0112388 0.999678 -0.0227558 0.06783 -0.000412008 0.0227619 0.999741 0.413861 
141
73
948.339
0.999997 0.00110495 -0.00215586 0.00506882 -0.00109783 0.999994 0.00329955 0.00872431 0.0021595 -0.00329717 0.999992 0.453971 
134
67
944.952
0.999734 -0.014298 -0.0181047 0.0331814 0.0140993 0.999839 -0.0110562 0.0299952 0.0182598 0.010798 0.999775 0.436081 
129
56
732.074
0.978776 0.00178229 0.204925 -0.0124417 -0.00130458 0.999996 -0.00246625 0.0206472 -0.204929 0.00214656 0.978775 0.0744125 
145
99
3996.9
0.978118 0.00141069 0.208047 0.184011 -0.00120716 0.999999 -0.00110525 0.00458712 -0.208048 0.000829917 0.978118 -0.0184031 
144
111
5383.05
0.9773 -0.00161925 0.211853 0.172837 0.00234919 0.999992 -0.00319385 0.0210937 -0.211846 0.00361903 0.977296 0.0530463 
150
112
5586.16
0.979145 -0.000251513 0.203162 0.285722 -0.000148523 0.999998 0.0019538 -0.0659654 -0.203162 -0.00194323 0.979143 -0.0308319 
148
113
5319.38
0.978423 -6.90333e-06 0.20661 0.237396 -0.000540641 0.999996 0.00259367 -0.0435444 -0.20661 -0.00264941 0.97842 -0.0217229 
148
114
5508.73
0.979516 0.000593008 0.201364 0.345118 -0.000918033 0.999998 0.00152074 0.0101829 -0.201362 -0.00167444 0.979515 -0.0830157 
148
120
5648.71
0.979067 -0.00234525 0.203524 0.257765 0.00234647 0.999997 0.000235334 0.0331058 -0.203524 0.000247156 0.97907 -0.0603407 
150
118
5664.22
0.999525 0.00454526 0.0304857 -0.0128001 -0.00440719 0.99998 -0.00459483 0.023125 -0.0305059 0.0044583 0.999525 0.423947 
150
78
1076.32
0.999999 -0.00138147 -0.000573119 -0.000595359 0.00137924 0.999992 -0.00386949 0.0108685 0.000578459 0.0038687 0.999992 0.444679 
150
109
818.693
0.999912 -0.0116579 0.00637557 0.0534628 0.0110465 0.995994 0.0887318 -0.00876565 -0.00738446 -0.0886535 0.996035 0.510786 
150
76
1371.7
0.989719 -0.00357957 0.142983 0.0308277 0.0152977 0.996602 -0.08094 -0.0125869 -0.142207 0.0822952 0.98641 0.103673 
150
102
3734.93
0.999999 -0.000409225 -0.00128022 0.00154857 0.000404592 0.999993 -0.00361712 0.00461688 0.00128169 0.0036166 0.999993 0.438843 
147
105
635.41
0.999999 -0.000896937 -0.00125924 0.00310911 0.000896102 0.999999 -0.000663554 -0.000870351 0.00125983 0.000662425 0.999999 0.428872 
150
110
820.714
0.999952 -0.00696563 -0.00685235 0.0221417 0.00698498 0.999972 0.00280281 -0.0368576 0.00683263 -0.00285054 0.999973 0.403854 
150
95
875.326
0.99999 -0.00296598 -0.00338305 0.00982901 0.00296542 0.999996 -0.000171309 -0.00753933 0.00338355 0.000161275 0.999994 0.44281 
133
100
567.827
0.999998 -0.000443873 -0.00192345 0.00831955 0.000444831 1 0.000497533 0.00253499 0.00192323 -0.000498388 0.999998 0.430741 
147
102
758.089
0.999973 -0.00400005 -0.0062066 0.0203253 0.00398401 0.999989 -0.00259427 0.0121827 0.00621691 0.00256947 0.999977 0.40473 
147
87
850.853
0.998925 -0.00695299 -0.0458377 0.0260115 0.00692917 0.999976 -0.000678524 -0.0244803 0.0458413 0.000360178 0.998949 0.333524 
143
82
1112.16
0.998925 -0.00695299 -0.0458377 0.0260115 0.00692917 0.999976 -0.000678524 -0.0244803 0.0458413 0.000360178 0.998949 0.333524 
145
111
4440.46
0.979277 -0.00133104 -0.202522 -0.0689961 0.00168105 0.999997 0.00155622 -0.00342684 0.20252 -0.00186442 0.979276 -0.0034912 
145
115
5238.63
0.978303 0.000786089 -0.207177 -0.146144 -0.00150917 0.999993 -0.00333212 0.0182998 0.207173 0.00357249 0.978298 -0.0227868 
140
117
5068.93
0.978962 0.000286874 -0.204042 -0.235946 -0.00142838 0.999984 -0.0054472 0.0305559 0.204037 0.00562405 0.978947 -0.00558764 
135
99
5066.36
0.977911 -1.19963e-05 -0.20902 -0.125822 -0.000543561 0.999996 -0.00260047 0.0229806 0.20902 0.00265664 0.977908 0.0166124 
131
102
4862.51
0.999972 0.00540515 -0.00516705 -0.0493415 -0.00540387 0.999985 0.000261348 -0.0103967 0.00516839 -0.000233419 0.999987 0.367282 
137
70
708.726
1 -0.00070955 0.00057928 0.00783536 0.000707876 0.999996 0.00288486 -0.00174058 -0.000581325 -0.00288445 0.999996 0.41018 
138
75
656.237
0.999999 -0.00106947 0.000434487 -0.00306323 0.00107393 0.999945 -0.0104021 0.04076 -0.000423338 0.0104026 0.999946 0.427233 
145
89
839.568
0.999977 0.0033016 0.00595727 -0.0212411 -0.00326512 0.999976 -0.00612276 0.00236459 -0.00597734 0.00610317 0.999964 0.378601 
141
83
695.373
0.999976 0.00395442 0.00575373 -0.0242181 -0.0039534 0.999992 -0.000189506 -0.0106081 -0.00575443 0.000166754 0.999983 0.409323 
145
80
747.91
0.998452 -0.00181695 -0.0555936 0.0213483 0.003286 0.999648 0.0263448 -0.0146003 0.0555262 -0.0264867 0.998106 0.348383 
144
74
1103.35
0.97785 0.000163924 -0.209305 -0.0400246 -0.00268967 0.999927 -0.0117827 -0.00335167 0.209288 0.0120847 0.977779 -0.0274484 
126
96
4587.56
0.97964 0.00150465 -0.200758 -0.167556 -0.0014469 0.999999 0.000434384 -0.00956037 0.200758 -0.000135063 0.979641 -0.0147491 
125
91
4632.16
0.97811 -0.00192295 -0.20808 -0.138789 0.00188844 0.999998 -0.000364483 -0.00696675 0.208081 -3.64433e-05 0.978112 0.00575593 
136
107
4901
0.987207 0.0109507 -0.159067 -0.106133 -0.0145178 0.999668 -0.0212803 0.0166558 0.158781 0.0233174 0.987038 0.109498 
139
93
3872.95
0.999984 -0.00352756 -0.00448873 0.0178698 0.00357295 0.999942 0.0101458 -0.00369612 0.00445268 -0.0101617 0.999938 0.404285 
127
71
721.879
0.999937 0.00829898 0.00758958 -0.0504939 -0.00818806 0.999861 -0.0145311 0.0465818 -0.00770912 0.0144681 0.999866 0.408549 
146
82
859.502
0.99998 -0.00236178 -0.00584956 0.0175966 0.00232239 0.999975 -0.00673144 0.0263378 0.00586531 0.00671772 0.99996 0.436978 
150
86
871.295
0.999698 0.0133249 0.0206492 -0.0468457 -0.012802 0.999599 -0.025251 0.0524852 -0.0209774 0.024979 0.999468 0.279355 
138
69
747.99
0.984889 -0.000127263 -0.173185 0.013232 -0.00101671 0.999978 -0.00651678 0.0245755 0.173182 0.00659439 0.984868 0.146673 
145
95
3581.16
0.976618 0.00306366 -0.21496 -0.355891 -0.00323786 0.999995 -0.000458254 -0.0196491 0.214957 0.00114355 0.976623 0.175601 
137
107
5095.05
0.972085 0.00213266 -0.234618 -0.0254479 -0.0029697 0.99999 -0.00321444 -0.000468401 0.234609 0.00382146 0.972082 0.0438567 
134
101
3493.15
0.972085 0.00213266 -0.234618 -0.0254479 -0.0029697 0.99999 -0.00321444 -0.000468401 0.234609 0.00382146 0.972082 0.0438567 
139
105
3302.18
0.979362 -0.000983604 -0.202114 -0.122274 0.000554875 0.999997 -0.00217787 0.00448677 0.202116 0.00202077 0.97936 -0.0165634 
135
91
4902.92
0.975426 0.00487687 -0.220271 -0.0319724 -0.00576834 0.999978 -0.00340412 0.014975 0.22025 0.00459107 0.975433 -0.0347403 
137
99
4598.08
0.977811 0.00202132 -0.209477 -0.0726171 -0.00214242 0.999998 -0.000351197 -0.00419508 0.209476 0.000792192 0.977813 0.00278963 
140
97
5055.28
0.980664 -0.0102307 -0.195431 -0.0708892 -0.00346989 0.997567 -0.0696335 0.00126532 0.195668 0.0689652 0.978242 -0.0269455 
148
105
5669.5
0.999995 -0.00239678 -0.00221976 0.0191842 0.00256886 0.996705 0.0810721 0.0405391 0.00201814 -0.0810774 0.996706 0.418502 
141
73
1366.45
0.999963 -0.00539535 -0.00672653 0.0267501 0.00537533 0.999981 -0.00299014 0.00867748 0.00674254 0.00295387 0.999973 0.440318 
149
91
933.541
0.999975 -0.00373031 -0.0060265 0.0125359 0.00371141 0.999988 -0.00314379 -0.000106082 0.00603816 0.00312134 0.999977 0.446401 
150
81
860.343
1 -0.000116771 -0.00085403 -0.00186831 0.000110561 0.999974 -0.00726787 0.0109472 0.000854857 0.00726778 0.999973 0.430568 
147
92
806.246
0.999998 -0.000387209 0.00206004 -0.0216042 0.000373991 0.999979 0.00641302 -0.0234061 -0.00206248 -0.00641223 0.999977 0.43138 
149
79
1023.95
0.999995 0.00171683 0.00281096 -0.0156668 -0.00172837 0.99999 0.00411024 -0.0143009 -0.00280388 -0.00411508 0.999988 0.414036 
147
93
995.929
0.999999 -0.00150951 -0.000544104 0.00943739 0.00151168 0.999991 0.00400293 -0.0241961 0.000538056 -0.00400375 0.999992 0.387012 
146
73
796.814
0.999959 0.00311979 0.00850465 -0.0285448 -0.00319348 0.999957 0.00866496 -0.0334714 -0.00847726 -0.00869177 0.999926 0.427736 
138
60
727.953
0.999169 -0.0174212 -0.0368529 0.127468 0.0154785 0.998508 -0.0523575 0.124082 0.0377101 0.0517435 0.997948 0.389355 
135
62
740.129
0.998983 -0.0106844 -0.0437982 0.123913 0.00806605 0.998194 -0.0595299 0.177429 0.0443551 0.0591161 0.997265 0.477124 
118
56
871.628
0.988885 -5.13087e-05 -0.148682 -0.0280879 0.001473 0.999954 0.00945189 -0.0291096 0.148675 -0.00956584 0.98884 0.157654 
142
84
2749.32
0.97899 -0.00313267 -0.203884 -0.135607 0.00233206 0.999989 -0.00416694 0.028866 0.203895 0.00360392 0.978986 -0.0120704 
134
93
4842.39
0.97899 -0.00313267 -0.203884 -0.135607 0.00233206 0.999989 -0.00416694 0.028866 0.203895 0.00360392 0.978986 -0.0120704 
127
94
3092.98
0.995987 0.00552219 -0.0893315 -0.0455898 -0.00556036 0.999985 -0.00017851 0.00278381 0.0893291 0.000674509 0.996002 0.24484 
150
91
1987.41
0.99809 0.00386049 -0.061662 -0.00590347 -0.00300797 0.999899 0.0139125 -0.00797427 0.0617094 -0.0137005 0.998 0.330321 
149
85
1259.03
0.972191 0.00941175 -0.234002 -0.0180517 -0.0126082 0.999846 -0.0121679 0.0225445 0.233851 0.0147798 0.97216 -0.069097 
136
97
2998.92
0.979846 -0.000695195 -0.199755 -0.227683 0.000732085 1 0.000110814 -0.0173536 0.199755 -0.000254818 0.979846 -0.0202266 
138
102
5258.73
0.979157 -0.00169824 -0.2031 -0.131862 0.00152788 0.999998 -0.000995582 0.0116671 0.203101 0.000664518 0.979158 -0.00596186 
134
109
5100.09
0.975762 -0.00157038 -0.218829 -0.174533 0.00136374 0.999998 -0.00109533 -0.00795352 0.21883 0.000770359 0.975763 0.107835 
141
104
5222.78
0.978011 -0.00138416 -0.20855 -0.263557 0.00022822 0.999984 -0.00556672 0.0324881 0.208554 0.00539672 0.977996 0.00386525 
136
100
5025.92
0.978011 -0.00138416 -0.20855 -0.263557 0.00022822 0.999984 -0.00556672 0.0324881 0.208554 0.00539672 0.977996 0.00386525 
143
109
3476.74
0.976747 -0.00242373 -0.214381 -0.405872 0.00284182 0.999995 0.00164206 -0.0656188 0.214375 -0.00221311 0.976749 -0.2796 
145
108
5294.31
0.978314 -0.00198176 -0.207116 -0.33906 0.00250727 0.999994 0.0022748 -0.0328485 0.20711 -0.00274476 0.978314 -0.160034 
140
116
5104.15
0.978955 0.000540623 -0.204076 -0.364029 4.77043e-05 0.999996 0.00287795 -0.0262072 0.204077 -0.00282712 0.978951 -0.0658435 
144
127
5444.66
0.978373 -0.00165181 -0.206844 -0.256165 0.00156993 0.999999 -0.000559994 0.0242097 0.206844 0.000223154 0.978374 -0.0913295 
147
123
4874.31
0.978373 -0.00165181 -0.206844 -0.256165 0.00156993 0.999999 -0.000559994 0.0242097 0.206844 0.000223154 0.978374 -0.0913295 
145
81
946.796
0.999999 -0.00088803 -0.000773583 -0.00608879 0.000884614 0.99999 -0.00440477 0.0189365 0.000777487 0.00440409 0.99999 0.444942 
148
100
627.112
0.979171 -0.0036535 -0.203004 -0.169794 0.00317739 0.999991 -0.00267121 0.00866704 0.203012 0.00197055 0.979174 -0.162314 
145
109
3623.8
0.999999 0.000670583 0.0010278 0.00465062 -0.000671921 0.999999 0.00130239 -0.0102524 -0.00102693 -0.00130308 0.999999 0.419341 
144
91
579.797
0.999999 0.000670583 0.0010278 0.00465062 -0.000671921 0.999999 0.00130239 -0.0102524 -0.00102693 -0.00130308 0.999999 0.419341 
139
81
412.633
0.999999 -0.000668783 -0.00140557 0.0336286 0.000659929 0.99998 -0.00628994 0.0495667 0.00140975 0.006289 0.999979 0.461229 
146
99
691.987
1 -0.000738067 -0.000672387 0.00259363 0.000736983 0.999998 -0.0016119 0.0141362 0.000673576 0.0016114 0.999998 0.413871 
146
93
725.867
0.999999 0.000232559 0.000999128 0.00786705 -0.000231881 1 -0.00067809 0.00665551 -0.000999285 0.000677858 0.999999 0.3993 
148
94
779.345
0.999657 -0.0123325 -0.0231085 0.103205 0.0121519 0.999895 -0.00793777 -0.0105635 0.0232039 0.00765424 0.999701 0.352281 
145
66
805.896
1 -0.000728032 -0.00023109 0.012719 0.000727079 0.999991 -0.00409904 0.00875775 0.000234072 0.00409887 0.999992 0.433874 
141
80
798.756
0.99418 -0.0130492 0.106939 0.0499901 0.0132663 0.999911 -0.00131935 0.00410342 -0.106912 0.00273035 0.994265 0.223291 
149
86
2205.19
0.977858 -0.00294021 0.209247 0.145234 0.00343605 0.999992 -0.00200613 0.0148046 -0.20924 0.0026807 0.977861 -0.0604122 
147
120
5115.67
0.979388 0.00194521 0.201979 0.0637325 -0.00218752 0.999997 0.000976463 0.00481387 -0.201976 -0.00139817 0.979389 -0.00663088 
143
116
5383.65
0.979421 0.000133566 0.201829 0.0917845 -6.2885e-05 1 -0.000356613 0.00904096 -0.201829 0.000336582 0.979421 0.00501192 
146
119
5638.2
0.978441 0.00114197 0.206523 0.0606306 -0.000386005 0.999993 -0.00370072 0.00641567 -0.206525 0.00354122 0.978435 0.00967705 
143
116
5453.92
0.978441 0.00114197 0.206523 0.0606306 -0.000386005 0.999993 -0.00370072 0.00641567 -0.206525 0.00354122 0.978435 0.00967705 
148
102
2990.6
0.97602 -0.00270151 0.217666 0.0904681 0.00247905 0.999996 0.0012951 -0.00792424 -0.217669 -0.000724432 0.976022 -0.0823277 
147
112
5274.1
0.977968 0.00173399 0.208749 0.288641 -0.00195137 0.999998 0.000835385 -0.00769157 -0.208747 -0.00122433 0.977969 0.0750023 
145
117
5466.48
0.982281 0.00394723 0.187374 0.0774112 -0.00190479 0.999937 -0.0110791 0.00650001 -0.187406 0.0105259 0.982226 -0.0469662 
144
105
4147.24
0.999968 -0.00485774 -0.00628493 0.0687505 0.00478279 0.999918 -0.0118852 0.058308 0.00634215 0.0118547 0.99991 0.45839 
139
81
713.659
0.999998 -0.000252826 -0.00188687 0.00921992 0.000237572 0.999967 -0.0080802 0.0256009 0.00188885 0.00807973 0.999966 0.423658 
136
89
661.057
1 -0.000128516 -0.000643999 -0.0155636 0.000128807 1 0.000450593 -0.00767123 0.000643941 -0.000450676 1 0.436792 
137
88
526.665
0.995157 -0.002191 0.098277 -0.000678823 0.00185397 0.999992 0.00352063 -0.0178779 -0.098284 -0.00332138 0.995153 0.266985 
134
84
1476.13
0.997924 0.00869757 0.0638074 -0.0318476 -0.00816039 0.999929 -0.00867457 0.0257788 -0.0638783 0.00813587 0.997925 0.333097 
138
83
1313.82
0.999988 -0.00313432 -0.00384259 0.0245162 0.00307978 0.999896 -0.0141185 0.0587351 0.00388644 0.0141065 0.999893 0.447613 
136
75
998.404
0.999997 0.00118876 0.00217813 -0.0220716 -0.00118139 0.999994 -0.00338361 0.0121711 -0.00218214 0.00338102 0.999992 0.402199 
135
76
920.16
0.999996 0.00189752 0.00205284 0.00441028 -0.00189927 0.999998 0.000852402 -0.0121423 -0.00205122 -0.000856297 0.999998 0.465503 
137
76
953.642
0.999999 -0.000328721 0.000966185 -0.00285602 0.000320615 0.999965 0.00837836 -0.0330798 -0.000968905 -0.00837805 0.999964 0.421662 
136
81
945.406
0.99999 0.00194569 0.00402593 -0.0166135 -0.00195975 0.999992 0.00349184 -0.0112919 -0.00401911 -0.00349969 0.999986 0.435213 
133
72
871.884
0.999998 -0.00118547 -0.00160576 -0.0337378 0.00110316 0.998732 -0.0503267 0.102047 0.00166338 0.0503248 0.998732 0.303962 
126
64
706.816
0.999998 -0.00160764 -0.000687516 -0.00818032 0.00161 0.999993 0.003452 0.000875247 0.000681961 -0.0034531 0.999994 0.459408 
128
76
886.803
0.99987 -0.0131115 -0.00935244 0.00485698 0.0131075 0.999914 -0.000491245 0.00825076 0.00935808 0.000368595 0.999956 0.423537 
130
55
1134.73
0.999823 -0.00750115 -0.01728 0.0694957 0.00727649 0.999889 -0.0130273 0.0451847 0.0173758 0.0128993 0.999766 0.436415 
92
44
766.528
0.998939 0.0170429 -0.0427719 0.0987726 -0.0199432 0.997464 -0.0683241 0.125666 0.041499 0.0691046 0.996746 0.270605 
75
36
608.552
0.99495 0.00610028 -0.100187 0.209553 -0.0151523 0.995841 -0.0898406 0.249492 0.0992224 0.0909049 0.990904 0.424148 
57
31
608.462
0.997843 0.0559661 -0.034323 -0.0777287 -0.0558744 0.998431 0.0036241 -0.251933 0.034472 -0.0016985 0.999404 0.256808 
15
13
111.295
0.985923 0.0629496 -0.154898 3.70607 -0.0616917 0.998012 0.0129191 0.256794 0.155404 -0.00318127 0.987846 -1.34047 
34
21
353.856
0.97597 -0.00100732 -0.217901 -0.0352226 0.00136855 0.999998 0.00150687 0.00336466 0.217899 -0.00176886 0.97597 0.0253891 
88
77
3064.66
0.975751 0.000197309 -0.218882 -0.0834869 0.000242306 0.999998 0.00198162 0.00788184 0.218882 -0.0019866 0.975749 -0.103765 
109
87
3952.82
0.976936 0.00272479 -0.213516 -0.511027 -0.00179732 0.999988 0.00453781 0.0300239 0.213526 -0.00404939 0.976929 -0.548338 
126
95
4473.17
0.978071 0.00312115 -0.208246 -0.0455538 -0.00331894 0.999994 -0.00060038 0.000991711 0.208243 0.00127837 0.978076 -0.0146934 
138
110
5143.34
0.999014 0.00517862 -0.0440907 -0.0336063 -0.0040291 0.999651 0.0261206 -0.0848995 0.0442105 -0.0259172 0.998686 0.338999 
130
65
1314.95
0.999935 0.00240625 -0.0111163 0.213339 -0.00239877 0.999997 0.000686378 0.00869206 0.0111179 -0.000659668 0.999938 0.0314439 
120
54
983.519
0.999219 0.000512572 -0.0395136 0.251407 -0.00274636 0.998399 -0.0564986 0.312569 0.0394214 0.056563 0.99762 0.802536 
95
43
808.926
0.995455 -0.0468601 -0.0829079 0.27117 0.0494518 0.998341 0.0294862 -0.665928 0.0813886 -0.0334522 0.996121 0.870649 
79
30
843.171
0.979926 -0.00632784 0.199259 -0.317256 0.000758283 0.999607 0.0280152 -0.0619014 -0.199358 -0.0273018 0.979546 0.508872 
62
27
1096.79
0.978445 -8.14551e-05 -0.206508 -0.221199 0.000496435 0.999998 0.00195769 0.00692232 0.206508 -0.00201801 0.978443 0.018295 
100
90
3706.84
0.978256 0.000340453 -0.207402 -0.240156 -0.00025441 1 0.000441537 -0.00427922 0.207402 -0.000379172 0.978256 0.0325075 
107
95
3823.89
0.977024 7.72872e-06 -0.213131 -0.684957 -0.000267534 0.999999 -0.00119015 0.00266798 0.213131 0.00121983 0.977023 0.0919002 
103
85
3826.03
0.980305 -0.00331177 -0.197464 -0.111456 0.00302357 0.999994 -0.00176096 0.000268433 0.197468 0.00112923 0.980309 0.0191685 
107
87
3857.38
0.976356 -0.000814208 -0.216167 -0.116768 0.00104391 0.999999 0.000948416 -0.0105567 0.216166 -0.00115165 0.976356 -0.128535 
118
96
4042.72
0.977614 -0.00388945 -0.210369 -0.186387 0.00339836 0.999991 -0.00269585 0.0312199 0.210378 0.00192059 0.977618 0.0198497 
127
100
4610.01
0.991179 0.00389709 -0.132476 -0.0288916 -0.0040779 0.999991 -0.00109358 0.00478195 0.13247 0.00162416 0.991186 0.197155 
131
80
2545.26
0.999691 0.0134126 -0.0209099 0.270593 -0.0133247 0.999902 0.00433371 -0.1205 0.020966 -0.00405375 0.999772 0.0891235 
111
73
364.188
0.999966 -0.00749846 -0.00336255 0.0293916 0.00749655 0.999972 -0.000582257 -0.00725948 0.00336682 0.000557029 0.999994 0.426422 
122
58
675.071
0.999979 0.00585396 0.00291769 -0.0226651 -0.00582348 0.999929 -0.0103499 0.0275216 -0.00297807 0.0103327 0.999942 0.40674 
109
68
522.651
0.999996 -0.00292415 0.000624906 0.0026618 0.00292153 0.999987 0.00414144 0.00202999 -0.000637008 -0.00413959 0.999991 0.432611 
99
58
524.485
0.999973 0.00494892 -0.00536699 0.138509 -0.00501559 0.99991 -0.0124791 0.0011319 0.00530475 0.0125057 0.999908 0.212741 
98
52
316.115
0.981755 -0.00166866 -0.190145 -0.0046773 0.00113784 0.999995 -0.0029008 0.00460257 0.190149 0.00263152 0.981752 0.0973417 
125
84
3397.04
0.984234 -0.00121996 -0.176869 -0.00257344 0.00120694 0.999999 -0.000181217 -0.0150794 0.176869 -3.51107e-05 0.984234 0.226411 
133
82
2692.08
0.999877 -0.0112466 -0.0109236 0.191424 0.0110834 0.999828 -0.0148928 0.0370971 0.0110892 0.0147699 0.999829 0.310166 
117
71
374.293
0.999996 -0.00139558 -0.00251788 -0.0571461 0.00138335 0.999987 -0.00485493 0.0477815 0.00252462 0.00485143 0.999985 0.454614 
127
79
577.386
0.999996 -0.00221333 -0.00166709 -0.000750115 0.00222693 0.999964 0.00819728 -0.0422726 0.00164889 -0.00820096 0.999965 0.402083 
130
83
819.342
0.999948 -0.00807709 -0.00617804 0.0505856 0.00805223 0.999959 -0.00403827 0.0393545 0.00621041 0.00398831 0.999973 0.47782 
127
68
568.626
0.999994 -0.00118557 -0.00313226 0.00403706 0.00119162 0.999997 0.00193109 0.00111701 0.00312997 -0.00193481 0.999993 0.409203 
126
67
809.604
0.999998 0.00168889 -0.000642984 0.00405557 -0.00169288 0.999979 -0.00624524 0.034142 0.000632423 0.00624632 0.99998 0.45097 
125
62
612.717
0.999995 -0.000837558 -0.00300276 -0.00294425 0.000792684 0.999888 -0.0149146 0.0600301 0.00301491 0.0149121 0.999884 0.441442 
131
81
634.606
0.997119 -0.000205429 -0.0758589 -0.00329606 0.00028132 0.999999 0.000989742 -0.0216166 0.0758586 -0.00100823 0.997118 0.272335 
140
79
1553.65
0.978522 0.000731338 -0.206139 -0.173141 7.94692e-05 0.999992 0.003925 -0.0191961 0.20614 -0.00385708 0.978515 -0.00765039 
134
101
4769.24
0.979124 0.00141483 -0.20326 -0.178609 -0.000768984 0.999994 0.00325638 -0.0151992 0.203263 -0.0030321 0.979119 0.0207546 
139
110
5295.97
0.978689 0.00295931 -0.205327 -0.207867 -0.00394265 0.999983 -0.00438019 0.0445117 0.205311 0.00509638 0.978684 -0.0833688 
136
103
5069.32
0.978994 0.00386672 -0.20385 -0.277419 -0.00419701 0.99999 -0.00118799 0.0290626 0.203843 0.00201859 0.979001 -0.0557151 
135
102
5041.75
0.979202 -0.00103057 -0.202886 -0.24432 0.000804169 0.999999 -0.00119835 0.00977082 0.202887 0.00101027 0.979202 -0.071563 
135
104
4966.75
0.989046 0.000276166 -0.147608 -0.0156141 0.000432333 0.999989 0.00476776 -0.0134595 0.147608 -0.00477935 0.989034 0.166301 
150
101
2610.34
0.999999 0.00112404 0.00119989 0.00276588 -0.00111888 0.99999 -0.00429357 0.0184971 -0.00120471 0.00429222 0.99999 0.437978 
150
122
498.348
1 -0.000103517 1.67943e-05 0.000853526 0.000103557 0.999997 -0.00241209 0.00535489 -1.65446e-05 0.00241209 0.999997 0.410212 
150
118
610.171
0.999988 0.00352751 0.00354244 -0.0165046 -0.00352009 0.999992 -0.00210046 0.00212513 -0.00354982 0.00208796 0.999992 0.411174 
150
114
711.666
0.999999 0.00071761 0.00117851 -0.00216189 -0.000720333 0.999997 0.00231179 -0.00863386 -0.00117685 -0.00231264 0.999997 0.435264 
150
112
587.969
1 0.000103354 -0.000521559 -0.00144287 -0.000105098 0.999994 -0.00334513 0.0221146 0.000521211 0.00334519 0.999994 0.455204 
145
91
598.287
0.999999 -0.000607219 -0.00111359 0.0153875 0.000607909 1 0.000618955 -0.00341375 0.00111321 -0.000619631 0.999999 0.395275 
150
104
748.967
0.999967 0.00510455 0.00629636 -0.0267422 -0.00511273 0.999986 0.00128377 -0.0109554 -0.00628971 -0.00131592 0.999979 0.422963 
145
101
676.762
0.999938 0.00680988 0.0088632 -0.0375564 -0.00680466 0.999977 -0.000618141 0.00126626 -0.0088672 0.000557791 0.999961 0.422973 
147
104
639.938
0.999976 0.00421652 0.00552019 -0.0154417 -0.00420816 0.99999 -0.00152458 0.00637059 -0.00552656 0.00150132 0.999984 0.420611 
150
97
713.31
0.999939 0.00699394 0.00851147 -0.0308745 -0.00701643 0.999972 0.00261516 -0.00799017 -0.00849294 -0.00267472 0.99996 0.415691 
148
105
805.357
0.999974 0.00433854 0.00576563 -0.0254285 -0.00432153 0.999986 -0.00295962 0.0102276 -0.00577839 0.00293463 0.999979 0.442049 
148
105
778.461
0.999961 0.00633793 0.00618317 -0.0177896 -0.00641361 0.999904 0.0122974 -0.056905 -0.00610464 -0.0123366 0.999905 0.385333 
148
88
794.563
0.999925 0.00726414 0.00981731 -0.0333243 -0.00725131 0.999973 -0.00134192 -0.0020653 -0.00982679 0.00127064 0.999951 0.432124 
145
100
1061.29
0.991021 0.011534 -0.133204 -0.006701 -0.0103048 0.999898 0.00991403 -0.0529024 0.133305 -0.00845237 0.991039 0.139443 
149
91
2509.03
0.978878 -0.00109609 -0.204441 -0.0517802 0.00121976 0.999999 0.00047891 0.00472827 0.20444 -0.000718165 0.978879 -0.0355888 
131
100
5018.05
