0.999679 -0.00232983 -0.0252214 0.00528258 0.00235214 0.999997 0.000855222 0.00683499 0.0252194 -0.000914272 0.999682 0.1494 
150
79
0.999785 0.00169833 0.0206493 -0.0119883 -0.0016756 0.999998 -0.00111795 -0.0047079 -0.0206511 0.00108311 0.999786 0.139217 
150
80
0.998456 0.00247081 0.0555019 0.00104129 -0.00219911 0.999985 -0.00495589 0.000731571 -0.0555134 0.00482618 0.998446 0.146177 
150
61
0.998828 0.00107201 0.0483829 -0.0105401 -0.00109643 0.999999 0.000478071 -0.00528987 -0.0483823 -0.000530559 0.998829 0.144733 
150
90
0.998991 -0.000463453 0.0449176 0.001966 0.000653498 0.999991 -0.00421638 -0.000202924 -0.0449152 0.00424148 0.998982 0.138778 
150
77
0.998911 0.00147476 0.0466384 0.00142164 -0.0015181 0.999998 0.000893873 0.00525753 -0.046637 -0.000963702 0.998911 0.145914 
150
73
0.998413 0.00588611 0.0560027 -0.0294015 -0.00569457 0.999977 -0.00357909 -0.00270871 -0.0560225 0.0032545 0.998424 0.133953 
150
79
0.998682 -0.00261586 0.051258 -6.32499e-05 0.0025348 0.999995 0.00164643 -0.0142751 -0.051262 -0.00151433 0.998684 0.143508 
150
76
0.999105 -0.00409134 0.0420923 0.0106368 0.00415404 0.99999 -0.00140232 -0.000995909 -0.0420861 0.00157592 0.999113 0.142294 
150
71
0.999176 0.000312489 0.0405967 2.21938e-05 -0.000220302 0.999997 -0.00227525 -0.00198104 -0.0405973 0.00226443 0.999173 0.142073 
150
77
0.999311 -0.00308476 0.0369814 0.0063678 0.00271887 0.999947 0.00993998 -0.00275083 -0.0370101 -0.00983259 0.999267 0.156451 
150
76
0.998991 -0.00199087 0.0448662 0.00839046 0.00177172 0.999986 0.00492381 -0.0352296 -0.0448754 -0.00483936 0.998981 0.140543 
150
57
0.997731 0.00841708 0.0667924 -0.0299752 -0.00813809 0.999957 -0.00444794 0.00326454 -0.0668269 0.00389429 0.997757 0.148564 
150
68
0.998612 0.0024403 0.0526176 -0.0079272 -0.00219195 0.999986 -0.00477702 0.00213289 -0.0526285 0.00465506 0.998603 0.144307 
150
71
0.998766 0.00179097 0.049635 -0.0109507 -0.00170877 0.999997 -0.00169848 0.00628905 -0.0496379 0.00161157 0.998766 0.143985 
150
70
0.999168 -0.00296517 0.0406639 0.0105497 0.00270321 0.999975 0.00649547 -0.00848717 -0.0406822 -0.00638015 0.999152 0.1511 
148
68
0.998556 -0.000413005 0.0537128 -0.0074434 0.000907744 0.999957 -0.00918674 0.012705 -0.0537068 0.00922223 0.998514 0.141338 
147
78
0.999071 0.00086387 0.0430906 -0.00447844 -0.00078343 0.999998 -0.00188362 0.0024659 -0.0430921 0.00184811 0.999069 0.147259 
145
72
0.998838 0.00458493 0.04798 -0.004647 -0.00443194 0.999985 -0.00329455 0.00439495 -0.0479943 0.00307808 0.998843 0.146922 
146
61
0.999524 -0.00606897 0.0302457 0.0259749 0.00611465 0.99998 -0.00141813 0.0262363 -0.0302365 0.0016024 0.999541 0.144042 
146
65
0.998999 0.00222941 0.0446706 -0.00189492 -0.00234087 0.999994 0.00244307 -0.0112475 -0.0446649 -0.00254519 0.998999 0.149088 
143
57
0.998727 -0.00283358 0.0503542 0.00301142 0.00285783 0.999996 -0.00040968 0.00493061 -0.0503529 0.000553063 0.998731 0.153944 
144
66
0.998322 0.00442859 0.0577298 -0.0101794 -0.00418563 0.999982 -0.00432887 0.00408955 -0.0577479 0.00407998 0.998323 0.147096 
148
62
0.999219 -0.00224553 0.0394451 0.00860028 0.00235538 0.999993 -0.00273849 0.00422744 -0.0394387 0.00282926 0.999218 0.144002 
145
70
0.999592 -0.00513362 0.0281109 0.0184099 0.00524921 0.999978 -0.00403963 -0.0026286 -0.0280896 0.00418554 0.999597 0.143902 
145
69
0.999349 -0.00148596 0.036042 0.0129587 0.00124573 0.999977 0.00668677 -0.0126194 -0.0360511 -0.00663752 0.999328 0.15076 
146
64
0.999273 -0.00811142 0.0372422 0.0165505 0.00802143 0.999965 0.00256501 -0.00518866 -0.0372617 -0.00226441 0.999303 0.151965 
145
59
0.998603 0.00111873 0.0528264 -0.00932974 -0.00140396 0.999985 0.00536262 -0.00449197 -0.0528196 -0.00542929 0.998589 0.156829 
146
72
0.999522 -0.00180636 0.030854 0.020208 0.00148606 0.999945 0.010401 -0.00192525 -0.0308711 -0.0103501 0.99947 0.157288 
146
61
0.999451 -0.00152208 0.0330913 0.0166677 0.00128609 0.999974 0.00715153 -0.00565271 -0.0331013 -0.00710504 0.999427 0.159432 
146
72
0.999436 -0.00288978 0.0334606 0.0261099 0.00268459 0.999977 0.00617561 -0.012886 -0.0334776 -0.0060823 0.999421 0.13952 
148
72
0.999375 -0.00039132 0.0353601 0.00483711 0.000313092 0.999997 0.00221783 -0.00678061 -0.0353609 -0.00220537 0.999372 0.15036 
150
70
0.998875 0.00236419 0.0473682 0.00562357 -0.00289595 0.999934 0.0111607 -0.0008982 -0.0473386 -0.0112853 0.998815 0.162967 
149
70
0.999577 -0.00711884 0.0282068 0.0353941 0.0072277 0.999967 -0.00375941 0.000543506 -0.0281791 0.00396169 0.999595 0.138717 
150
62
0.999283 -0.0020097 0.0378018 0.0069729 0.00210941 0.999994 -0.00259795 0.00239168 -0.0377964 0.00267583 0.999282 0.14176 
150
73
0.999362 -0.000518611 0.0357083 0.00555476 0.000442485 0.999998 0.00213974 -0.00262898 -0.0357094 -0.00212257 0.99936 0.15687 
150
74
0.999134 0.000563521 0.0416115 0.00278206 -0.000866412 0.999973 0.00726134 -0.0112149 -0.0416063 -0.0072911 0.999107 0.153289 
150
72
0.998731 0.00316475 0.0502556 0.00279124 -0.00332709 0.99999 0.003147 -0.00430387 -0.0502451 -0.00331021 0.998731 0.140774 
146
77
0.998642 0.000155498 0.0521036 -0.0221731 -0.0004688 0.999982 0.00600089 -0.00744924 -0.0521017 -0.00601716 0.998624 0.147365 
145
64
0.998964 -0.00114725 0.0455019 0.00185271 0.000915809 0.999987 0.00510702 -0.000409042 -0.0455072 -0.00506005 0.998951 0.152955 
146
72
0.998872 0.00163408 0.0474602 -0.00370168 -0.0020864 0.999953 0.00948244 -0.0067515 -0.0474425 -0.00957076 0.998828 0.154701 
147
77
0.998939 0.00227586 0.0460021 -0.00439394 -0.0028772 0.999911 0.0130101 -0.0140196 -0.0459684 -0.0131286 0.998857 0.160724 
147
75
0.998677 0.000161388 0.0514254 -0.00862234 -0.000345328 0.999994 0.00356796 -0.00476636 -0.0514245 -0.003581 0.99867 0.147639 
150
77
0.999138 0.000944119 0.0414973 -0.00130618 -0.00133551 0.999955 0.00940508 -0.00904625 -0.0414865 -0.00945239 0.999094 0.153564 
146
89
0.999085 0.00205532 0.0427307 -0.00439273 -0.00222144 0.99999 0.00384046 -0.005033 -0.0427224 -0.00393187 0.999079 0.153715 
144
80
0.999092 0.00116553 0.0425842 -0.00133169 -0.00120164 0.999999 0.000822224 -0.000876959 -0.0425832 -0.000872648 0.999093 0.149322 
146
88
0.998883 0.00158238 0.047232 -0.00452924 -0.00174464 0.999993 0.00339436 -0.00297984 -0.0472263 -0.00347297 0.998878 0.153965 
144
77
0.999103 0.00158855 0.0423244 -0.00556121 -0.00194655 0.999963 0.00841884 -0.0108367 -0.0423094 -0.00849368 0.999068 0.156325 
144
84
0.998957 -0.00116972 0.0456372 0.00178642 0.00121154 0.999999 -0.000888629 8.27207e-05 -0.0456361 0.000942993 0.998958 0.142138 
144
80
0.998709 0.00240078 0.0507408 -0.00467915 -0.00261662 0.999988 0.00418789 -0.00413473 -0.0507301 -0.00431525 0.998703 0.147239 
144
84
0.998514 0.00343179 0.0543876 -0.010508 -0.00293676 0.999954 -0.00917925 0.000489259 -0.0544166 0.00900589 0.998478 0.133419 
146
71
0.998776 0.000198798 0.0494535 -0.00307437 -0.000114663 0.999999 -0.00170413 -0.0048116 -0.0494537 0.00169637 0.998775 0.14511 
144
87
0.998956 0.00218266 0.0456278 -0.0057195 -0.00223382 0.999997 0.00107025 -0.0112463 -0.0456253 -0.00117106 0.998958 0.145492 
143
74
0.998695 0.00144127 0.0510463 -0.00128052 -0.00145307 0.999999 0.000194085 -0.00413442 -0.051046 -0.000268006 0.998696 0.148581 
148
67
0.998513 0.00484982 0.0542987 -0.0158149 -0.00505355 0.999981 0.00361538 -0.0125225 -0.0542801 -0.00388441 0.998518 0.141687 
147
68
0.998686 -0.0027548 0.0511743 -0.00552879 0.00227257 0.999952 0.00947904 -0.0209067 -0.051198 -0.00935029 0.998645 0.150723 
149
67
0.999377 -1.01542e-05 0.0352996 0.00196068 0.000245656 0.999978 -0.00666717 0.00135065 -0.0352987 0.00667169 0.999355 0.141026 
150
68
0.998834 0.00201732 0.0482376 -0.000765554 -0.00188569 0.999994 -0.00277418 0.00184947 -0.0482429 0.00267998 0.998832 0.140744 
149
79
0.9986 -0.00196608 0.052863 -0.00458021 0.00186216 0.999996 0.00201489 -0.0151825 -0.0528668 -0.00191362 0.9986 0.144536 
150
67
0.998662 -0.00168469 0.0516798 -0.0116821 0.00151746 0.999993 0.00327501 -0.0164539 -0.051685 -0.00319221 0.998658 0.147696 
150
68
0.999049 -0.00282856 0.0435054 0.00977707 0.00272446 0.999993 0.00245185 -0.00695598 -0.043512 -0.00233099 0.99905 0.147975 
150
62
0.999712 -0.00567855 0.0233106 0.0190175 0.00572294 0.999982 -0.00183803 -0.00399133 -0.0232998 0.00197091 0.999727 0.147798 
150
67
0.999002 0.00290121 0.0445602 -0.00582894 -0.00324656 0.999965 0.00767977 -0.0126171 -0.0445364 -0.00781678 0.998977 0.156129 
150
69
0.999246 -0.00411867 0.0386001 0.0190889 0.00398341 0.999986 0.00358054 0.00273714 -0.0386143 -0.00342408 0.999248 0.145712 
150
69
0.998329 0.00641441 0.0574275 -0.0118173 -0.00642279 0.999979 -3.874e-05 0.0101237 -0.0574266 -0.00033017 0.99835 0.149087 
150
57
0.999062 -0.00255957 0.0432384 0.00723473 0.00277787 0.999984 -0.00498953 0.00896735 -0.0432249 0.00510495 0.999052 0.1443 
148
68
0.997426 0.0201503 0.0688177 -0.0544512 -0.0202856 0.999793 0.00126756 -0.032649 -0.068778 -0.00266031 0.997628 0.126338 
150
59
0.998575 0.00586603 0.0530434 -0.0116699 -0.00626614 0.999953 0.00737998 -0.0136266 -0.0529976 -0.00770184 0.998565 0.151715 
150
64
0.998391 0.00300076 0.0566335 -0.00920772 -0.00260986 0.999972 -0.00697505 0.0107076 -0.0566528 0.00681602 0.998371 0.143008 
150
60
0.999066 0.00140707 0.0431862 0.0011234 -0.00137214 0.999999 -0.000838557 -0.00240744 -0.0431873 0.000778516 0.999067 0.142274 
144
58
0.998922 0.00131351 0.0464111 -0.00505326 -0.000978369 0.999973 -0.00724317 0.00779403 -0.0464194 0.00718996 0.998896 0.143122 
144
69
0.998956 -0.00303702 0.0455893 -0.0109912 0.00293219 0.999993 0.00236607 -0.000973582 -0.0455962 -0.00222993 0.998957 0.153069 
145
60
0.998907 -0.000309766 0.0467444 -0.00249325 0.000203743 0.999997 0.00227288 -0.00266519 -0.046745 -0.00226088 0.998904 0.147279 
142
71
0.999252 -3.04714e-05 0.0386612 0.00666542 -0.000214336 0.99998 0.00632795 -0.00285084 -0.0386607 -0.00633151 0.999232 0.153577 
140
66
0.998961 0.00531221 0.0452693 -0.00422435 -0.00572999 0.999942 0.00910415 -0.0183383 -0.0452183 -0.00935408 0.998933 0.15605 
144
61
0.999642 0.00129278 0.0267185 -0.00272905 -0.00153797 0.999957 0.00915801 -0.0100883 -0.0267055 -0.00919583 0.999601 0.156558 
144
66
0.999386 0.00297418 0.0348992 -0.0135806 -0.00300096 0.999995 0.000714752 -0.00398843 -0.0348969 -0.000819044 0.999391 0.141832 
144
67
0.999708 -0.00129667 0.02412 0.00141998 0.00117789 0.999987 0.00493794 -0.00142112 -0.0241261 -0.00490809 0.999697 0.151099 
144
73
0.99962 0.000977527 0.027535 -0.0146133 -0.00106689 0.999994 0.00323075 -0.0142791 -0.0275317 -0.0032589 0.999616 0.143737 
143
67
0.999953 0.000849907 0.00965393 0.00568226 -0.000862592 0.999999 0.00130988 -0.00487512 -0.00965281 -0.00131814 0.999953 0.157302 
140
70
0.999816 0.00490498 0.0185538 0.00856291 -0.00499976 0.999975 0.00506556 -0.00605586 -0.0185285 -0.0051574 0.999815 0.148768 
141
75
0.999733 0.00486546 0.0226096 -0.0159702 -0.00493418 0.999983 0.00298468 -0.00287523 -0.0225947 -0.00309545 0.99974 0.147728 
133
60
0.999958 0.000328461 0.00911487 0.00257769 -0.000360554 0.999994 0.00351956 -5.19587e-05 -0.00911366 -0.0035227 0.999952 0.145908 
138
75
0.999951 0.000996841 0.00981249 -0.00382033 -0.00102222 0.999996 0.00258129 -0.00544361 -0.00980988 -0.00259119 0.999949 0.147379 
138
72
0.999942 0.00155513 0.0106626 -0.00316026 -0.00158018 0.999996 0.00234135 -0.00451676 -0.0106589 -0.00235807 0.99994 0.143881 
136
77
0.999946 0.00277655 -0.0100282 -0.016284 -0.00265081 0.999918 0.0125304 -0.0233144 0.0100621 -0.0125031 0.999871 0.135646 
130
69
0.999916 0.00211928 0.0127774 -0.0225547 -0.00227152 0.999926 0.0119123 -0.0221 -0.0127512 -0.0119403 0.999847 0.14647 
134
66
0.999965 0.00145771 0.00826442 -0.00236029 -0.00146926 0.999998 0.00139186 -0.00237054 -0.00826237 -0.00140395 0.999965 0.146778 
136
77
0.999971 -0.000664377 -0.00762378 -0.000311349 0.000694898 0.999992 0.00400149 -0.00441915 0.00762106 -0.00400667 0.999963 0.144693 
132
71
0.999995 0.000110492 0.00318126 0.00657837 -8.83899e-05 0.999976 -0.00694696 0.0068659 -0.00318195 0.00694665 0.999971 0.140224 
133
70
0.999996 0.00260654 0.000607329 0.00677984 -0.00260624 0.999996 -0.000486846 -0.000738692 -0.000608596 0.000485261 1 0.139668 
130
72
0.99994 0.00110473 0.0109227 -0.00497913 -0.00115542 0.999989 0.00463611 -0.00669577 -0.0109174 -0.00464846 0.99993 0.149389 
129
67
0.999992 0.00248543 -0.00298678 0.0111871 -0.00247851 0.999994 0.00231752 0.00434564 0.00299252 -0.0023101 0.999993 0.148268 
130
78
0.999991 0.000448573 -0.00425557 0.00105067 -0.00043712 0.999996 0.0026919 -0.000261474 0.00425676 -0.00269001 0.999987 0.150175 
128
70
0.99994 0.000303188 0.010929 -0.00448263 -0.000330641 0.999997 0.00251021 -0.00184857 -0.0109282 -0.00251368 0.999937 0.147988 
128
58
0.999998 0.000363691 -0.00210626 0.0482094 -0.000390644 0.999918 -0.0128105 0.0963196 0.00210143 0.0128113 0.999916 1.1394 
129
61
0.999971 0.00488931 0.00586428 -0.435491 -0.00492601 0.999968 0.00625989 0.044075 -0.00583349 -0.0062886 0.999963 0.917974 
133
70
0.999067 -0.00128806 0.0431714 -0.0735311 0.00116054 0.999995 0.00297874 -0.0186009 -0.043175 -0.00292586 0.999063 0.200204 
135
66
0.999067 -0.00128806 0.0431714 -0.0735311 0.00116054 0.999995 0.00297874 -0.0186009 -0.043175 -0.00292586 0.999063 0.200204 
133
66
0.999067 -0.00128806 0.0431714 -0.0735311 0.00116054 0.999995 0.00297874 -0.0186009 -0.043175 -0.00292586 0.999063 0.200204 
136
94
