1 -0.000482602 2.77325e-05 0.0177043 0.000482696 0.999994 -0.00349241 0.00994749 -2.60469e-05 0.00349242 0.999994 0.437553 
145
88
723.295
0.999996 0.00107185 0.00273281 -0.0184342 -0.00107121 0.999999 -0.000236438 -0.000425975 -0.00273306 0.000233509 0.999996 0.498349 
148
87
867.699
0.999999 -0.000413902 -0.00124533 0.00603173 0.000412485 0.999999 -0.00113821 -0.00238197 0.0012458 0.00113769 0.999999 0.488542 
137
95
795.67
0.999949 -0.00163175 0.00996029 0.00012865 0.000847079 0.996931 0.0782812 -0.00604548 -0.0100575 -0.0782688 0.996882 0.513205 
137
63
1410.19
0.976264 -0.00439582 0.21654 0.000972218 0.0219091 0.99667 -0.0785438 0.0166779 -0.215474 0.0814237 0.973109 -0.0886535 
144
92
2662.31
0.976264 -0.00439582 0.21654 0.000972218 0.0219091 0.99667 -0.0785438 0.0166779 -0.215474 0.0814237 0.973109 -0.0886535 
144
90
2611.88
0.976264 -0.00439582 0.21654 0.000972218 0.0219091 0.99667 -0.0785438 0.0166779 -0.215474 0.0814237 0.973109 -0.0886535 
144
91
1963.49
0.976264 -0.00439582 0.21654 0.000972218 0.0219091 0.99667 -0.0785438 0.0166779 -0.215474 0.0814237 0.973109 -0.0886535 
149
86
2115.9
0.999634 -0.00587824 0.0264217 -0.00269693 0.00630311 0.999852 -0.0160263 0.062648 -0.0263236 0.0161869 0.999522 0.424006 
145
56
958.524
1 -9.65985e-05 -3.15308e-05 -0.00721217 9.66187e-05 1 0.000640512 0.000806554 3.14689e-05 -0.000640515 1 0.483729 
136
81
911.249
1 -0.000227258 -0.000879696 -0.00087042 0.000227214 1 -5.04048e-05 -0.000776535 0.000879707 5.02049e-05 1 0.469962 
124
67
661.132
1 -0.000204026 0.000176594 -0.00203444 0.000204166 1 -0.000793607 0.000928625 -0.000176432 0.000793643 1 0.447223 
127
70
833.265
0.999807 -0.00551663 -0.0188559 0.0253511 0.00572709 0.999922 0.0111255 -0.0527085 0.018793 -0.0112313 0.99976 0.468234 
142
50
1102.95
0.999983 0.00170067 0.00550811 -0.0174847 -0.00167381 0.999987 -0.0048772 0.000571691 -0.00551633 0.0048679 0.999973 0.432731 
133
61
1148.37
0.999998 0.000505354 0.00166478 -0.00112426 -0.00050001 0.999995 -0.00320906 0.0150835 -0.00166639 0.00320822 0.999993 0.472408 
125
52
1139.69
0.999326 -0.0138502 -0.0340008 0.0526552 0.0143747 0.999781 0.0152293 -0.0199003 0.0337824 -0.0157078 0.999306 0.427768 
92
35
652.49
0.983585 0.021955 0.179104 -0.391559 -0.0343664 0.997195 0.0664917 -0.377807 -0.177142 -0.0715555 0.981581 0.302007 
112
41
1079.9
0.983585 0.021955 0.179104 -0.391559 -0.0343664 0.997195 0.0664917 -0.377807 -0.177142 -0.0715555 0.981581 0.302007 
140
89
2442.88
0.983585 0.021955 0.179104 -0.391559 -0.0343664 0.997195 0.0664917 -0.377807 -0.177142 -0.0715555 0.981581 0.302007 
142
95
2322.21
0.983585 0.021955 0.179104 -0.391559 -0.0343664 0.997195 0.0664917 -0.377807 -0.177142 -0.0715555 0.981581 0.302007 
144
91
2267.4
0.983585 0.021955 0.179104 -0.391559 -0.0343664 0.997195 0.0664917 -0.377807 -0.177142 -0.0715555 0.981581 0.302007 
140
93
2192.77
0.990118 -0.00347954 0.14019 0.0212936 0.00313798 0.999992 0.00265739 -0.00370381 -0.140198 -0.00219122 0.990121 0.161446 
141
86
1518.04
0.999995 -0.00248687 -0.0019043 0.00554587 0.00248381 0.999996 -0.00161091 0.00133992 0.0019083 0.00160618 0.999997 0.429925 
127
82
754.705
0.999988 -0.00351877 -0.00333173 -0.000733569 0.00350943 0.99999 -0.00280464 -0.00355941 0.00334156 0.00279291 0.999991 0.49354 
135
90
659.631
1 -6.5683e-06 0.000865563 -0.00865423 1.15428e-05 0.999983 -0.00574726 0.0240728 -0.000865511 0.00574727 0.999983 0.441708 
131
92
826.597
0.999986 0.00288511 0.00433109 -0.0133686 -0.00284717 0.999958 -0.00874074 0.0147701 -0.00435613 0.00872829 0.999952 0.438397 
138
79
744.012
0.999998 0.000229044 -0.00198542 0.00909411 -0.000234691 0.999996 -0.00284447 0.0167662 0.00198476 0.00284493 0.999994 0.451731 
134
80
685.093
0.999997 0.0020083 0.00162003 -0.0157492 -0.00201481 0.99999 0.00402862 -0.0264615 -0.00161192 -0.00403187 0.999991 0.466807 
124
65
545.851
0.999993 0.00228836 0.00299672 -0.0178795 -0.00228271 0.999996 -0.00188786 -0.000438945 -0.00300103 0.00188101 0.999994 0.435301 
127
74
902.506
0.997445 -0.00101179 0.0714329 0.00906255 0.00117508 0.999997 -0.00224385 -0.000270445 -0.0714304 0.00232205 0.997443 0.287564 
144
76
1253.01
0.997445 -0.00101179 0.0714329 0.00906255 0.00117508 0.999997 -0.00224385 -0.000270445 -0.0714304 0.00232205 0.997443 0.287564 
140
88
2088.15
0.997445 -0.00101179 0.0714329 0.00906255 0.00117508 0.999997 -0.00224385 -0.000270445 -0.0714304 0.00232205 0.997443 0.287564 
146
87
2333.51
0.997445 -0.00101179 0.0714329 0.00906255 0.00117508 0.999997 -0.00224385 -0.000270445 -0.0714304 0.00232205 0.997443 0.287564 
150
87
2474.43
0.997445 -0.00101179 0.0714329 0.00906255 0.00117508 0.999997 -0.00224385 -0.000270445 -0.0714304 0.00232205 0.997443 0.287564 
150
96
2628.22
0.997445 -0.00101179 0.0714329 0.00906255 0.00117508 0.999997 -0.00224385 -0.000270445 -0.0714304 0.00232205 0.997443 0.287564 
150
87
2274.64
0.998268 -0.00312943 0.0587547 0.0144487 0.00415355 0.999841 -0.0173165 0.062552 -0.0586912 0.0175305 0.998122 0.384278 
145
68
1224.66
0.999995 -0.00318001 0.000590122 -0.0404451 0.00318105 0.999993 -0.00177189 0.0332342 -0.000584484 0.00177376 0.999998 0.517317 
139
67
834.198
0.999999 0.000250759 -0.00126807 -0.0162909 -0.000245133 0.99999 0.00443452 -0.0203588 0.00126917 -0.0044342 0.999989 0.458297 
135
78
820.82
0.999998 -0.0010917 -0.00153786 0.0550453 0.00109294 0.999999 0.000805028 0.022109 0.00153698 -0.000806708 0.999998 0.477254 
137
53
925.595
0.999916 0.000883581 0.012957 -0.0324567 -0.000687854 0.999886 -0.0151025 0.0370669 -0.0129689 0.0150923 0.999802 0.47399 
136
71
764.127
0.999997 0.000501742 0.00240242 -0.0534904 -0.000505235 0.999999 0.00145371 0.00151193 -0.00240169 -0.00145492 0.999996 0.437601 
119
64
605.702
0.981711 0.00225001 0.190365 -0.0198109 -0.00284204 0.999992 0.00283705 0.00189451 -0.190357 -0.00332619 0.981709 0.0761603 
141
74
2356.49
0.981711 0.00225001 0.190365 -0.0198109 -0.00284204 0.999992 0.00283705 0.00189451 -0.190357 -0.00332619 0.981709 0.0761603 
150
101
2163.81
0.981711 0.00225001 0.190365 -0.0198109 -0.00284204 0.999992 0.00283705 0.00189451 -0.190357 -0.00332619 0.981709 0.0761603 
144
89
2047.41
0.981711 0.00225001 0.190365 -0.0198109 -0.00284204 0.999992 0.00283705 0.00189451 -0.190357 -0.00332619 0.981709 0.0761603 
148
93
2140.13
0.981711 0.00225001 0.190365 -0.0198109 -0.00284204 0.999992 0.00283705 0.00189451 -0.190357 -0.00332619 0.981709 0.0761603 
150
95
2257.61
0.981711 0.00225001 0.190365 -0.0198109 -0.00284204 0.999992 0.00283705 0.00189451 -0.190357 -0.00332619 0.981709 0.0761603 
150
100
1892.81
0.981711 0.00225001 0.190365 -0.0198109 -0.00284204 0.999992 0.00283705 0.00189451 -0.190357 -0.00332619 0.981709 0.0761603 
150
100
2249.01
0.999586 0.00502177 0.0283443 -0.00397219 -0.00478839 0.999954 -0.00829565 0.00764934 -0.0283847 0.00815649 0.999564 0.399981 
150
67
1310.95
0.999997 0.000541783 0.00221545 -0.0093914 -0.000539234 0.999999 -0.00115101 0.00573884 -0.00221607 0.00114982 0.999997 0.471193 
149
93
1137.37
0.999939 -0.00339239 0.0105493 0.0131222 0.00255748 0.996937 0.0781731 -0.0246292 -0.0107822 -0.0781413 0.996884 0.505464 
147
54
1293.62
0.991179 -0.00239248 0.132505 0.0312522 0.0123382 0.99716 -0.0742891 -0.00896473 -0.131951 0.0752687 0.988394 0.141136 
150
92
2068.29
0.999999 0.000908632 0.000794206 0.00039794 -0.000906177 0.999995 -0.00308559 0.0117786 -0.000797005 0.00308487 0.999995 0.443767 
149
96
775.648
0.999997 -0.00141569 -0.00204154 0.0036123 0.00141689 0.999999 0.000589091 0.00494105 0.0020407 -0.000591982 0.999998 0.481309 
143
104
727.264
0.999997 -0.00142821 -0.00209429 -0.0262978 0.00142314 0.999996 -0.00242001 0.0193163 0.00209773 0.00241702 0.999995 0.494997 
143
88
686.523
1 0.000641136 0.000655127 -0.00919152 -0.000640766 1 -0.000565428 0.00680549 -0.000655489 0.000565008 1 0.473562 
147
104
831.269
0.999999 -0.000611413 -0.00100584 0.00811658 0.000608593 0.999996 -0.00280218 0.0127891 0.00100755 0.00280157 0.999996 0.44852 
150
101
1000.13
1 -0.000114084 -5.13375e-05 -0.00308592 0.000114041 1 -0.00082673 -0.000527974 5.14318e-05 0.000826724 1 0.484436 
134
82
555.234
0.999535 -0.00120408 -0.0304581 -0.00691079 0.00108375 0.999992 -0.00396714 -0.0090997 0.0304626 0.00393228 0.999528 0.370583 
150
77
1005.56
0.999535 -0.00120408 -0.0304581 -0.00691079 0.00108375 0.999992 -0.00396714 -0.0090997 0.0304626 0.00393228 0.999528 0.370583 
150
97
2090
0.999535 -0.00120408 -0.0304581 -0.00691079 0.00108375 0.999992 -0.00396714 -0.0090997 0.0304626 0.00393228 0.999528 0.370583 
148
95
2185.7
0.999535 -0.00120408 -0.0304581 -0.00691079 0.00108375 0.999992 -0.00396714 -0.0090997 0.0304626 0.00393228 0.999528 0.370583 
146
84
2591.02
0.999535 -0.00120408 -0.0304581 -0.00691079 0.00108375 0.999992 -0.00396714 -0.0090997 0.0304626 0.00393228 0.999528 0.370583 
146
88
2154.36
0.999535 -0.00120408 -0.0304581 -0.00691079 0.00108375 0.999992 -0.00396714 -0.0090997 0.0304626 0.00393228 0.999528 0.370583 
150
90
2300.95
0.999982 0.0012663 -0.00591365 -0.0115982 -0.00130028 0.999983 -0.00574554 0.0390249 0.00590627 0.00575312 0.999966 0.428631 
144
74
813.071
0.999988 0.00178233 0.00455667 -0.0223072 -0.00174485 0.999965 -0.00821512 0.0459805 -0.00457115 0.00820707 0.999956 0.427743 
145
84
503.817
0.999999 0.000701154 0.00136337 -0.0261673 -0.000698873 0.999998 -0.00167324 0.00621619 -0.00136454 0.00167229 0.999998 0.469965 
148
97
752.891
0.999999 -0.000324283 -0.00116709 0.00725837 0.000321931 0.999998 -0.00201517 0.000981783 0.00116774 0.00201479 0.999997 0.473177 
150
96
655.514
0.999999 -0.0002276 -0.00130651 0.000459717 0.000227166 1 -0.000332537 -0.00429835 0.00130659 0.00033224 0.999999 0.45692 
138
80
654.969
0.999121 0.00112247 -0.0419055 -0.0259761 -6.42069e-05 0.999681 0.0252463 -0.0548899 0.0419205 -0.0252215 0.998803 0.344447 
136
63
622.61
0.999121 0.00112247 -0.0419055 -0.0259761 -6.42069e-05 0.999681 0.0252463 -0.0548899 0.0419205 -0.0252215 0.998803 0.344447 
141
90
2023.84
0.999121 0.00112247 -0.0419055 -0.0259761 -6.42069e-05 0.999681 0.0252463 -0.0548899 0.0419205 -0.0252215 0.998803 0.344447 
139
92
1815.38
0.999121 0.00112247 -0.0419055 -0.0259761 -6.42069e-05 0.999681 0.0252463 -0.0548899 0.0419205 -0.0252215 0.998803 0.344447 
143
97
2041.78
0.986027 -0.000266404 -0.166583 -0.0118762 -0.00172516 0.999929 -0.0118106 0.00397168 0.166574 0.011933 0.985957 0.106371 
147
89
2175.33
1 7.54689e-05 -0.000704426 0.0285517 -6.9008e-05 0.999958 0.0091674 0.000573494 0.000705088 -0.00916735 0.999958 0.448396 
144
70
675.009
0.999999 -0.00024415 -0.0012752 0.00958065 0.000246725 0.999998 0.00201964 -0.0281147 0.00127471 -0.00201995 0.999997 0.410741 
139
75
696.351
1 -0.00075556 -0.000620943 -0.0203102 0.000750259 0.999964 -0.00849264 0.0499544 0.000627337 0.00849217 0.999964 0.525749 
137
83
631.483
0.999996 -0.000844094 -0.00270228 0.00518663 0.000832947 0.999991 -0.00412364 0.0196344 0.00270573 0.00412137 0.999988 0.408258 
139
69
573.052
0.984808 -0.00278295 -0.173623 0.0390295 0.00175256 0.99998 -0.00608768 -0.00814496 0.173636 0.00569091 0.984793 0.13189 
150
81
2282.37
0.984808 -0.00278295 -0.173623 0.0390295 0.00175256 0.99998 -0.00608768 -0.00814496 0.173636 0.00569091 0.984793 0.13189 
150
89
1911.75
0.984808 -0.00278295 -0.173623 0.0390295 0.00175256 0.99998 -0.00608768 -0.00814496 0.173636 0.00569091 0.984793 0.13189 
150
86
2203.56
0.984808 -0.00278295 -0.173623 0.0390295 0.00175256 0.99998 -0.00608768 -0.00814496 0.173636 0.00569091 0.984793 0.13189 
150
84
2340.42
0.984808 -0.00278295 -0.173623 0.0390295 0.00175256 0.99998 -0.00608768 -0.00814496 0.173636 0.00569091 0.984793 0.13189 
150
94
2231.34
0.984808 -0.00278295 -0.173623 0.0390295 0.00175256 0.99998 -0.00608768 -0.00814496 0.173636 0.00569091 0.984793 0.13189 
150
104
1951.4
0.984808 -0.00278295 -0.173623 0.0390295 0.00175256 0.99998 -0.00608768 -0.00814496 0.173636 0.00569091 0.984793 0.13189 
150
91
2206.66
0.976787 -0.0180353 -0.213453 0.0261308 0.00156458 0.997024 -0.0770822 0.00243606 0.214207 0.0749589 0.973908 -0.0536357 
148
84
2517.35
0.999956 0.00562473 0.00749778 -0.0269618 -0.00617913 0.997081 0.0760955 0.0353519 -0.00704788 -0.0761385 0.997072 0.487836 
145
67
1070.18
0.999994 -0.00145355 -0.00315249 0.0340399 0.00145194 0.999999 -0.000514674 -0.00230678 0.00315324 0.000510094 0.999995 0.448658 
148
80
655.894
0.999998 -0.00023567 -0.00175181 0.00221788 0.000228665 0.999992 -0.0039978 0.0032963 0.00175274 0.00399739 0.99999 0.482322 
146
84
1049.15
1 0.000237088 0.000109695 -0.0336923 -0.000236995 1 -0.000847749 0.00241849 -0.000109896 0.000847723 1 0.767954 
150
88
905.525
0.999972 0.000562679 0.00745593 -0.0996733 -0.000451479 0.999889 -0.0149076 0.0953667 -0.00746348 0.0149038 0.999861 0.717077 
150
72
1070.92
0.999995 -0.00119666 -0.0030247 0.0093446 0.00119362 0.999999 -0.001006 -0.00401528 0.0030259 0.00100238 0.999995 0.489535 
148
81
1209.89
0.999947 0.0037955 0.00961893 0.00193713 -0.00381049 0.999992 0.0015404 -0.00309415 -0.009613 -0.00157697 0.999953 0.42595 
140
70
961.094
0.999987 -0.00154122 -0.00485826 0.00536559 0.00149371 0.999951 -0.00976709 0.0336881 0.00487308 0.00975971 0.99994 0.468588 
145
58
1269.67
0.999993 0.00213866 0.00300959 -0.0100394 -0.00210136 0.999922 -0.0123417 0.0255586 -0.00303575 0.0123353 0.999919 0.459009 
136
60
775.686
0.999999 0.000517157 0.00124442 -0.011266 -0.000514552 0.999998 -0.00209323 0.00342824 -0.0012455 0.00209258 0.999997 0.478378 
136
57
844.062
0.989472 0.00118234 -0.144718 -0.00961973 -0.00373858 0.999842 -0.0173929 0.0419711 0.144674 0.0177509 0.98932 0.162843 
142
67
2117.45
0.989472 0.00118234 -0.144718 -0.00961973 -0.00373858 0.999842 -0.0173929 0.0419711 0.144674 0.0177509 0.98932 0.162843 
142
83
2122.79
0.989472 0.00118234 -0.144718 -0.00961973 -0.00373858 0.999842 -0.0173929 0.0419711 0.144674 0.0177509 0.98932 0.162843 
150
88
1941.29
0.9953 -0.0019735 -0.0968199 -0.00549483 0.00219232 0.999995 0.00215374 -0.0136233 0.0968152 -0.00235588 0.9953 0.273163 
144
74
1258.59
0.998598 0.00317932 -0.0528422 0.00530896 -0.00316542 0.999995 0.000346729 0.00258991 0.052843 -0.000178975 0.998603 0.331201 
140
75
775.911
0.998598 0.00317932 -0.0528422 0.00530896 -0.00316542 0.999995 0.000346729 0.00258991 0.052843 -0.000178975 0.998603 0.331201 
150
90
2441.63
0.998598 0.00317932 -0.0528422 0.00530896 -0.00316542 0.999995 0.000346729 0.00258991 0.052843 -0.000178975 0.998603 0.331201 
149
97
2687.58
0.998598 0.00317932 -0.0528422 0.00530896 -0.00316542 0.999995 0.000346729 0.00258991 0.052843 -0.000178975 0.998603 0.331201 
150
99
1996.29
0.998598 0.00317932 -0.0528422 0.00530896 -0.00316542 0.999995 0.000346729 0.00258991 0.052843 -0.000178975 0.998603 0.331201 
145
88
1999.88
0.998598 0.00317932 -0.0528422 0.00530896 -0.00316542 0.999995 0.000346729 0.00258991 0.052843 -0.000178975 0.998603 0.331201 
147
95
1922.37
0.998598 0.00317932 -0.0528422 0.00530896 -0.00316542 0.999995 0.000346729 0.00258991 0.052843 -0.000178975 0.998603 0.331201 
148
95
1930.28
0.998598 0.00317932 -0.0528422 0.00530896 -0.00316542 0.999995 0.000346729 0.00258991 0.052843 -0.000178975 0.998603 0.331201 
150
94
2311.46
0.998598 0.00317932 -0.0528422 0.00530896 -0.00316542 0.999995 0.000346729 0.00258991 0.052843 -0.000178975 0.998603 0.331201 
150
97
1986.6
0.998598 0.00317932 -0.0528422 0.00530896 -0.00316542 0.999995 0.000346729 0.00258991 0.052843 -0.000178975 0.998603 0.331201 
150
92
3077.46
0.998598 0.00317932 -0.0528422 0.00530896 -0.00316542 0.999995 0.000346729 0.00258991 0.052843 -0.000178975 0.998603 0.331201 
148
90
2080.5
0.999585 -0.00124137 -0.0287791 0.000899067 0.00126352 0.999999 0.000751471 -0.0163364 0.0287782 -0.000787522 0.999586 0.387921 
138
70
726.859
0.999994 -0.00119222 -0.00312462 0.0777594 0.0011765 0.999987 -0.00502742 0.019508 0.00313057 0.00502372 0.999982 0.486219 
143
96
616.613
0.999994 -0.00119222 -0.00312462 0.0777594 0.0011765 0.999987 -0.00502742 0.019508 0.00313057 0.00502372 0.999982 0.486219 
150
86
1934.02
0.999997 0.000906809 0.00207914 -0.0132519 -0.000910465 0.999998 0.00175812 -0.0146781 -0.00207754 -0.00176001 0.999996 0.432825 
142
83
600.943
1 3.20141e-05 0.000257238 0.0134071 -3.18435e-05 1 -0.00066328 8.75254e-05 -0.000257259 0.000663272 1 0.445722 
140
90
714.829
0.999998 -0.00144928 -0.00134608 -0.0699691 0.00144261 0.999987 -0.00494075 -0.00411938 0.00135322 0.0049388 0.999987 0.363921 
142
85
710.512
0.999996 0.00099744 0.00282089 -0.0391494 -0.00100015 0.999999 0.000960516 0.00436667 -0.00281992 -0.000963333 0.999996 0.44001 
140
77
691.083
0.999991 -0.00203367 -0.00361468 0.00403488 0.00202152 0.999992 -0.00336202 0.0120204 0.00362149 0.00335469 0.999988 0.453449 
134
93
460.516
0.999999 -0.000522598 -0.00129984 0.0165613 0.000521309 0.999999 -0.000991733 -0.00265969 0.00130036 0.000991055 0.999999 0.445181 
145
75
629.419
1 -0.000337197 -0.000810327 0.00262899 0.000337067 1 -0.000160403 -0.00303286 0.000810381 0.00016013 1 0.42649 
145
81
826.887
0.994095 -0.0005543 0.10851 0.00087052 0.000968236 0.999992 -0.00376208 0.0173249 -0.108507 0.00384493 0.994088 0.238353 
148
69
1666.48
0.994095 -0.0005543 0.10851 0.00087052 0.000968236 0.999992 -0.00376208 0.0173249 -0.108507 0.00384493 0.994088 0.238353 
150
93
2119.72
0.994095 -0.0005543 0.10851 0.00087052 0.000968236 0.999992 -0.00376208 0.0173249 -0.108507 0.00384493 0.994088 0.238353 
150
97
1994.29
0.994095 -0.0005543 0.10851 0.00087052 0.000968236 0.999992 -0.00376208 0.0173249 -0.108507 0.00384493 0.994088 0.238353 
150
109
1955.59
0.994095 -0.0005543 0.10851 0.00087052 0.000968236 0.999992 -0.00376208 0.0173249 -0.108507 0.00384493 0.994088 0.238353 
150
90
1933.17
0.994095 -0.0005543 0.10851 0.00087052 0.000968236 0.999992 -0.00376208 0.0173249 -0.108507 0.00384493 0.994088 0.238353 
150
98
1916.13
0.994095 -0.0005543 0.10851 0.00087052 0.000968236 0.999992 -0.00376208 0.0173249 -0.108507 0.00384493 0.994088 0.238353 
150
90
2516.4
0.994095 -0.0005543 0.10851 0.00087052 0.000968236 0.999992 -0.00376208 0.0173249 -0.108507 0.00384493 0.994088 0.238353 
150
99
2088.65
0.980233 0.00348918 0.197813 -0.0134267 -0.0039215 0.999991 0.00179379 -0.00188238 -0.197805 -0.00253406 0.980238 0.0732317 
150
86
2335.05
0.999986 -0.00296697 -0.00430167 0.0537307 0.00293781 0.999973 -0.00676867 0.0482829 0.00432164 0.00675594 0.999968 0.60397 
144
83
642.274
0.999986 -0.00187416 -0.00498181 0.0472922 0.00185581 0.999991 -0.00368587 0.00865582 0.00498868 0.00367657 0.999981 0.451585 
144
87
797.868
1 -6.60795e-05 0.000559537 -0.0343641 6.98518e-05 0.999977 -0.00674452 0.0268869 -0.000559078 0.00674456 0.999977 0.453066 
150
96
886.675
0.995379 0.0029801 0.0959784 -0.0485117 -0.00350015 0.99998 0.00525044 -0.00795634 -0.0959608 -0.00556212 0.99537 0.269005 
150
63
1121.44
0.999142 -0.00200561 0.0413555 -0.0156839 0.00238384 0.999956 -0.00909854 0.0497219 -0.0413355 0.00918932 0.999103 0.363637 
150
74
967.746
0.999998 -0.00110716 -0.0015245 0.00328642 0.00109571 0.999971 -0.00749691 0.0407572 0.00153275 0.00749523 0.999971 0.542774 
147
87
597.054
0.999999 -0.000476173 -0.000989778 0.009877 0.000476785 1 0.0006187 0.0131564 0.000989483 -0.000619171 0.999999 0.684255 
144
84
815.8
0.999998 0.00132389 0.00157354 -0.00164549 -0.00133097 0.999989 0.00450637 -0.0196116 -0.00156756 -0.00450845 0.999989 0.476568 
142
84
945.347
1 0.000645564 0.000365784 0.00854594 -0.000644896 0.999998 -0.0018244 -0.00516482 -0.000366961 0.00182417 0.999998 0.466059 
140
84
819.31
1 0.000303234 0.000572959 -0.00192433 -0.000306022 0.999988 0.00487226 -0.0171755 -0.000571474 -0.00487244 0.999988 0.437454 
137
83
808.575
0.999999 -0.00083863 -0.000931611 0.0330704 0.000841245 0.999996 0.00280935 -0.02036 0.000929251 -0.00281014 0.999996 0.4388 
141
70
965.044
0.999999 0.000627609 0.000864542 0.000689202 -0.000627817 1 0.000239364 0.00668959 -0.000864391 -0.000239907 1 0.4901 
136
72
1063.15
0.999995 0.000119405 -0.00320447 -0.00508144 -0.000118914 1 0.00015356 -0.0198357 0.00320449 -0.000153178 0.999995 0.435821 
133
73
1056.63
0.999988 -0.00181397 -0.00448828 -0.00525201 0.00176974 0.99995 -0.00983905 0.0419088 0.0045059 0.00983099 0.999942 0.502748 
132
62
1199.33
0.999963 -0.00272535 -0.00816469 0.0143622 0.0026334 0.999933 -0.011252 0.0148045 0.00819481 0.0112301 0.999903 0.434899 
117
55
1147.33
0.999968 0.00295821 0.00749238 -0.00677822 -0.00303686 0.99994 0.0105071 -0.0188379 -0.00746085 -0.0105295 0.999917 0.469362 
126
52
1050.74
0.999988 0.00181742 -0.00461662 -0.00376948 -0.00184633 0.999979 -0.00626514 -0.00724959 0.00460513 0.00627359 0.99997 0.442374 
101
36
860.97
0.991582 -0.0194279 -0.128016 0.124968 0.0150191 0.999263 -0.035315 0.0269824 0.128608 0.033095 0.991143 0.326648 
98
33
1288.62
0.991582 -0.0194279 -0.128016 0.124968 0.0150191 0.999263 -0.035315 0.0269824 0.128608 0.033095 0.991143 0.326648 
133
85
2618.29
0.991582 -0.0194279 -0.128016 0.124968 0.0150191 0.999263 -0.035315 0.0269824 0.128608 0.033095 0.991143 0.326648 
133
88
1655.79
0.991582 -0.0194279 -0.128016 0.124968 0.0150191 0.999263 -0.035315 0.0269824 0.128608 0.033095 0.991143 0.326648 
135
84
1916.64
0.991582 -0.0194279 -0.128016 0.124968 0.0150191 0.999263 -0.035315 0.0269824 0.128608 0.033095 0.991143 0.326648 
139
88
1827.41
0.998998 0.0115319 -0.0432412 -0.0319122 -0.0119473 0.999885 -0.00936075 -0.00908906 0.0431283 0.00986799 0.999021 0.343387 
140
65
871.705
1 0.000334165 0.000405539 -0.00118083 -0.000334473 1 0.00075786 -0.00267584 -0.000405285 -0.000757996 1 0.449232 
130
67
756.549
0.999438 0.00816729 0.0325189 -0.0562313 -0.00803429 0.999959 -0.0042186 0.00499278 -0.032552 0.00395496 0.999462 0.393586 
124
48
893.712
0.999965 -0.00196012 0.00818664 0.00609649 0.00206256 0.999919 -0.0125238 0.0102651 -0.00816143 0.0125402 0.999888 0.408155 
109
44
894.482
0.999629 0.0242544 0.0123896 -0.0595327 -0.0240609 0.99959 -0.0155398 -0.0428163 -0.0127614 0.0152359 0.999802 0.371699 
85
25
1085.66
0.999629 0.0242544 0.0123896 -0.0595327 -0.0240609 0.99959 -0.0155398 -0.0428163 -0.0127614 0.0152359 0.999802 0.371699 
127
82
2479.62
0.999629 0.0242544 0.0123896 -0.0595327 -0.0240609 0.99959 -0.0155398 -0.0428163 -0.0127614 0.0152359 0.999802 0.371699 
136
83
2543.13
0.999629 0.0242544 0.0123896 -0.0595327 -0.0240609 0.99959 -0.0155398 -0.0428163 -0.0127614 0.0152359 0.999802 0.371699 
132
87
2009.21
0.999629 0.0242544 0.0123896 -0.0595327 -0.0240609 0.99959 -0.0155398 -0.0428163 -0.0127614 0.0152359 0.999802 0.371699 
139
90
2181.61
0.999629 0.0242544 0.0123896 -0.0595327 -0.0240609 0.99959 -0.0155398 -0.0428163 -0.0127614 0.0152359 0.999802 0.371699 
141
90
2969.98
0.999629 0.0242544 0.0123896 -0.0595327 -0.0240609 0.99959 -0.0155398 -0.0428163 -0.0127614 0.0152359 0.999802 0.371699 
145
90
2033.41
0.99311 -0.00247118 -0.117159 -0.0305458 0.00244551 0.999997 -0.000362866 -0.0030862 0.11716 7.38514e-05 0.993113 0.19893 
133
62
1668.82
1 -0.000303937 0.000867714 9.74229e-05 0.000302089 0.999998 0.00212907 0.000187146 -0.000868359 -0.00212881 0.999997 0.484895 
127
70
900.415
0.999942 -0.00605523 -0.00892291 0.0721995 0.00599387 0.999958 -0.00688769 -0.0029277 0.00896425 0.0068338 0.999936 0.147312 
122
61
382.511
0.999994 0.000739215 -0.00346607 0.0933436 -0.000775162 0.999946 -0.0103814 0.0206237 0.0034582 0.010384 0.99994 0.367409 
129
60
692.221
0.999993 0.0015279 0.00339438 -0.0199853 -0.00153424 0.999997 0.00186353 -0.00696341 -0.00339152 -0.00186873 0.999993 0.454298 
112
55
502.824
0.999988 -0.00219294 -0.00444092 0.17788 0.00216971 0.999984 -0.00522872 0.0178375 0.00445232 0.00521902 0.999976 0.294512 
119
58
446.515
0.984694 0.00161588 -0.174286 -0.00852811 -0.00270518 0.999978 -0.00601273 0.0166983 0.174272 0.00639218 0.984677 0.0947805 
133
73
2228.94
0.987629 -6.53125e-05 -0.156806 -0.0102968 -0.000806552 0.999985 -0.0054965 0.00918937 0.156804 0.00555497 0.987614 0.130329 
138
76
1943.97
0.999983 0.00159036 0.00566201 -0.232992 -0.00154821 0.999971 -0.00744243 0.0377133 -0.00567369 0.00743353 0.999956 0.511632 
131
61
617.84
0.999994 0.00292097 0.00210974 -0.0352492 -0.00291329 0.999989 -0.00363443 -0.0112654 -0.00212033 0.00362826 0.999991 0.386939 
133
76
664.22
0.99999 -0.0041148 -0.0017722 -0.0335647 0.00411151 0.99999 -0.00185271 0.0376997 0.0017798 0.00184541 0.999997 0.442747 
133
72
588.575
0.99999 -0.0041148 -0.0017722 -0.0335647 0.00411151 0.99999 -0.00185271 0.0376997 0.0017798 0.00184541 0.999997 0.442747 
130
73
169.085
1 0.000203694 -9.12644e-05 -0.0168787 -0.000204185 0.999985 -0.00541502 0.0170298 9.016e-05 0.00541504 0.999985 0.431315 
139
83
440.466
0.999993 -0.00239435 -0.00286928 -0.286814 0.00236359 0.99994 -0.0106766 0.0881417 0.00289467 0.0106698 0.999939 0.548351 
133
65
482
0.999983 -0.00437104 -0.00383759 0.0275265 0.00434311 0.999964 -0.00725753 0.0907043 0.00386918 0.00724074 0.999966 0.443078 
127
67
807.471
0.998848 0.0114632 -0.0466056 -0.0638055 -0.0120988 0.999837 -0.0133781 0.0201607 0.0464447 0.0139266 0.998824 0.306703 
133
51
934.218
0.998848 0.0114632 -0.0466056 -0.0638055 -0.0120988 0.999837 -0.0133781 0.0201607 0.0464447 0.0139266 0.998824 0.306703 
136
81
1738.75
0.998848 0.0114632 -0.0466056 -0.0638055 -0.0120988 0.999837 -0.0133781 0.0201607 0.0464447 0.0139266 0.998824 0.306703 
146
86
1891.01
0.998848 0.0114632 -0.0466056 -0.0638055 -0.0120988 0.999837 -0.0133781 0.0201607 0.0464447 0.0139266 0.998824 0.306703 
145
90
2191.07
0.998848 0.0114632 -0.0466056 -0.0638055 -0.0120988 0.999837 -0.0133781 0.0201607 0.0464447 0.0139266 0.998824 0.306703 
150
85
2082.91
0.998848 0.0114632 -0.0466056 -0.0638055 -0.0120988 0.999837 -0.0133781 0.0201607 0.0464447 0.0139266 0.998824 0.306703 
150
90
2135.53
0.991239 0.00227783 -0.132063 -0.023947 -0.00196268 0.999995 0.00251644 -0.00191304 0.132068 -0.00223519 0.991238 0.174937 
149
88
1724.4
0.999999 0.000687076 0.00135144 -0.0059854 -0.000685457 0.999999 -0.00119767 -0.00683466 -0.00135226 0.00119674 0.999998 0.428837 
147
102
536.999
0.999998 -0.00113785 -0.00191854 0.0100596 0.0011407 0.999998 0.00148333 -0.00731613 0.00191685 -0.00148551 0.999997 0.448939 
145
99
516.034
1 -0.000148366 -0.000363585 0.00347089 0.000148286 1 -0.000220244 -0.0100663 0.000363618 0.00022019 1 0.514232 
150
103
565.959
1 3.08349e-05 -0.000518485 0.00351744 -3.19929e-05 0.999998 -0.00223352 0.00508079 0.000518415 0.00223354 0.999997 0.436822 
150
110
825.813
0.999995 0.00212218 0.00234739 -0.0129937 -0.00212766 0.999995 0.00233576 -0.000825832 -0.00234242 -0.00234074 0.999995 0.469442 
149
98
850.905
1 0.000533747 0.000817804 -0.0061196 -0.00053284 0.999999 -0.00110793 0.00398072 -0.000818395 0.00110749 0.999999 0.492299 
145
103
681.652
0.999995 0.00126035 0.00276599 -0.0245861 -0.00125224 0.999995 -0.00293154 0.0121617 -0.00276967 0.00292806 0.999992 0.510543 
150
86
758.676
0.999991 -0.0015072 -0.00397192 0.00863091 0.00149167 0.999991 -0.00390817 0.00458439 0.00397777 0.00390221 0.999984 0.452381 
150
99
939.097
0.999989 0.0024987 0.0040803 -0.0163334 -0.00249723 0.999997 -0.000365532 -0.0046796 -0.0040812 0.000355338 0.999992 0.447133 
143
103
682.64
0.999994 0.00181448 0.00296729 -0.00166802 -0.00181958 0.999997 0.00171567 -0.000893135 -0.00296416 -0.00172106 0.999994 0.465473 
145
92
694.138
1 0.000282546 0.000119814 -0.0027818 -0.00028251 1 -0.000298173 0.00549946 -0.000119898 0.000298139 1 0.463538 
149
95
956.215
0.999999 0.000714649 0.000830226 9.16644e-05 -0.000712298 0.999996 -0.00282869 0.00460238 -0.000832244 0.00282809 0.999996 0.481643 
147
87
636.491
0.999999 0.000574976 0.000937069 0.00201187 -0.000575488 1 0.000546015 -0.00761967 -0.000936755 -0.000546554 0.999999 0.417112 
139
97
696.534
0.991337 -0.00538112 -0.131235 0.0337997 0.00639245 0.999953 0.00728615 -0.039533 0.13119 -0.00806194 0.991325 0.186325 
147
85
1377.16
0.991337 -0.00538112 -0.131235 0.0337997 0.00639245 0.999953 0.00728615 -0.039533 0.13119 -0.00806194 0.991325 0.186325 
141
89
1989.37
