0.99993 0.0112875 -0.00359843 -0.134422 -0.0113342 0.999848 -0.0132187 -0.00515305 0.00344868 0.0132586 0.999906 0.0978376 
147
129
0.9993 0.00596802 0.0369439 -0.161707 -0.00515577 0.999744 -0.0220422 -0.00240887 -0.037066 0.0218363 0.999074 0.0711617 
145
129
0.9993 0.00596802 0.0369439 -0.161707 -0.00515577 0.999744 -0.0220422 -0.00240887 -0.037066 0.0218363 0.999074 0.0711617 
148
124
0.9993 0.00596802 0.0369439 -0.161707 -0.00515577 0.999744 -0.0220422 -0.00240887 -0.037066 0.0218363 0.999074 0.0711617 
144
120
0.998007 0.0141135 0.0615009 -0.0480657 -0.0139389 0.999898 -0.00326679 -0.00692333 -0.0615407 0.00240303 0.998102 0.0678364 
139
115
0.997479 0.00456566 0.0708117 -0.0781892 -0.00509759 0.99996 0.00733303 -0.0320483 -0.0707754 -0.00767551 0.997463 0.149444 
140
115
0.998026 0.00520306 0.0625936 -0.0726161 -0.00436841 0.9999 -0.0134639 0.00259086 -0.0626573 0.0131639 0.997948 0.0401375 
141
126
0.997887 0.0074207 0.0645498 -0.0712228 -0.00709451 0.999961 -0.00528105 0.00650622 -0.0645864 0.00481194 0.997901 0.0455666 
144
131
0.997887 0.0074207 0.0645498 -0.0712228 -0.00709451 0.999961 -0.00528105 0.00650622 -0.0645864 0.00481194 0.997901 0.0455666 
138
132
0.998206 0.00205412 0.0598383 -0.333952 -0.00147297 0.999951 -0.00975451 0.0507382 -0.0598554 0.00964887 0.99816 0.27344 
146
137
0.998206 0.00205412 0.0598383 -0.333952 -0.00147297 0.999951 -0.00975451 0.0507382 -0.0598554 0.00964887 0.99816 0.27344 
142
137
0.998206 0.00205412 0.0598383 -0.333952 -0.00147297 0.999951 -0.00975451 0.0507382 -0.0598554 0.00964887 0.99816 0.27344 
134
130
0.999234 0.000328394 0.0391372 0.15155 0.000113986 0.999936 -0.0113006 0.00566538 -0.0391384 0.0112964 0.99917 0.00184077 
139
133
0.999092 -0.00125636 0.0425929 0.0345792 0.00146463 0.999987 -0.00485901 0.0205207 -0.0425863 0.00491698 0.999081 0.143013 
134
128
0.99934 -0.00204449 0.0362626 0.101925 0.00237828 0.999955 -0.00916421 0.00177437 -0.0362422 0.00924441 0.9993 0.00590483 
133
128
0.99934 -0.00204449 0.0362626 0.101925 0.00237828 0.999955 -0.00916421 0.00177437 -0.0362422 0.00924441 0.9993 0.00590483 
144
137
0.999549 -0.00197483 0.0299565 0.125603 0.00214621 0.999982 -0.00569011 0.00101485 -0.0299447 0.00575184 0.999535 0.0246905 
144
135
0.999575 -0.00342569 0.0289626 0.09273 0.00347085 0.999993 -0.00150899 0.00554452 -0.0289572 0.00160888 0.999579 0.0396077 
144
140
0.99902 0.00421302 0.0440647 0.0355209 -0.00384726 0.999957 -0.00838203 0.0329879 -0.0440982 0.00820428 0.998994 0.156736 
148
140
0.999287 -0.00198772 0.0377122 0.0739052 0.00206935 0.999996 -0.00212559 -0.000874347 -0.0377078 0.00220212 0.999286 0.0177961 
144
138
0.999598 -0.00379518 0.0280808 0.121189 0.0038619 0.99999 -0.00232218 0.0098393 -0.0280717 0.0024297 0.999603 0.0857647 
141
139
0.999355 0.00497625 0.0355507 0.136171 -0.00478387 0.999973 -0.00549422 0.00880712 -0.0355771 0.0053206 0.999353 0.0802349 
136
134
0.999499 0.000646832 0.0316537 0.112395 -0.000569227 0.999997 -0.00246063 0.00731191 -0.0316552 0.00244138 0.999496 0.0808393 
136
133
0.999262 0.000799959 0.0383985 0.118212 -0.000801746 1 3.11299e-05 0.00574179 -0.0383985 -6.18928e-05 0.999263 0.0607186 
134
132
0.99926 -0.00165077 0.0384226 0.0914389 0.00163567 0.999999 0.000424297 0.00368894 -0.0384233 -0.000361136 0.999261 0.0452136 
132
129
0.999356 0.000823338 0.0358735 0.0493226 -0.000731956 0.999996 -0.0025604 0.00355279 -0.0358754 0.0025325 0.999353 0.0962393 
128
124
0.999431 0.000118458 0.0337186 0.16369 0.000116509 0.999976 -0.00696642 0.0425457 -0.0337186 0.00696639 0.999407 0.244451 
133
131
0.999395 0.00109281 0.0347733 1.48273 -0.00108367 0.999999 -0.000281901 -0.0237604 -0.0347736 0.000244047 0.999395 1.33429 
116
114
0.999405 -0.00347492 0.0343223 0.839142 0.00350255 0.999994 -0.000744816 0.169558 -0.0343195 0.000864588 0.999411 1.242 
115
113
0.999302 -0.000471583 0.0373661 0.820314 0.00046858 1 8.91347e-05 -0.00464593 -0.0373662 -7.15634e-05 0.999302 1.80197 
111
110
0.999378 -0.00343414 0.0350871 0.0563777 0.00341506 0.999994 0.00060391 -0.00366362 -0.035089 -0.00048371 0.999384 0.0877744 
111
110
0.999266 -0.00273466 0.0382191 0.0807551 0.00280709 0.999994 -0.00184175 0.00539918 -0.0382138 0.00194768 0.999268 0.0672759 
111
110
0.999348 -0.001591 0.0360796 0.0543865 0.00146821 0.999993 0.00342948 -0.00268588 -0.0360848 -0.00337427 0.999343 0.0983963 
105
102
0.999116 -0.0029611 0.0419415 0.87181 0.00299217 0.999995 -0.000677895 0.0156946 -0.0419393 0.000802792 0.99912 1.09287 
115
111
0.999291 -0.000854011 0.0376298 0.806974 0.00100563 0.999991 -0.00401047 0.102277 -0.037626 0.00404547 0.999284 1.3968 
117
113
0.999141 -0.00256788 0.0413672 0.161583 0.00268826 0.999992 -0.00285454 0.00964275 -0.0413595 0.00296329 0.99914 0.246854 
119
114
0.999091 -0.00200818 0.0425795 0.749968 0.00226287 0.99998 -0.00593414 0.184058 -0.0425667 0.0060251 0.999075 1.12165 
124
116
0.998887 -0.000505455 0.0471603 0.476844 0.000347681 0.999994 0.00335364 -0.113089 -0.0471617 -0.00333351 0.998882 2.69167 
126
119
0.998976 0.00287351 0.0451519 0.632086 -0.00251638 0.999965 -0.00796442 0.0536395 -0.0451732 0.00784264 0.998948 1.49533 
127
112
0.994758 0.00167047 0.102241 -0.240084 -0.00151404 0.999998 -0.00160758 -0.0151278 -0.102244 0.00144436 0.994758 0.0714045 
129
121
0.998906 -0.00023899 0.0467599 0.13232 0.000535172 0.99998 -0.00632169 0.0994902 -0.0467575 0.00633979 0.998886 0.653106 
134
124
0.998928 0.00186911 0.046261 0.380063 -0.00193981 0.999997 0.00148334 -0.0310293 -0.0462581 -0.00157149 0.998928 1.83643 
125
117
0.998973 0.000191581 0.0453046 0.162683 -0.000121615 0.999999 -0.0015471 0.050856 -0.0453049 0.00154 0.998972 0.712273 
137
124
0.99877 -0.000526496 0.0495852 0.0142327 0.000433951 0.999998 0.00187713 -0.0075347 -0.0495861 -0.0018533 0.998768 0.14625 
135
125
0.99908 0.00128794 0.042876 0.128647 -0.000968236 0.999972 -0.00747638 0.0592791 -0.0428844 0.00742799 0.999052 0.359085 
137
124
0.998715 9.41647e-05 0.0506791 0.121216 -0.00013436 1 0.000789722 -0.0180917 -0.050679 -0.000795517 0.998715 1.75361 
144
132
0.998671 -0.000941226 0.0515374 0.00681017 0.000866376 0.999999 0.00147466 -0.00080713 -0.0515387 -0.00142805 0.99867 0.126205 
140
133
0.999459 0.00585578 0.0323617 0.0586835 -0.00558703 0.999949 -0.0083885 -0.00461557 -0.0324092 0.00820315 0.999441 0.0553081 
142
134
0.998412 0.00201922 0.056298 -0.0136376 -0.00179732 0.99999 -0.00399173 0.0166649 -0.0563055 0.0038842 0.998406 0.234959 
141
129
0.999445 -0.00129881 0.0332797 0.0654082 0.00164475 0.999945 -0.0103698 0.0170464 -0.0332644 0.0104188 0.999392 0.079858 
140
132
0.999555 -0.0062456 0.0291692 0.0805082 0.00637647 0.99997 -0.0043957 0.00818638 -0.0291409 0.00457974 0.999565 0.0683801 
134
130
0.999627 -0.00101917 0.0272775 0.0917078 0.00102161 0.999999 -7.56988e-05 0.00110498 -0.0272775 0.000103538 0.999628 0.0407788 
142
136
0.999562 -0.000905273 0.0295717 0.149805 0.00121743 0.999944 -0.0105397 0.0455319 -0.0295605 0.0105711 0.999507 0.192267 
144
135
0.999127 -0.00177583 0.0417271 0.0317158 0.00215929 0.999956 -0.00914644 0.0249277 -0.041709 0.00922856 0.999087 0.120959 
144
142
0.999391 -0.00157011 0.0348727 0.129283 0.00186783 0.999962 -0.0085065 0.0684065 -0.034858 0.00856645 0.999356 0.271654 
144
137
0.999037 0.0024419 0.0438187 0.0813195 -0.0020234 0.999952 -0.00959253 0.089721 -0.04384 0.00949463 0.998993 0.306829 
140
138
0.999322 0.000805037 0.0368106 0.197862 -0.000395404 0.999938 -0.011134 0.125234 -0.0368172 0.0111119 0.99926 0.444823 
148
145
0.99915 -0.00182409 0.0411766 0.084864 0.00226148 0.999941 -0.0105784 0.0548274 -0.0411549 0.0106625 0.999096 0.22826 
145
141
0.999594 0.00347702 0.0282871 0.144122 -0.00330741 0.999976 -0.00604055 0.0106704 -0.0283075 0.00594454 0.999582 0.110474 
149
149
0.999179 -0.00315388 0.040378 0.0381456 0.00307547 0.999993 0.00200394 0.000308035 -0.040384 -0.00187811 0.999182 0.127689 
143
141
0.99939 -0.00159538 0.0348968 0.0338877 0.00169678 0.999994 -0.00287628 0.010436 -0.034892 0.00293374 0.999387 0.120104 
136
134
0.999446 -0.0025173 0.0331848 0.0944143 0.00250111 0.999997 0.000529266 0.00710417 -0.033186 -0.000445974 0.999449 0.26337 
138
136
0.9995 -0.00466099 0.031266 0.134964 0.00473222 0.999986 -0.00220462 0.0106468 -0.0312553 0.00235147 0.999509 0.121235 
135
133
0.999384 0.000570347 0.0350816 0.146349 -0.000529831 0.999999 -0.0011642 0.00699793 -0.0350823 0.00114489 0.999384 0.13906 
128
127
0.999387 -0.00110282 0.0350056 1.40126 0.0011537 0.999998 -0.00143345 0.191015 -0.035004 0.00147296 0.999386 1.64151 
121
116
0.999286 0.000175039 0.0377795 0.136457 -4.00831e-05 0.999994 -0.00357294 0.013162 -0.0377798 0.00356887 0.99928 0.148225 
104
102
0.999131 -0.00224774 0.0416159 0.55228 0.00226147 0.999997 -0.000282743 0.0112191 -0.0416152 0.00037661 0.999134 0.596224 
91
91
0.999219 -0.00408061 0.0393132 0.154461 0.00395702 0.999987 0.00322113 0.00496581 -0.0393258 -0.00306305 0.999222 0.199201 
89
84
0.999344 0.00291818 0.0361057 0.188053 -0.00285658 0.999994 -0.00175756 0.0086964 -0.0361106 0.00165327 0.999346 0.287005 
85
85
0.999071 -0.0015168 0.0430708 1.27896 0.00151161 0.999999 0.000152939 0.054438 -0.043071 -8.76907e-05 0.999072 1.6471 
85
79
0.999111 -0.00697528 0.0415789 0.153917 0.00715818 0.999965 -0.00425176 0.0228186 -0.0415478 0.00454561 0.999126 0.222559 
93
90
0.998897 0.000884802 0.0469503 0.265058 -0.000943933 0.999999 0.00123728 -0.147817 -0.0469491 -0.00128023 0.998896 2.51172 
82
75
0.998799 0.00221119 0.0489386 0.0983766 -0.00253507 0.999975 0.00655707 -0.251592 -0.0489229 -0.00667326 0.99878 2.17656 
91
81
0.998807 0.00342148 0.0487034 0.210054 -0.00377035 0.999968 0.00707314 -0.249525 -0.0486776 -0.00724833 0.998788 2.31828 
87
73
0.998267 -0.0137107 0.0572334 -0.639427 0.014019 0.999889 -0.00498851 -0.233137 -0.0571586 0.00578222 0.998348 -0.769084 
84
77
0.999475 -0.00758507 0.0314833 0.13525 0.00786821 0.99993 -0.00887911 0.0928701 -0.0314137 0.00912217 0.999465 0.526259 
83
68
0.999632 -0.0142364 0.0230808 0.0747764 0.0141054 0.999884 0.00582721 0.00817824 -0.0231611 -0.0054995 0.999717 0.164994 
84
74
0.99968 -0.0042256 0.0249431 0.490911 0.00413421 0.999985 0.00371441 -0.143881 -0.0249584 -0.00361011 0.999682 3.08673 
79
63
0.9996 0.00986615 0.0265043 0.12145 -0.010185 0.999877 0.0119237 -0.259188 -0.0263834 -0.0121889 0.999578 2.27991 
84
68
0.999813 0.00894796 0.0171643 0.380701 -0.00912216 0.999907 0.0100974 -0.514149 -0.0170724 -0.0102521 0.999802 3.00022 
80
64
0.999736 0.00788586 0.0215665 0.0800798 -0.00805413 0.999938 0.00772676 -0.174568 -0.0215042 -0.00789842 0.999738 2.21235 
89
76
0.999775 0.00606839 0.0203116 0.000546709 -0.00621258 0.999956 0.0070437 -0.00938695 -0.020268 -0.0071683 0.999769 0.224247 
84
71
0.999938 -0.00687656 0.00878427 0.586946 0.00682523 0.99996 0.00585983 -0.374118 -0.00882421 -0.00579951 0.999944 3.89507 
89
71
0.999851 0.00209164 0.0171407 -0.0138179 -0.0021691 0.999988 0.004502 -0.0439829 -0.017131 -0.00453851 0.999843 0.652998 
87
68
0.99994 0.000140284 0.0109961 0.0480871 -0.000201339 0.999985 0.00555144 -0.0411259 -0.0109952 -0.00555331 0.999924 0.702138 
94
78
0.999981 -0.00128481 0.00606583 0.039019 0.00126615 0.999994 0.00307929 -0.0124158 -0.00606975 -0.00307156 0.999977 0.529831 
89
75
0.999897 0.00469615 0.0135851 0.0609749 -0.00485545 0.99992 0.0117173 -0.0829703 -0.013529 -0.0117821 0.999839 0.988454 
97
81
0.999929 -0.0103204 0.0058759 0.428847 0.0103113 0.999946 0.00158264 -0.11905 -0.00589192 -0.00152194 0.999981 4.22638 
96
77
0.999965 -0.000426889 0.00834169 0.0159464 0.000421546 1 0.000642269 -0.00148316 -0.00834196 -0.00063873 0.999965 0.50225 
100
85
0.999964 0.000163423 0.00845742 0.108634 -0.000159746 1 -0.000435488 -0.0816547 -0.00845749 0.000434121 0.999964 4.57596 
100
87
0.999992 -0.00130537 0.00376211 0.0278561 0.00129994 0.999998 0.00144741 -0.0115646 -0.00376399 -0.00144251 0.999992 1.2095 
98
83
0.999945 0.00650251 0.00827037 0.121351 -0.00647462 0.999973 -0.00339503 0.107586 -0.00829223 0.0033413 0.99996 2.48963 
99
74
0.999981 0.00411693 0.00465161 0.123898 -0.00413686 0.999982 0.00428306 -0.07994 -0.00463389 -0.00430222 0.99998 5.48094 
100
82
0.999988 0.00286455 0.00409027 0.0883337 -0.00285513 0.999993 -0.00230731 0.109783 -0.00409685 0.0022956 0.999989 2.21602 
98
64
0.999988 0.00286455 0.00409027 0.0883337 -0.00285513 0.999993 -0.00230731 0.109783 -0.00409685 0.0022956 0.999989 2.21602 
98
64
0.999995 0.00275437 0.00122864 0.0393557 -0.00274209 0.999947 -0.00988963 -0.034238 -0.00125581 0.00988621 0.99995 2.2107 
95
62
0.999923 -0.0115232 0.00456314 -0.0782444 0.011538 0.999928 -0.00321938 -0.0067484 -0.00452571 0.00327178 0.999984 0.0788794 
103
84
0.998675 0.0252574 0.0448441 0.764874 -0.0258044 0.999599 0.0116615 -0.135731 -0.0445316 -0.0128032 0.998926 -0.513515 
114
94
0.999542 0.0126202 0.0275018 0.180053 -0.0125818 0.99992 -0.00156773 0.141503 -0.0275193 0.00122099 0.999621 1.01716 
117
101
0.999542 0.0126202 0.0275018 0.180053 -0.0125818 0.99992 -0.00156773 0.141503 -0.0275193 0.00122099 0.999621 1.01716 
122
116
