1 0 0 0 0 1 0 0 0 0 1 0 
145
143
4.23607
1 0 0 0 0 1 0 0 0 0 1 0 
144
125
38.1876
1 0 0 0 0 1 0 0 0 0 1 0 
145
134
27.4143
1 0 0 0 0 1 0 0 0 0 1 0 
145
131
42.0456
1 0 0 0 0 1 0 0 0 0 1 0 
144
137
62.2577
1 0 0 0 0 1 0 0 0 0 1 0 
144
136
27.0618
1 0 0 0 0 1 0 0 0 0 1 0 
144
127
44.9508
1 0 0 0 0 1 0 0 0 0 1 0 
145
145
6.39835
1 0 0 0 0 1 0 0 0 0 1 0 
112
81
428.488
0.999997 -0.00195551 0.00118543 -0.0995965 0.00195454 0.999998 0.000822046 -0.0514646 -0.00118703 -0.000819727 0.999999 0.320067 
130
74
456.343
0.999997 -0.00195551 0.00118543 -0.0995965 0.00195454 0.999998 0.000822046 -0.0514646 -0.00118703 -0.000819727 0.999999 0.320067 
114
73
208.053
0.999979 0.00107445 0.00643146 -0.0320067 -0.00115101 0.999928 0.0119114 -0.0434615 -0.0064182 -0.0119185 0.999908 0.464867 
118
58
306.778
0.999981 -0.00376016 -0.00482362 0.0080308 0.00375584 0.999993 -0.000905642 0.00537211 0.00482699 0.000887508 0.999988 0.493099 
126
81
635.318
0.999981 -0.00376016 -0.00482362 0.0080308 0.00375584 0.999993 -0.000905642 0.00537211 0.00482699 0.000887508 0.999988 0.493099 
123
65
335.582
0.999981 -0.00376016 -0.00482362 0.0080308 0.00375584 0.999993 -0.000905642 0.00537211 0.00482699 0.000887508 0.999988 0.493099 
116
70
176.663
1 -0.000274515 8.78544e-05 -0.0203944 0.000274429 0.999999 0.000986143 0.0150052 -8.8125e-05 -0.000986119 1 0.536141 
125
70
414.132
0.999998 -0.00172427 -0.000441779 -0.00605832 0.00172515 0.999997 0.00199464 0.00781136 0.000438338 -0.0019954 0.999998 0.489474 
128
84
550.878
1 0.000155489 0.000499977 0.00699514 -0.000155465 1 -4.84286e-05 -0.0115858 -0.000499985 4.83508e-05 1 0.445366 
139
83
454.266
0.999914 0.00383956 0.0125351 -0.0520169 -0.00381807 0.999991 -0.00173776 0.0101735 -0.0125417 0.00168975 0.99992 0.599423 
136
69
402.536
0.999999 0.000690165 0.00158682 -0.00304156 -0.000690231 1 4.11479e-05 -0.00406945 -0.00158679 -4.22432e-05 0.999999 0.473538 
126
77
588.039
0.999931 0.00118891 0.0116528 -0.131927 -0.0012155 0.999997 0.00227517 -0.0804619 -0.01165 -0.00228918 0.99993 0.360114 
114
65
359.27
0.99998 -0.00414041 -0.00482095 0.0139361 0.00413589 0.999991 -0.00094838 0.00886698 0.00482483 0.000928422 0.999988 0.51414 
116
76
275.418
0.99998 -0.00414041 -0.00482095 0.0139361 0.00413589 0.999991 -0.00094838 0.00886698 0.00482483 0.000928422 0.999988 0.51414 
124
75
602.131
0.99998 -0.00414041 -0.00482095 0.0139361 0.00413589 0.999991 -0.00094838 0.00886698 0.00482483 0.000928422 0.999988 0.51414 
120
88
473.213
0.999992 0.00285171 0.0027841 -0.0196662 -0.00285327 0.999996 0.000556676 0.020795 -0.0027825 -0.000564615 0.999996 0.488186 
121
69
413.26
0.999947 0.00135816 0.0102155 -0.107604 -0.00137526 0.999998 0.00166624 -0.0671011 -0.0102132 -0.0016802 0.999946 0.389614 
114
76
451.821
0.999947 0.00135816 0.0102155 -0.107604 -0.00137526 0.999998 0.00166624 -0.0671011 -0.0102132 -0.0016802 0.999946 0.389614 
125
81
441.061
0.999999 -0.000652115 0.00131372 -0.0186634 0.000663157 0.999964 -0.0084216 0.0198326 -0.00130818 0.00842246 0.999964 0.61538 
116
70
421.695
0.999999 -0.000652115 0.00131372 -0.0186634 0.000663157 0.999964 -0.0084216 0.0198326 -0.00130818 0.00842246 0.999964 0.61538 
116
81
346.873
0.999971 0.000458699 0.00755216 -0.0530944 -0.000472905 0.999998 0.0018794 -0.0900357 -0.00755129 -0.00188291 0.99997 0.388601 
138
61
498.725
0.999999 -0.000440961 -0.00147951 0.003614 0.000440223 1 -0.000499669 0.00605249 0.00147973 0.000499017 0.999999 0.464184 
134
76
589.736
0.999987 0.00189097 0.00463066 -0.0232517 -0.00188224 0.999996 -0.00189063 -0.0087847 -0.00463421 0.00188189 0.999987 0.504963 
130
92
667.141
0.999987 0.00189097 0.00463066 -0.0232517 -0.00188224 0.999996 -0.00189063 -0.0087847 -0.00463421 0.00188189 0.999987 0.504963 
132
79
640.409
0.999998 0.0011235 -0.00165634 -0.0109816 -0.00112027 0.999997 0.00194898 -0.00178124 0.00165852 -0.00194712 0.999997 0.495026 
118
67
475.044
0.999972 0.000708794 0.00741459 -0.100896 -0.000760313 0.999976 0.0069479 -0.102678 -0.00740949 -0.00695334 0.999948 0.344273 
138
67
474.368
0.999972 0.000708794 0.00741459 -0.100896 -0.000760313 0.999976 0.0069479 -0.102678 -0.00740949 -0.00695334 0.999948 0.344273 
122
79
540.03
0.990488 0.00198298 -0.137584 -0.000307044 -0.0020024 0.999998 -2.76299e-06 0.00471145 0.137583 0.000278235 0.99049 0.094942 
134
91
1334.86
0.990488 0.00198298 -0.137584 -0.000307044 -0.0020024 0.999998 -2.76299e-06 0.00471145 0.137583 0.000278235 0.99049 0.094942 
138
93
1816.05
0.99559 0.000236237 -0.0938084 -0.0236133 0.000233628 0.999987 0.00499776 -0.00264873 0.0938085 -0.00499763 0.995578 0.321826 
138
96
1313.42
0.999983 0.00210441 0.00548157 -0.0705534 -0.00206263 0.999969 -0.00761711 -0.00753935 -0.00549743 0.00760568 0.999956 0.459505 
135
69
611.144
0.999999 0.00012085 0.00144615 -0.00316578 -0.000122828 0.999999 0.00136795 0.00345628 -0.00144599 -0.00136813 0.999998 0.477653 
115
71
671.256
1 0.000344843 0.000855257 -0.00101715 -0.000344721 1 -0.000143568 -0.00444191 -0.000855306 0.000143274 1 0.482969 
133
87
739.95
1 0.000122968 0.000684201 0.0126321 -0.000123423 1 0.000665515 -0.0159028 -0.000684119 -0.000665599 1 0.488925 
138
78
821.764
1 0.000122968 0.000684201 0.0126321 -0.000123423 1 0.000665515 -0.0159028 -0.000684119 -0.000665599 1 0.488925 
108
78
374.053
1 0.000644136 0.000641644 -0.0282559 -0.000647162 0.999989 0.00472781 -0.0270573 -0.000638591 -0.00472822 0.999989 0.473608 
116
53
572.181
1 -0.000222935 0.000607905 -0.00726135 0.000222741 1 0.000320431 -0.00465698 -0.000607976 -0.000320295 1 0.510857 
120
77
588.981
1 -0.000222935 0.000607905 -0.00726135 0.000222741 1 0.000320431 -0.00465698 -0.000607976 -0.000320295 1 0.510857 
113
67
484.008
1 -0.000222935 0.000607905 -0.00726135 0.000222741 1 0.000320431 -0.00465698 -0.000607976 -0.000320295 1 0.510857 
130
71
442.351
0.999991 0.000544166 0.00416099 -0.0637523 -0.000546471 1 0.000552831 0.00852348 -0.00416069 -0.0005551 0.999991 0.656694 
120
70
283.394
0.999982 0.00335584 0.00491717 -0.029793 -0.00338774 0.999973 0.00649382 -0.00587957 -0.00489525 -0.00651036 0.999967 0.500425 
138
68
1140.24
1 0.000245969 0.000263659 -0.00446213 -0.000245928 1 -0.000153828 -0.00572096 -0.000263697 0.000153763 1 0.467094 
133
85
734.36
1 0.000255987 -9.53702e-06 0.0206772 -0.000256009 0.999997 -0.00245261 -0.0282586 8.90915e-06 0.00245262 0.999997 0.447586 
124
74
810.654
1 0.000255987 -9.53702e-06 0.0206772 -0.000256009 0.999997 -0.00245261 -0.0282586 8.90915e-06 0.00245262 0.999997 0.447586 
109
87
350.748
0.999998 -0.00127601 0.00134721 -0.0188872 0.00127675 0.999999 -0.000547544 0.0116523 -0.00134651 0.000549263 0.999999 0.485043 
129
59
444.63
0.999998 -0.00127601 0.00134721 -0.0188872 0.00127675 0.999999 -0.000547544 0.0116523 -0.00134651 0.000549263 0.999999 0.485043 
112
74
342.817
0.999998 -0.00127601 0.00134721 -0.0188872 0.00127675 0.999999 -0.000547544 0.0116523 -0.00134651 0.000549263 0.999999 0.485043 
110
77
335.654
0.999998 -0.00127601 0.00134721 -0.0188872 0.00127675 0.999999 -0.000547544 0.0116523 -0.00134651 0.000549263 0.999999 0.485043 
113
75
43.8896
0.999997 0.000151701 0.00238689 -0.0118078 -0.000149691 1 -0.000842313 0.0137673 -0.00238702 0.000841954 0.999997 0.571663 
112
73
428.024
0.999999 -0.00159949 -0.000557141 0.0035813 0.00160397 0.999966 0.00812446 -0.00619956 0.000544127 -0.00812535 0.999967 0.503139 
117
73
542.352
0.999999 -0.00159949 -0.000557141 0.0035813 0.00160397 0.999966 0.00812446 -0.00619956 0.000544127 -0.00812535 0.999967 0.503139 
111
73
473.636
0.999997 -5.01945e-05 0.00246928 0.00278699 5.60939e-05 0.999997 -0.00238912 -0.00441048 -0.00246915 0.00238925 0.999994 0.500269 
123
86
652.894
0.999997 -5.01945e-05 0.00246928 0.00278699 5.60939e-05 0.999997 -0.00238912 -0.00441048 -0.00246915 0.00238925 0.999994 0.500269 
122
85
750.949
0.999998 0.000990363 0.00195998 -0.00512124 -0.000992296 0.999999 0.000985763 0.00678729 -0.001959 -0.000987705 0.999998 0.580971 
100
60
343.434
0.999995 0.0009629 0.00293093 0.00118014 -0.000967507 0.999998 0.00157106 -0.0101544 -0.00292941 -0.00157389 0.999994 0.494152 
133
73
1011.34
0.999995 0.0009629 0.00293093 0.00118014 -0.000967507 0.999998 0.00157106 -0.0101544 -0.00292941 -0.00157389 0.999994 0.494152 
118
78
607.452
0.999995 0.0009629 0.00293093 0.00118014 -0.000967507 0.999998 0.00157106 -0.0101544 -0.00292941 -0.00157389 0.999994 0.494152 
117
82
448.078
0.999995 0.0009629 0.00293093 0.00118014 -0.000967507 0.999998 0.00157106 -0.0101544 -0.00292941 -0.00157389 0.999994 0.494152 
138
82
697.185
0.999997 -0.000200702 0.00245434 -0.00579603 0.000184713 0.999979 0.00651284 -0.0028565 -0.00245559 -0.00651237 0.999976 0.488919 
126
72
853.912
0.999997 -0.000200702 0.00245434 -0.00579603 0.000184713 0.999979 0.00651284 -0.0028565 -0.00245559 -0.00651237 0.999976 0.488919 
129
75
659.218
0.999998 -0.000933703 -0.00176766 0.00609906 0.000932818 0.999999 -0.000501329 -0.00966136 0.00176812 0.000499679 0.999998 0.477035 
120
72
532.529
0.999998 -0.000933703 -0.00176766 0.00609906 0.000932818 0.999999 -0.000501329 -0.00966136 0.00176812 0.000499679 0.999998 0.477035 
138
80
854.34
0.999948 0.00465846 0.00908084 -0.0238758 -0.00475555 0.999931 0.0106998 -0.000309449 -0.00903038 -0.0107424 0.999902 0.51836 
134
68
648.59
0.999997 0.000203817 0.00259917 -0.0280881 -0.000202386 1 -0.000550776 0.0190624 -0.00259928 0.000550248 0.999996 0.530796 
121
65
370.828
0.999999 0.000755359 0.000941627 0.00948022 -0.000754829 1 -0.000562818 -0.0143126 -0.000942052 0.000562107 0.999999 0.496186 
126
74
1047.55
0.999999 0.000755359 0.000941627 0.00948022 -0.000754829 1 -0.000562818 -0.0143126 -0.000942052 0.000562107 0.999999 0.496186 
114
68
457.22
0.999972 0.00220997 0.00721863 -0.0203043 -0.00220921 0.999998 -0.000113088 0.0128302 -0.00721887 9.71373e-05 0.999974 0.488414 
138
69
587.219
0.999993 -0.00245919 -0.00280522 0.0177377 0.00247265 0.999985 0.00480592 -0.00602739 0.00279336 -0.00481283 0.999985 0.532676 
107
61
366.771
0.999993 -0.00245919 -0.00280522 0.0177377 0.00247265 0.999985 0.00480592 -0.00602739 0.00279336 -0.00481283 0.999985 0.532676 
114
79
593.139
0.999987 -0.00277791 -0.00416357 0.00772647 0.00277118 0.999995 -0.00162274 -0.00433651 0.00416805 0.00161118 0.99999 0.505517 
119
71
694.165
0.999987 -0.00277791 -0.00416357 0.00772647 0.00277118 0.999995 -0.00162274 -0.00433651 0.00416805 0.00161118 0.99999 0.505517 
108
69
252.716
0.99999 0.00160137 0.00419397 -0.0085751 -0.0016038 0.999999 0.000577194 0.00717858 -0.00419304 -0.000583915 0.999991 0.560553 
105
65
443.071
0.999999 -0.000997582 9.54785e-05 -0.00310103 0.000997503 0.999999 0.000826316 0.000966791 -9.63028e-05 -0.00082622 1 0.484695 
115
65
625.691
1 -0.000301222 0.000339126 0.000768777 0.000301326 1 -0.000307011 -0.0141203 -0.000339034 0.000307113 1 0.491241 
127
73
705.558
0.999998 -0.00159042 -0.00124379 -0.00614157 0.00158842 0.999997 -0.00160844 -0.0025698 0.00124634 0.00160646 0.999998 0.511665 
125
66
893.827
0.999998 -0.000462588 0.00188309 -0.0211512 0.000460224 0.999999 0.00125542 -0.00851719 -0.00188367 -0.00125455 0.999997 0.608849 
107
71
396.656
0.999998 -0.00173239 -0.000130015 -0.0264163 0.00173324 0.999975 0.00690113 0.0228906 0.000118056 -0.00690134 0.999976 0.513238 
128
56
564.164
0.999998 -0.00173239 -0.000130015 -0.0264163 0.00173324 0.999975 0.00690113 0.0228906 0.000118056 -0.00690134 0.999976 0.513238 
108
86
502.122
0.999994 0.00122994 0.00325489 -0.00613456 -0.00123028 0.999999 0.000104584 -0.00342231 -0.00325476 -0.000108587 0.999995 0.519932 
114
58
452.412
0.999997 0.000715819 0.00244601 -0.00865363 -0.000715053 1 -0.000314048 -0.00505402 -0.00244623 0.000312298 0.999997 0.489668 
121
83
802.599
0.999997 0.000715819 0.00244601 -0.00865363 -0.000715053 1 -0.000314048 -0.00505402 -0.00244623 0.000312298 0.999997 0.489668 
101
47
166.892
0.999655 -0.0237376 -0.0112136 0.0537131 0.0236963 0.999712 -0.00379756 0.0286824 0.0113005 0.00353053 0.99993 0.487687 
117
50
618.613
0.999998 -0.000749666 -0.00189981 0.0123899 0.000748763 1 -0.000476053 -0.0091517 0.00190016 0.000474629 0.999998 0.487441 
125
80
690.626
1 -0.00030903 0.000228603 -0.0036771 0.000309283 0.999999 -0.00110365 -0.00642585 -0.000228262 0.00110372 0.999999 0.494267 
117
67
574.345
1 -0.00030903 0.000228603 -0.0036771 0.000309283 0.999999 -0.00110365 -0.00642585 -0.000228262 0.00110372 0.999999 0.494267 
125
75
404.71
0.999681 -0.00891422 -0.0236299 0.134048 0.00903795 0.999946 0.00513429 0.0299696 0.0235829 -0.00534622 0.999708 0.41602 
121
45
558.178
1 -7.94526e-05 0.000138246 -0.0115878 7.95118e-05 1 -0.000428532 0.0162524 -0.000138212 0.000428543 1 0.54182 
105
64
313.406
1 -7.94526e-05 0.000138246 -0.0115878 7.95118e-05 1 -0.000428532 0.0162524 -0.000138212 0.000428543 1 0.54182 
115
57
260.039
0.999935 0.000470241 -0.0113765 -0.00111198 -0.000513689 0.999993 -0.00381649 -0.0226424 0.0113746 0.00382209 0.999928 0.472947 
109
56
536.152
0.999928 -0.00318116 -0.0115863 0.0126962 0.00317359 0.999995 -0.000671573 -0.00129305 0.0115884 0.000634754 0.999933 0.480299 
112
74
698.506
1 -0.000648106 -0.000344766 -0.00540662 0.000648542 0.999999 0.00126411 -0.00186356 0.000343947 -0.00126433 0.999999 0.495741 
124
68
686.782
0.999991 -0.00143492 -0.00409188 0.00342756 0.00143489 0.999999 -1.00028e-05 -0.0102772 0.00409189 4.13127e-06 0.999992 0.449434 
128
64
486.368
0.999996 0.0012281 -0.00246312 0.0151592 -0.00124394 0.999978 -0.00644247 -0.0159955 0.00245515 0.00644551 0.999976 0.487486 
121
74
559.635
0.999963 -0.000265562 -0.00864941 0.333445 0.000245718 0.999997 -0.0022953 -0.0386303 0.00865 0.00229309 0.99996 0.498586 
111
66
223.373
0.999989 -0.000341343 -0.00469197 -0.00620557 0.000331418 0.999998 -0.00211591 0.0115686 0.00469268 0.00211433 0.999987 0.529445 
103
65
373.611
1 -0.000292237 0.000737367 -0.00468621 0.000292232 1 6.60921e-06 0.0042913 -0.000737369 -6.39373e-06 1 0.489963 
130
80
936.472
0.999997 0.00174353 -0.00155464 -0.0191369 -0.00175857 0.999951 -0.00972471 0.0173431 0.00153761 0.00972741 0.999952 0.4802 
134
54
678.858
0.999967 -0.00252732 -0.00775585 0.015971 0.00251796 0.999996 -0.00121699 -0.0143661 0.0077589 0.00119742 0.999969 0.481996 
116
63
662.74
0.999967 -0.00252732 -0.00775585 0.015971 0.00251796 0.999996 -0.00121699 -0.0143661 0.0077589 0.00119742 0.999969 0.481996 
102
59
344.04
0.999967 -0.00252732 -0.00775585 0.015971 0.00251796 0.999996 -0.00121699 -0.0143661 0.0077589 0.00119742 0.999969 0.481996 
129
51
535.247
0.999996 -0.000208402 -0.00279678 -0.00993846 0.000209685 1 0.000458312 -0.0155526 0.00279668 -0.000458896 0.999996 0.504188 
141
72
624.522
0.999832 -0.00266651 -0.018123 0.0125359 0.00234518 0.99984 -0.0177288 0.00764699 0.0181674 0.0176833 0.999679 0.492863 
121
64
741.682
0.999832 -0.00266651 -0.018123 0.0125359 0.00234518 0.99984 -0.0177288 0.00764699 0.0181674 0.0176833 0.999679 0.492863 
121
66
605.326
0.999832 -0.00266651 -0.018123 0.0125359 0.00234518 0.99984 -0.0177288 0.00764699 0.0181674 0.0176833 0.999679 0.492863 
113
70
395.499
0.999999 -0.00109595 -0.00069714 0.0118416 0.00109701 0.999998 0.00152234 0.0133076 0.00069547 -0.00152311 0.999999 0.615156 
124
63
394.203
0.999974 0.00440973 0.00574196 -0.0267469 -0.00442384 0.999987 0.00244697 0.00109166 -0.00573109 -0.00247231 0.999981 0.51409 
124
53
671.589
0.999828 -0.0012691 -0.0185007 0.0451266 0.00110526 0.99996 -0.00886334 -0.0107616 0.0185112 0.00884137 0.99979 0.472275 
105
55
256.395
0.999999 -0.000788841 -0.00142837 -0.0018505 0.000789553 1 0.000498389 0.0023692 0.00142798 -0.000499516 0.999999 0.472189 
111
76
717.428
0.999972 0.00580078 0.00482091 -0.0365315 -0.00582432 0.999971 0.00488129 0.00260384 -0.00479246 -0.00490923 0.999976 0.476833 
115
51
514.202
0.99999 -0.00327195 -0.00317098 0.00450415 0.00326596 0.999993 -0.00189368 0.00573821 0.00317715 0.00188331 0.999993 0.514493 
121
78
1130.02
0.999996 -0.00170672 0.00235053 -0.021348 0.00172357 0.999973 -0.00718658 -0.0172804 -0.0023382 0.0071906 0.999971 0.531462 
103
53
434.355
0.999996 -0.00170672 0.00235053 -0.021348 0.00172357 0.999973 -0.00718658 -0.0172804 -0.0023382 0.0071906 0.999971 0.531462 
107
66
457.219
0.999994 -0.00143026 -0.0032451 0.0200747 0.00144239 0.999992 0.00373762 -0.00527161 0.00323973 -0.00374228 0.999988 0.523891 
95
55
371.36
0.999999 0.000859683 0.000976086 0.00286528 -0.000861203 0.999998 0.0015581 -0.00760266 -0.000974745 -0.00155894 0.999998 0.526677 
105
63
443.501
0.999999 0.000859683 0.000976086 0.00286528 -0.000861203 0.999998 0.0015581 -0.00760266 -0.000974745 -0.00155894 0.999998 0.526677 
106
58
429.081
0.999957 -0.00289901 -0.00876378 0.0347362 0.00288562 0.999995 -0.00153987 -0.0223068 0.0087682 0.00151451 0.99996 0.492461 
121
56
591.501
0.999996 -0.00182626 -0.00216507 -0.0182638 0.00182337 0.999997 -0.00133751 -0.00685436 0.00216751 0.00133356 0.999997 0.431371 
115
62
338.506
0.999972 -0.00310072 -0.00678796 0.00706473 0.00311257 0.999994 0.00173485 0.00204937 0.00678253 -0.00175593 0.999975 0.494476 
113
57
466.316
0.999972 -0.00310072 -0.00678796 0.00706473 0.00311257 0.999994 0.00173485 0.00204937 0.00678253 -0.00175593 0.999975 0.494476 
96
67
190.293
0.999964 0.00445977 0.00727784 -0.0144578 -0.00442749 0.99998 -0.00444594 0.000114527 -0.00729752 0.00441355 0.999964 0.497256 
111
57
469.781
1 0.000152869 0.000677459 0.00242852 -0.000151727 0.999999 -0.00168513 0.00156445 -0.000677716 0.00168503 0.999998 0.47876 
128
69
710.893
0.999912 -0.00105476 0.0132008 -0.0568362 0.000992902 0.999989 0.00469152 -0.0100276 -0.0132056 -0.004678 0.999902 0.50502 
123
55
483.795
0.999998 0.00111118 0.0014852 3.68503e-05 -0.00111174 0.999999 0.00037709 -0.00521961 -0.00148478 -0.00037874 0.999999 0.489498 
126
71
726.769
0.999982 -0.00400776 -0.0044046 0.00472713 0.00400095 0.999991 -0.00155541 0.00705257 0.00441079 0.00153776 0.999989 0.50823 
111
68
511.701
0.999981 -0.00152805 -0.00603734 0.00709648 0.00152179 0.999998 -0.00104098 -0.0144803 0.00603892 0.00103177 0.999981 0.486461 
124
61
872.054
0.999915 0.00165055 -0.012902 0.210625 -0.00167573 0.999997 -0.00194098 0.0022083 0.0128987 0.00196244 0.999915 0.163688 
126
65
589.61
0.99988 -0.00331905 -0.0151085 0.0143965 0.00331399 0.999994 -0.000359816 -0.0111888 0.0151096 0.000309704 0.999886 0.491836 
121
68
892.355
0.99988 -0.00331905 -0.0151085 0.0143965 0.00331399 0.999994 -0.000359816 -0.0111888 0.0151096 0.000309704 0.999886 0.491836 
132
66
471.304
0.999975 0.00122566 0.00701296 -0.00922457 -0.00117793 0.999976 -0.00680705 0.00860166 -0.00702113 0.00679862 0.999952 0.492263 
110
56
559.426
0.999999 0.000133481 0.00111279 -0.00754455 -0.000132619 1 -0.000774316 -0.00226468 -0.00111289 0.000774168 0.999999 0.470309 
106
64
463.266
0.999983 0.00361043 0.00448946 -0.0313505 -0.00362088 0.999991 0.00232246 0.0152428 -0.00448103 -0.00233868 0.999987 0.477552 
117
58
653.983
0.999967 0.00103691 0.00803771 -0.013255 -0.00107219 0.99999 0.00438647 -0.000490437 -0.00803308 -0.00439494 0.999958 0.47533 
121
51
436.248
0.999982 -0.0058843 0.000919342 0.00500217 0.00588823 0.999973 -0.00433391 0.0184768 -0.000893815 0.00433924 0.99999 0.492912 
115
63
629.325
0.999982 -0.0058843 0.000919342 0.00500217 0.00588823 0.999973 -0.00433391 0.0184768 -0.000893815 0.00433924 0.99999 0.492912 
109
50
264.946
1 -7.98475e-05 -0.000371003 0.00324287 7.99863e-05 1 0.000374154 -0.00117844 0.000370973 -0.000374184 1 0.50272 
108
80
549.888
0.999986 0.00357661 -0.00395498 -0.00636251 -0.00356126 0.999986 0.00388063 -0.0237636 0.0039688 -0.00386649 0.999985 0.436401 
117
49
590.395
0.999986 0.00357661 -0.00395498 -0.00636251 -0.00356126 0.999986 0.00388063 -0.0237636 0.0039688 -0.00386649 0.999985 0.436401 
103
59
309.576
0.999946 0.00366367 0.00973404 -0.0290372 -0.00365519 0.999993 -0.000887939 0.0135839 -0.00973722 0.000852311 0.999952 0.578889 
94
52
309.85
0.999946 0.00366367 0.00973404 -0.0290372 -0.00365519 0.999993 -0.000887939 0.0135839 -0.00973722 0.000852311 0.999952 0.578889 
105
67
384.9
0.999987 0.00164868 0.0048586 -0.00520226 -0.00165298 0.999998 0.000880205 0.0198428 -0.00485714 -0.000888224 0.999988 0.492013 
91
50
239.629
0.999938 -0.00556366 -0.00965611 -0.000270449 0.00559049 0.999981 0.00275294 0.0266509 0.00964061 -0.00280675 0.99995 0.483636 
124
53
621.265
0.999938 -0.00556366 -0.00965611 -0.000270449 0.00559049 0.999981 0.00275294 0.0266509 0.00964061 -0.00280675 0.99995 0.483636 
115
77
761.858
0.999985 0.00490346 0.00247469 -0.0197505 -0.00488521 0.999961 -0.00732678 -0.00198068 -0.00251052 0.00731458 0.99997 0.476703 
112
63
727.344
0.999998 -0.000906384 -0.0018215 0.0028455 0.00090709 1 0.000386939 0.00182765 0.00182114 -0.000388591 0.999998 0.467255 
115
72
686.56
0.999998 -0.000906384 -0.0018215 0.0028455 0.00090709 1 0.000386939 0.00182765 0.00182114 -0.000388591 0.999998 0.467255 
111
52
362.448
0.999998 -0.00159488 -0.0015184 0.00496843 0.00159339 0.999998 -0.000979947 0.0143208 0.00151996 0.000977525 0.999998 0.495166 
121
69
630.079
1 0.000345812 3.33208e-05 0.00091766 -0.000345804 1 -0.000264337 -0.00805432 -3.34122e-05 0.000264325 1 0.501274 
123
71
785.809
1 0.000345812 3.33208e-05 0.00091766 -0.000345804 1 -0.000264337 -0.00805432 -3.34122e-05 0.000264325 1 0.501274 
113
61
501.229
0.999998 -0.000603143 -0.00169856 0.00571755 0.000602948 1 -0.00011518 -0.00211899 0.00169863 0.000114155 0.999999 0.416059 
98
60
561.537
0.999999 -9.79434e-05 0.00138563 -0.00312575 9.11673e-05 0.999988 0.00488951 -0.00484954 -0.00138609 -0.00488938 0.999987 0.49868 
115
66
493.399
0.999999 -9.79434e-05 0.00138563 -0.00312575 9.11673e-05 0.999988 0.00488951 -0.00484954 -0.00138609 -0.00488938 0.999987 0.49868 
113
64
352.52
0.999997 0.000621286 0.00224941 -0.00814645 -0.000614 0.999995 -0.00323841 0.00356264 -0.00225141 0.00323702 0.999992 0.515646 
96
56
534.487
0.999999 0.00110094 0.00102434 -0.0234802 -0.00110269 0.999998 0.00171461 -0.0271364 -0.00102245 -0.00171574 0.999998 0.450206 
102
64
631.414
0.999999 0.000540718 -0.00153957 -0.00773399 -0.000532814 0.999987 0.00512961 0.0109932 0.00154232 -0.00512879 0.999986 0.462805 
108
54
490.734
0.999999 -0.00132705 -0.000285489 0.00239846 0.00132702 0.999999 -0.000106596 0.00297013 0.00028563 0.000106217 1 0.496318 
109
74
959.666
0.999997 -0.0018699 0.00184947 -0.0254714 0.00188181 0.999977 -0.0064594 0.0427949 -0.00183735 0.00646286 0.999977 0.477467 
110
59
586.583
0.999997 -0.0018699 0.00184947 -0.0254714 0.00188181 0.999977 -0.0064594 0.0427949 -0.00183735 0.00646286 0.999977 0.477467 
98
62
599.09
0.999996 0.000781774 0.00267708 -0.00939286 -0.000781619 1 -5.92924e-05 0.0124421 -0.00267713 5.71997e-05 0.999996 0.495345 
109
55
360.766
0.999999 -0.000828104 0.000891641 -0.0058141 0.000828025 1 8.96735e-05 0.00419524 -0.000891715 -8.89351e-05 1 0.463201 
98
48
353.546
0.999994 -0.00302789 -0.00144343 0.00509399 0.00302699 0.999995 -0.00062561 0.00046012 0.00144531 0.000621238 0.999999 0.494598 
108
79
715.006
0.999993 -0.00350795 0.000843973 0.000205015 0.0035139 0.999968 -0.00715695 0.00575706 -0.00081884 0.00715987 0.999974 0.495746 
96
56
506.273
1 7.6622e-05 0.000192289 -0.006346 -7.64702e-05 1 -0.000789575 0.00502468 -0.000192349 0.00078956 1 0.469619 
119
82
754.675
0.999996 0.00274511 7.60133e-05 -0.00115592 -0.00274539 0.999989 0.00387725 -0.0238404 -6.53689e-05 -0.00387744 0.999992 0.468594 
114
65
726.576
0.999999 0.000610832 0.000894734 0.00117734 -0.000612434 0.999998 0.00179135 -0.000778892 -0.000893638 -0.00179189 0.999998 0.491158 
116
69
616.547
1 -3.17985e-05 -0.000597874 0.00155353 3.17135e-05 1 -0.000142182 -0.00340696 0.000597879 0.000142163 1 0.456348 
98
61
473.331
0.999999 -0.00101761 -0.00112761 4.22152e-05 0.00101675 0.999999 -0.000764765 -0.00504514 0.00112839 0.000763618 0.999999 0.515082 
94
68
522.36
0.999999 -0.00101761 -0.00112761 4.22152e-05 0.00101675 0.999999 -0.000764765 -0.00504514 0.00112839 0.000763618 0.999999 0.515082 
88
51
221.941
0.999935 0.00592249 0.00969617 -0.0220692 -0.00601416 0.999937 0.0094529 -0.0215092 -0.00963957 -0.00951061 0.999908 0.4888 
103
59
797.745
0.999997 -0.00107148 -0.00199645 -0.000117509 0.00106892 0.999999 -0.00128597 0.000536062 0.00199783 0.00128383 0.999997 0.495179 
107
84
832.374
0.999995 0.00210845 0.00240151 -0.00189671 -0.00210459 0.999996 -0.00160637 -0.00813368 -0.00240488 0.00160131 0.999996 0.504873 
111
65
772.087
0.999995 0.00210845 0.00240151 -0.00189671 -0.00210459 0.999996 -0.00160637 -0.00813368 -0.00240488 0.00160131 0.999996 0.504873 
106
77
495.759
0.999994 -0.000255996 0.00351575 0.00609171 0.000232021 0.999977 0.00681812 -0.00947227 -0.00351741 -0.00681726 0.999971 0.491801 
114
60
562.474
0.999992 -0.00301252 0.00249075 -0.0538493 0.00301846 0.999993 -0.00238413 0.0429194 -0.00248355 0.00239163 0.999994 0.471719 
111
51
406.301
0.999987 0.000454342 -0.00511506 -0.00180333 -0.000446285 0.999999 0.00157629 -0.0191512 0.00511577 -0.00157398 0.999986 0.516913 
100
63
597.486
1 -0.000571111 0.000586075 -0.00134657 0.000574591 0.999982 -0.0059546 0.00631329 -0.000582663 0.00595493 0.999982 0.510965 
97
55
660.769
0.999999 -0.00088051 -0.000587698 -0.000718032 0.000879827 0.999999 -0.00116202 0.00485559 0.00058872 0.0011615 0.999999 0.483599 
117
72
596.462
0.999997 0.00126161 -0.00220262 -0.0301347 -0.00125338 0.999992 0.00373549 -0.0113237 0.00220732 -0.00373272 0.999991 0.464967 
113
53
432.403
0.999997 0.00126161 -0.00220262 -0.0301347 -0.00125338 0.999992 0.00373549 -0.0113237 0.00220732 -0.00373272 0.999991 0.464967 
85
63
166.372
0.999993 -0.0034031 -0.00137915 0.00715152 0.00339553 0.999979 -0.00545457 0.00125936 0.00139768 0.00544985 0.999984 0.462245 
107
70
717.904
0.999998 -2.44198e-05 0.00189189 -0.00301953 2.74839e-05 0.999999 -0.00161962 0.00392096 -0.00189185 0.00161967 0.999997 0.494918 
119
74
770.407
0.999998 -2.44198e-05 0.00189189 -0.00301953 2.74839e-05 0.999999 -0.00161962 0.00392096 -0.00189185 0.00161967 0.999997 0.494918 
100
48
708.823
0.999988 -0.00399258 0.0028237 -0.0246639 0.00401736 0.999953 -0.00882699 0.0560091 -0.00278832 0.00883822 0.999957 0.530912 
110
56
514.791
0.999988 -0.00399258 0.0028237 -0.0246639 0.00401736 0.999953 -0.00882699 0.0560091 -0.00278832 0.00883822 0.999957 0.530912 
104
70
573.244
0.999988 -0.00399258 0.0028237 -0.0246639 0.00401736 0.999953 -0.00882699 0.0560091 -0.00278832 0.00883822 0.999957 0.530912 
88
61
201.024
0.999988 -0.00399258 0.0028237 -0.0246639 0.00401736 0.999953 -0.00882699 0.0560091 -0.00278832 0.00883822 0.999957 0.530912 
102
69
665.59
0.999984 -0.0039521 -0.00412739 0.0197121 0.00394365 0.99999 -0.00205305 0.0544939 0.00413547 0.00203674 0.999989 0.531822 
107
52
339.98
1 -0.000145849 -0.00082332 -0.00240982 0.00014582 1 -3.59317e-05 0.00155157 0.000823325 3.58116e-05 1 0.523664 
116
74
590.986
0.999979 -0.00603802 -0.00240479 -0.0110757 0.00599299 0.999814 -0.0183146 0.0666545 0.00251493 0.0182998 0.999829 0.508948 
112
61
518.356
0.999989 0.0021381 0.0041638 -0.0033251 -0.0021421 0.999997 0.000957453 -0.00636673 -0.00416174 -0.000966362 0.999991 0.490691 
117
78
509.786
0.999997 0.000812828 -0.00227458 0.00239272 -0.00080857 0.999998 0.00187242 -0.00399101 0.0022761 -0.00187058 0.999996 0.489283 
117
58
318.122
1 -0.000524321 -0.00020339 -0.00270128 0.000524278 1 -0.000207793 0.0117105 0.000203499 0.000207686 1 0.545092 
121
62
578.253
