1 0 0 0 0 1 0 0 0 0 1 0 
129
127
1
1 0 0 0 0 1 0 0 0 0 1 0 
128
118
11
1 0 0 0 0 1 0 0 0 0 1 0 
127
123
5.41421
1 0 0 0 0 1 0 0 0 0 1 0 
126
120
7.23607
1 0 0 0 0 1 0 0 0 0 1 0 
128
118
23.1876
1 0 0 0 0 1 0 0 0 0 1 0 
129
126
6.23607
1 0 0 0 0 1 0 0 0 0 1 0 
129
121
12.8929
1 0 0 0 0 1 0 0 0 0 1 0 
130
130
0
0.999999 0.000495801 0.00163646 -0.00223159 -0.000492069 0.999997 -0.0022803 -0.0029771 -0.00163759 0.00227949 0.999996 0.459213 
128
93
714.844
1 0.000287923 -7.16895e-05 -0.00030953 -0.000287941 1 -0.000247506 0.00157749 7.16183e-05 0.000247527 1 0.481242 
120
75
494.807
0.999999 -0.000470294 0.00140881 -0.00013672 0.000471552 0.999999 -0.000893109 -0.00185766 -0.00140839 0.000893772 0.999999 0.486672 
120
89
643.489
0.999968 0.00180851 0.00783348 -0.00365488 -0.00181497 0.999998 0.000817107 -0.000886004 -0.00783199 -0.000831298 0.999969 0.497211 
124
71
746.545
0.999999 0.000323983 -0.00102241 -0.00598611 -0.000324814 1 -0.000813423 -0.00412263 0.00102215 0.000813754 0.999999 0.482193 
124
71
282.618
0.999998 -0.000521788 -0.00189597 -0.00255727 0.000521934 1 7.65596e-05 -0.000138662 0.00189593 -7.7549e-05 0.999998 0.489589 
121
82
646.858
1 -0.000104574 -9.51633e-05 -0.00073115 0.000104555 1 -0.000199575 0.00105633 9.51841e-05 0.000199566 1 0.490253 
127
93
813.118
0.999985 0.00248757 -0.00489433 -0.0140261 -0.00247701 0.999995 0.00216261 -0.0122817 0.00489969 -0.00215046 0.999986 0.487294 
125
67
664.17
0.999999 3.87904e-05 -0.00143281 -0.00772496 -4.06941e-05 0.999999 -0.00132865 0.00128047 0.00143275 0.0013287 0.999998 0.495686 
126
64
604.86
0.999999 3.87904e-05 -0.00143281 -0.00772496 -4.06941e-05 0.999999 -0.00132865 0.00128047 0.00143275 0.0013287 0.999998 0.495686 
127
84
210.298
0.999997 0.000394696 0.00234872 -0.0115279 -0.000393532 1 -0.000495914 -0.0151765 -0.00234891 0.000494988 0.999997 0.489204 
126
81
837.741
0.999999 0.000748397 -0.00104918 -0.0062541 -0.000748095 1 0.000288151 -0.00294535 0.0010494 -0.000287366 0.999999 0.492847 
126
84
699.155
0.999998 -0.000827964 -0.00178528 -0.00177922 0.000827467 1 -0.000279137 0.000432529 0.00178551 0.000277659 0.999998 0.485361 
126
78
780.966
0.999976 0.00378275 0.00579143 -0.00703452 -0.00380204 0.999987 0.0033237 -0.0162409 -0.00577879 -0.00334564 0.999978 0.489132 
123
64
513.375
1 -0.000200437 -0.000454667 -0.000490187 0.000199874 0.999999 -0.00123595 -0.000469407 0.000454915 0.00123586 0.999999 0.488444 
127
83
743.163
0.999994 -0.000970063 -0.00321973 0.00118915 0.000970817 1 0.00023275 -0.000923906 0.0032195 -0.000235875 0.999995 0.485803 
122
93
680.837
0.999997 0.00253391 0.000184763 -0.00585166 -0.00253436 0.999994 0.00247198 -0.00753669 -0.000178498 -0.00247244 0.999997 0.489829 
122
68
435.898
0.999998 -0.00187865 0.0010008 -8.93007e-05 0.00187852 0.999998 0.000132246 -0.00453975 -0.00100104 -0.000130366 0.999999 0.48976 
127
64
754.694
1 -0.000127136 -0.000217069 0.000913866 0.000127143 1 3.08281e-05 0.000340766 0.000217065 -3.08557e-05 1 0.491513 
123
82
599.213
1 -4.70501e-05 -0.000271077 -0.00179537 4.61626e-05 0.999995 -0.00327323 0.0019489 0.000271229 0.00327322 0.999995 0.487781 
121
75
689.143
1 5.24698e-05 -0.000894128 -0.00215181 -5.27838e-05 1 -0.00035118 -0.0042905 0.00089411 0.000351227 1 0.487065 
116
78
349.398
0.999952 0.00237011 0.00954818 -0.00446185 -0.00243225 0.999976 0.00650131 -0.00307943 -0.00953254 -0.00652422 0.999933 0.494484 
123
66
607.452
0.999952 0.00237011 0.00954818 -0.00446185 -0.00243225 0.999976 0.00650131 -0.00307943 -0.00953254 -0.00652422 0.999933 0.494484 
123
67
209.984
1 0.000140395 0.000172529 -0.00587495 -0.000140023 0.999998 -0.00215676 -0.00706881 -0.000172832 0.00215674 0.999998 0.497573 
127
86
692.2
0.999993 -0.00178642 -0.00332856 0.00413677 0.00177773 0.999995 -0.00261356 -0.000617546 0.00333321 0.00260762 0.999991 0.490958 
127
82
771.8
1 -0.000983558 3.63014e-05 0.00166201 0.000983563 1 -0.000134841 0.00691228 -3.61688e-05 0.000134877 1 0.487933 
127
67
682.75
0.999996 0.00103355 -0.00269586 -0.00682557 -0.00103423 0.999999 -0.000251762 -0.00652177 0.0026956 0.000254549 0.999996 0.474342 
117
80
475.31
0.999997 0.00174973 0.0017955 -0.00665433 -0.00175069 0.999998 0.000532371 -0.00702617 -0.00179457 -0.000535513 0.999998 0.496044 
113
84
234.458
0.990369 -0.000205101 -0.138453 0.00147421 0.000244513 1 0.00026765 -0.00718822 0.138453 -0.000298926 0.990369 0.0966682 
129
70
703.854
0.960938 0.013795 -0.276421 0.00157962 -0.0103904 0.999851 0.0137777 -0.00519324 0.27657 -0.0103674 0.960938 0.0177428 
124
65
965.297
0.996314 0.00350721 -0.0857072 -0.0301425 -0.00326475 0.99999 0.00296882 -0.00295939 0.0857168 -0.00267806 0.996316 0.316241 
132
78
922.507
0.999999 -0.000407307 0.000956643 -0.00209457 0.000407904 1 -0.000623142 -0.00275765 -0.000956389 0.000623532 0.999999 0.503086 
132
82
479.134
0.999985 -0.000966707 -0.00534783 -0.00255688 0.000988336 0.999991 0.00404334 -0.00927613 0.00534387 -0.00404857 0.999978 0.495012 
132
83
683.72
0.999991 -0.000884544 -0.00420374 -0.000902012 0.000884761 1 4.98759e-05 -0.00772152 0.00420369 -5.35947e-05 0.999991 0.483745 
126
95
429.262
1 -0.00018692 8.82116e-05 -0.00260578 0.000186998 1 -0.000881174 -0.00297657 -8.80468e-05 0.00088119 1 0.496321 
126
85
581.625
0.999999 0.000290671 0.0011954 -0.00382666 -0.000291532 1 0.000720723 0.00276588 -0.00119519 -0.000721071 0.999999 0.488695 
135
89
677.771
1 5.97474e-06 0.00080001 -0.00101701 -6.47602e-06 1 0.00062659 -0.00684926 -0.000800006 -0.000626595 0.999999 0.488555 
127
89
547.517
1 -0.000529216 -0.000331585 0.00111709 0.00052921 1 -1.81877e-05 -0.00337137 0.000331594 1.80122e-05 1 0.46443 
125
87
608.715
0.999999 -0.000323836 0.00148095 0.00453427 0.000325281 0.999999 -0.000975715 0.00153313 -0.00148064 0.000976196 0.999998 0.492198 
134
89
865.358
1 0.000173229 -0.000119602 0.00131425 -0.000173341 1 -0.000935398 5.58747e-05 0.00011944 0.000935418 1 0.488685 
124
97
643.833
1 0.0001703 0.000113824 0.000347572 -0.000170322 1 0.000193839 0.000226741 -0.000113791 -0.000193858 1 0.486242 
126
87
617.629
0.999999 0.000167898 0.00120447 0.000798351 -0.00016846 1 0.000466457 -0.00248048 -0.00120439 -0.00046666 0.999999 0.494382 
130
71
631.767
1 0.000250065 0.000215704 0.00296904 -0.00024987 1 -0.000900748 -0.00178473 -0.000215929 0.000900694 1 0.498093 
119
85
431.082
0.999999 -0.00047624 -0.000883751 0.000688899 0.000475817 1 -0.0004781 0.00132433 0.000883978 0.000477679 0.999999 0.485619 
128
91
734.059
1 -0.000287691 4.04511e-06 0.000544029 0.000287694 1 -0.000597721 8.63742e-05 -3.87315e-06 0.000597722 1 0.482877 
124
90
653.182
0.999999 -0.000220743 -0.00121447 -0.00288801 0.00022159 1 0.000697252 -0.0075271 0.00121432 -0.00069752 0.999999 0.491879 
130
83
755.242
1 0.000204261 0.000940373 -0.00217226 -0.000204715 1 0.000483103 -0.00222494 -0.000940275 -0.000483296 0.999999 0.492885 
124
75
432.537
0.999996 -0.000620509 -0.00263401 -0.00184718 0.000620266 1 -9.2987e-05 0.000750327 0.00263407 9.13529e-05 0.999997 0.484409 
132
90
520.725
0.999997 0.000329832 0.00223837 -0.00293219 -0.00032649 0.999999 -0.00149294 0.00230327 -0.00223886 0.00149221 0.999996 0.486838 
131
84
416.696
0.999999 -0.000279444 -0.00169387 -0.00293217 0.000280026 1 0.000343012 -0.00041276 0.00169378 -0.000343486 0.999999 0.489335 
128
89
773.507
1 0.000462496 0.000538698 2.44435e-05 -0.000462615 1 0.000221441 -0.00180316 -0.000538596 -0.00022169 1 0.480169 
130
76
610.986
1 0.000784685 0.000102033 -0.00378469 -0.000784635 1 -0.000486068 0.00365721 -0.000102414 0.000485988 1 0.50078 
133
89
619.117
0.999999 0.000120224 0.00170899 -0.00238729 -0.000119039 1 -0.000693115 -0.00761036 -0.00170907 0.00069291 0.999998 0.49203 
130
80
601.451
1 7.44453e-05 -0.000269811 -0.00520106 -7.4503e-05 1 -0.000213955 0.00413397 0.000269795 0.000213975 1 0.485411 
132
94
636.823
0.999998 -0.000915866 -0.00189047 -0.000543596 0.000917385 0.999999 0.000802947 -0.00280924 0.00188974 -0.00080468 0.999998 0.479315 
124
70
482.64
1 -0.000133456 -0.000687036 -0.00375122 0.000133792 1 0.000488915 -0.00119063 0.00068697 -0.000489007 1 0.486936 
132
89
823.653
0.999999 -0.000150917 -0.0017155 -0.0028408 0.00015095 1 1.92905e-05 -0.00434243 0.0017155 -1.95495e-05 0.999999 0.492371 
133
87
525.683
0.999999 -0.000515335 -0.00122304 -0.000309254 0.000514982 1 -0.000289346 0.00319251 0.00122319 0.000288716 0.999999 0.501863 
119
82
413.868
1 0.000169073 0.000733463 -0.00124225 -0.000169506 1 0.000589593 -0.00213101 -0.000733363 -0.000589717 1 0.491538 
133
93
826.919
0.999998 -0.000579237 -0.00175348 -0.00872166 0.000577791 0.999999 -0.000825284 -0.00566566 0.00175396 0.000824269 0.999998 0.49103 
131
78
712.429
1 -2.31725e-05 3.56511e-05 -0.00164532 2.31831e-05 1 -0.000298196 -0.00160945 -3.56442e-05 0.000298197 1 0.49354 
133
89
744.668
0.999998 6.13846e-05 0.00194499 7.346e-05 -5.70863e-05 0.999998 -0.00220994 -0.00463892 -0.00194512 0.00220983 0.999996 0.48753 
131
93
837.891
0.999997 0.000465018 0.00235405 -0.00243122 -0.000464933 1 -3.69927e-05 -0.000760565 -0.00235407 3.58982e-05 0.999997 0.487834 
133
106
693.644
1 0.000225974 0.000942365 0.00199562 -0.000226168 1 0.000206232 -0.0035151 -0.000942319 -0.000206445 1 0.491415 
130
89
708.51
0.999999 0.00030178 0.00124002 -0.00393942 -0.000301351 1 -0.000346099 -0.00207006 -0.00124013 0.000345725 0.999999 0.484503 
131
88
532.179
0.999998 0.000530069 0.00192745 -0.00115354 -0.00052533 0.999997 -0.00245801 -0.00242781 -0.00192875 0.00245699 0.999995 0.488406 
126
88
422.224
0.999991 -0.00105433 -0.00401724 0.000646294 0.00104779 0.999998 -0.00163124 -0.00316525 0.00401895 0.00162702 0.999991 0.487278 
129
95
701.223
0.999999 0.000373966 0.00146959 -0.00679334 -0.000372544 0.999999 -0.000967883 0.00589771 -0.00146995 0.000967335 0.999998 0.477561 
128
87
633.365
0.999988 -0.000846519 -0.00473978 -0.000301737 0.000855518 0.999998 0.00189692 -0.00173366 0.00473816 -0.00190095 0.999987 0.497984 
132
77
902.488
0.999999 -0.00030991 -0.00112352 -0.00151578 0.000309703 1 -0.000185119 -0.000284592 0.00112358 0.000184771 0.999999 0.48683 
132
98
775.6
0.999999 -0.000300908 -0.00129154 -0.00102956 0.000299578 0.999999 -0.00103019 -9.69229e-06 0.00129185 0.0010298 0.999999 0.490509 
122
81
594.715
1 -0.000211652 -0.000449542 -0.00243974 0.000211477 1 -0.000390304 0.000439428 0.000449625 0.000390209 1 0.486821 
132
90
727.17
0.999997 0.000691101 0.00232091 -0.00269977 -0.000688053 0.999999 -0.0013137 -0.00201909 -0.00232181 0.00131209 0.999996 0.488854 
125
78
715.882
0.999995 0.000376495 0.00314078 -0.0046956 -0.00037312 0.999999 -0.00107507 0.00214096 -0.00314118 0.0010739 0.999994 0.485639 
129
79
662.11
0.999998 -0.000156014 -0.00180903 -0.00276386 0.000154693 1 -0.000730062 -0.00505103 0.00180914 0.000729781 0.999998 0.486371 
125
80
414.413
0.999966 -0.00255978 -0.00789018 0.000456457 0.00254702 0.999995 -0.00162713 -0.000699055 0.00789431 0.00160698 0.999968 0.497619 
128
85
562.814
0.999993 0.00113157 0.00357909 -0.0034518 -0.0011311 0.999999 -0.000134077 0.00452899 -0.00357924 0.000130028 0.999994 0.484185 
131
93
657.356
0.999999 0.000557641 0.00100346 -0.00828627 -0.000556503 0.999999 -0.00113358 0.000392589 -0.00100409 0.00113302 0.999999 0.488976 
132
82
872.311
0.999999 -0.000460418 0.00104702 -0.00170863 0.000458823 0.999999 0.00152312 -0.0024472 -0.00104772 -0.00152264 0.999998 0.49273 
130
89
671.527
1 -3.78207e-05 0.000147458 0.0051139 3.77898e-05 1 0.000209298 0.000231586 -0.000147465 -0.000209293 1 0.495487 
125
84
596.622
0.999999 -0.000596054 -0.00153083 -0.00181035 0.000596317 1 0.000171183 -0.00132106 0.00153073 -0.000172095 0.999999 0.48502 
127
94
551.832
1 0.000115741 -0.000589341 0.00235173 -0.000115704 1 6.41206e-05 -0.000887641 0.000589349 -6.40524e-05 1 0.491966 
127
81
661.58
0.999999 -0.000534743 -0.00143831 -0.000260338 0.000536536 0.999999 0.0012461 -0.00565305 0.00143764 -0.00124687 0.999998 0.490324 
128
90
778.183
1 0.000318642 0.000892996 -0.00551763 -0.000318025 1 -0.000691455 -0.00638249 -0.000893216 0.00069117 0.999999 0.487222 
128
94
585.245
0.999994 -0.000896388 -0.00333885 -0.00173234 0.000896028 1 -0.000109381 -0.00320891 0.00333894 0.000106389 0.999994 0.488701 
130
89
695.211
1 0.000313308 2.60883e-06 -0.00485596 -0.000313308 1 5.72651e-05 0.00743627 -2.59089e-06 -5.72659e-05 1 0.493355 
128
80
637.576
0.999998 -4.61338e-05 -0.0019711 -0.00118034 4.67658e-05 1 0.000320604 0.000919047 0.00197108 -0.000320696 0.999998 0.491439 
126
81
882.126
0.999998 -0.000539868 -0.00179318 -0.00116879 0.000540049 1 0.000100703 -0.00136026 0.00179312 -0.000101671 0.999998 0.491364 
132
91
620.431
0.999998 0.000271729 0.00182965 -0.00120805 -0.000270489 1 -0.000678178 -0.00412949 -0.00182983 0.000677682 0.999998 0.493501 
121
87
566.759
0.999989 0.00111541 0.00465299 -0.0028144 -0.00111036 0.999999 -0.00108854 0.003438 -0.0046542 0.00108336 0.999989 0.487855 
128
94
857.553
0.999999 0.000154609 0.00161059 -0.000514186 -0.000156173 1 0.000971042 0.00824583 -0.00161043 -0.000971292 0.999998 0.491079 
128
76
689.48
0.999986 0.000985805 0.00521899 -0.00157233 -0.000978849 0.999999 -0.0013352 0.0056697 -0.0052203 0.00133007 0.999985 0.486993 
126
81
552.421
1 0.000207221 0.000389404 -0.00427573 -0.000207182 1 -0.000100445 -0.00146345 -0.000389425 0.000100364 1 0.497214 
131
94
566.389
0.999995 0.000551701 0.00321858 -4.43895e-05 -0.000553066 1 0.000423428 -0.00214166 -0.00321835 -0.000425205 0.999995 0.494417 
129
82
717.839
0.999996 0.000431598 0.00285574 -0.00422652 -0.000431915 1 0.000110393 -0.00195816 -0.0028557 -0.000111626 0.999996 0.488891 
130
77
696.889
0.999997 -0.000209153 -0.00252515 0.000887607 0.000213128 0.999999 0.00157409 -0.00400534 0.00252482 -0.00157463 0.999996 0.488787 
131
79
814.923
0.999994 0.000792189 0.00328397 0.000949982 -0.000788634 0.999999 -0.00108374 0.000189755 -0.00328483 0.00108114 0.999994 0.484728 
131
86
912.739
0.999996 -0.000332 -0.00277535 -0.000123199 0.000334001 1 0.000720458 -0.00601673 0.00277511 -0.000721383 0.999996 0.495549 
130
87
725.469
1 -4.09613e-05 -0.000499782 0.00179846 4.07806e-05 1 -0.00036167 -0.000803172 0.000499797 0.00036165 1 0.50232 
128
85
822.829
0.99998 -0.00142123 -0.00611067 0.00507771 0.00142313 0.999999 0.000307182 -0.00575179 0.00611023 -0.000315872 0.999981 0.491102 
129
83
640.454
1 3.58954e-05 -0.000453044 -0.00160088 -3.59495e-05 1 -0.000119275 0.00167688 0.00045304 0.000119292 1 0.489831 
120
78
611.94
0.999999 0.000457838 0.00147973 -0.000970904 -0.000455273 0.999998 -0.00173321 -0.000925818 -0.00148053 0.00173254 0.999997 0.484369 
130
85
681.607
0.999999 0.000739945 0.00131303 -0.00240877 -0.000736604 0.999996 -0.00254351 -0.00284805 -0.0013149 0.00254254 0.999996 0.485993 
127
82
814.35
0.999998 0.000317239 0.00206258 0.00167087 -0.000315806 1 -0.000695439 0.00091273 -0.0020628 0.000694786 0.999998 0.49208 
127
92
566.822
0.999996 -1.22168e-06 0.00296838 0.00399982 -4.41243e-06 0.999998 0.00189804 0.00728296 -0.00296837 -0.00189804 0.999994 0.489613 
124
70
697.186
0.999995 7.42651e-05 0.00325484 -0.000594089 -7.60388e-05 1 0.000544797 -0.00146926 -0.0032548 -0.000545042 0.999995 0.492858 
129
68
518.984
0.999994 -0.00052945 -0.00351593 -0.00278719 0.000530198 1 0.000211715 -0.00276352 0.00351582 -0.000213578 0.999994 0.488461 
125
85
717.939
1 -0.000188344 -0.000114791 -0.00229263 0.000188149 0.999999 -0.00169522 -0.00185495 0.00011511 0.0016952 0.999999 0.480549 
124
81
545.605
0.999998 -0.000107626 -0.00183521 -0.00106219 0.000106924 1 -0.000382476 -0.00136181 0.00183525 0.000382279 0.999998 0.476702 
128
82
713.923
0.999999 0.000376748 0.0013109 -0.000116045 -0.000377428 1 0.000518463 0.00290127 -0.00131071 -0.000518957 0.999999 0.499995 
123
72
604.718
1 0.000206764 0.000162223 -0.00599127 -0.000206729 1 -0.000211535 0.00287642 -0.000162267 0.000211502 1 0.492883 
130
73
817.11
1 -0.000117937 -0.000770073 -0.0081185 0.000117484 1 -0.000588643 -0.00681725 0.000770142 0.000588552 1 0.505756 
121
67
329.807
0.999999 -0.000211265 -0.00160605 -0.000143087 0.000209794 1 -0.000915932 -0.000573366 0.00160625 0.000915593 0.999998 0.488908 
128
84
767.919
1 -0.00079814 -0.000508106 -0.000719724 0.000798803 0.999999 0.00130604 -0.00433516 0.000507063 -0.00130644 0.999999 0.485372 
127
82
774.395
0.999999 9.52071e-05 0.00158769 0.00206648 -9.62728e-05 1 0.0006712 0.000498123 -0.00158762 -0.000671352 0.999999 0.489275 
133
82
810.567
0.999999 0.000219535 -0.00113644 -0.00278216 -0.000220057 1 -0.000459304 -0.00110917 0.00113634 0.000459554 0.999999 0.485011 
136
85
616.911
1 -0.000535863 5.53594e-05 -0.00220258 0.000536025 0.999995 -0.00296902 -0.00182599 -5.37682e-05 0.00296905 0.999996 0.476688 
128
81
540.289
1 -0.000158537 -0.000241516 -0.00653697 0.000158431 1 -0.000436747 -1.7759e-05 0.000241585 0.000436709 1 0.488817 
135
82
737.548
0.999989 -0.000393735 -0.00463161 0.000554165 0.000388762 0.999999 -0.00107456 -0.00168864 0.00463203 0.00107274 0.999989 0.49001 
138
82
857.062
1 -0.000453648 0.000294217 -0.00391155 0.000453923 0.999999 -0.000935269 -0.00246663 -0.000293793 0.000935403 1 0.485509 
135
85
758.346
0.999997 0.000555881 0.00234276 -0.00399987 -0.000551972 0.999998 -0.00166886 -0.00408739 -0.00234369 0.00166756 0.999996 0.491254 
133
81
524.686
0.999999 0.000379885 -0.00140308 -0.00517667 -0.000379722 1 0.000116994 -0.00686404 0.00140313 -0.000116461 0.999999 0.463775 
134
70
646.518
0.999983 0.00107312 0.00576454 -0.00468975 -0.00106624 0.999999 -0.00119768 0.00956016 -0.00576582 0.00119151 0.999983 0.493578 
135
82
393.926
1 -0.000218598 -0.000718219 -0.00122485 0.000219016 1 0.000581811 -0.00932744 0.000718092 -0.000581968 1 0.487823 
138
82
850.226
0.999999 -0.000407803 -0.0016276 0.000359514 0.000407395 1 -0.000251067 -0.00689582 0.0016277 0.000250403 0.999999 0.491305 
139
75
680.402
1 0.00028074 0.000238231 -0.00284364 -0.000280213 0.999998 -0.00221252 0.00104621 -0.000238852 0.00221245 0.999998 0.490411 
137
73
372.797
0.999998 -0.000955688 -0.00195871 0.00201425 0.000956127 1 0.000223184 0.00123507 0.00195849 -0.000225057 0.999998 0.485902 
135
79
510.113
0.999999 0.000580587 -0.00135115 0.000834859 -0.000580057 1 0.00039211 -0.0018489 0.00135138 -0.000391326 0.999999 0.497766 
130
72
455.077
0.999999 -0.000655728 -0.0010328 0.000423409 0.000656441 1 0.000689741 -0.00258831 0.00103235 -0.000690418 0.999999 0.491409 
138
88
605.174
1 -0.000290643 -5.38124e-05 -0.00123841 0.000290574 0.999999 -0.00127062 -0.0005363 5.41816e-05 0.00127061 0.999999 0.488902 
138
82
807.444
0.999988 -7.18705e-05 -0.00489845 -0.00217468 7.32078e-05 1 0.00027282 -0.00522557 0.00489843 -0.000273175 0.999988 0.492083 
132
80
961.062
0.999987 -0.000918297 -0.00508968 0.00555746 0.000925527 0.999999 0.00141832 -0.00922245 0.00508837 -0.00142301 0.999986 0.490019 
133
72
639.673
0.999992 -0.00092636 -0.00393346 -0.00102332 0.000935974 0.999997 0.00244283 -0.00749855 0.00393118 -0.00244649 0.999989 0.491018 
137
82
656.377
1 0.000204563 0.000451649 -0.00469422 -0.00020422 1 -0.000759717 -0.00712445 -0.000451804 0.000759625 1 0.496074 
139
85
825.417
0.999995 0.000267871 0.00305899 -0.0065635 -0.000266047 1 -0.000596871 0.00379605 -0.00305915 0.000596055 0.999995 0.49457 
135
77
483.3
1 -0.000286605 0.00046739 -0.0027816 0.000285775 0.999998 0.00177458 0.00562865 -0.000467898 -0.00177444 0.999998 0.492027 
138
89
676.932
0.999986 0.000319 0.00520282 -0.00542844 -0.000314762 1 -0.00081538 0.00570584 -0.00520308 0.000813731 0.999986 0.490816 
137
77
815.76
0.999997 -0.00103214 -0.00209337 0.00258261 0.00103396 0.999999 0.000870267 -0.00583997 0.00209247 -0.000872429 0.999997 0.492789 
138
83
769.994
0.999999 0.00024472 0.00136593 0.00126575 -0.000244253 1 -0.00034227 -0.00755687 -0.00136602 0.000341936 0.999999 0.491044 
135
80
481.563
0.999993 0.000922463 0.00376114 -0.00905643 -0.000915362 0.999998 -0.00188916 -0.00383795 -0.00376288 0.00188571 0.999991 0.490472 
134
69
609.958
0.999999 -0.000814328 0.00138772 -0.00276795 0.00081278 0.999999 0.00111585 0.00338659 -0.00138863 -0.00111472 0.999998 0.477551 
126
80
511.685
0.999984 0.00126421 0.00544795 -0.00251074 -0.00126456 0.999999 5.98874e-05 0.00178318 -0.00544787 -6.67757e-05 0.999985 0.490012 
137
70
685.649
0.999996 -0.00103633 -0.0024581 0.00249291 0.00103364 0.999999 -0.00109734 -0.00371392 0.00245923 0.00109479 0.999996 0.485095 
130
84
670.981
0.999998 0.000316957 0.00194927 -0.000434836 -0.000315726 1 -0.000631443 0.000605214 -0.00194947 0.000630827 0.999998 0.489978 
130
87
667.282
0.999992 0.000872325 0.00392367 -0.000335064 -0.000870921 1 -0.000359556 -0.00407963 -0.00392398 0.000356136 0.999992 0.489713 
134
83
681.164
0.999983 0.00189491 0.00556257 -0.0119512 -0.00189646 0.999998 0.000274877 0.00954472 -0.00556204 -0.000285421 0.999984 0.487019 
130
69
668.583
1 -0.000383447 0.000193224 -0.00180044 0.000383442 1 2.74468e-05 -0.00526153 -0.000193235 -2.73728e-05 1 0.48824 
131
81
591.007
0.999999 -0.000316677 -0.00130735 -0.000841293 0.000316518 1 -0.000121812 -0.00217164 0.00130739 0.000121398 0.999999 0.495166 
131
71
877.679
0.999999 2.40552e-05 0.00151092 0.00344603 -2.27014e-05 1 -0.000895988 0.00378252 -0.00151095 0.000895953 0.999998 0.49469 
131
76
788.279
0.999996 7.01508e-05 0.00294073 -0.00453539 -7.33682e-05 0.999999 0.00109396 0.00358848 -0.00294065 -0.00109417 0.999995 0.48385 
132
82
731.957
0.999971 -0.000571094 0.00763942 -0.0092812 0.000515106 0.999973 0.00732879 0.00254923 -0.0076434 -0.00732464 0.999944 0.498753 
133
72
679.859
0.999999 -0.00092947 -0.000775985 -0.0041318 0.00092908 0.999999 -0.000502847 0.0051691 0.000776452 0.000502126 1 0.492854 
129
76
517.058
0.999937 -0.0012709 -0.0111213 -0.00323431 0.00129012 0.999998 0.00172062 -0.00372083 0.0111191 -0.00173486 0.999937 0.494465 
128
70
931.354
1 -0.000163912 -0.000268664 -0.000839236 0.00016388 1 -0.000117789 0.00187177 0.000268684 0.000117745 1 0.49131 
127
82
928.783
0.999995 0.000475735 -0.00313207 -0.00638045 -0.000472573 0.999999 0.00100996 -0.00689072 0.00313255 -0.00100848 0.999995 0.486977 
125
69
543.115
0.999995 -0.000384261 0.00325359 -0.00447865 0.000388914 0.999999 -0.00142972 0.00168852 -0.00325304 0.00143097 0.999994 0.489483 
127
75
590.984
0.999996 -0.000519281 -0.00259967 0.00409385 0.000517975 1 -0.000503216 -0.00336372 0.00259993 0.000501867 0.999996 0.47745 
121
74
419.054
1 0.000139105 0.000884076 -0.00599214 -0.000138868 1 -0.000267916 -0.00436282 -0.000884113 0.000267793 1 0.487058 
132
81
678.135
1 -0.000595674 -0.000208314 0.00164245 0.000595819 1 0.000694023 -0.00302364 0.0002079 -0.000694147 1 0.504921 
123
72
482.979
0.999999 -0.00079467 -0.00101241 0.00281651 0.000795576 0.999999 0.000894969 -0.00140121 0.0010117 -0.000895774 0.999999 0.489928 
128
70
697.488
0.999998 -0.000829052 -0.0015409 0.00160734 0.000829811 1 0.000492185 0.000337747 0.00154049 -0.000493463 0.999999 0.490153 
131
91
750.369
0.999996 -0.000283468 -0.00264791 0.00922816 0.000280885 0.999999 -0.000975819 -0.0111023 0.00264819 0.000975072 0.999996 0.491645 
125
75
698.943
1 -0.000332137 -0.000891182 -0.00367584 0.000332134 1 -3.9398e-06 0.00278968 0.000891183 3.64381e-06 1 0.486697 
130
85
680.452
1 -0.000381657 -0.000293044 0.00112522 0.000381867 1 0.000717028 -0.001273 0.00029277 -0.000717139 1 0.494137 
132
78
832.586
0.999998 -0.000742565 -0.00164365 -0.00581526 0.000742967 1 0.000244342 -0.00785402 0.00164347 -0.000245563 0.999999 0.482356 
132
81
660.298
0.99999 0.000516313 -0.00448524 -0.00127534 -0.000507567 0.999998 0.001951 -0.0159158 0.00448624 -0.00194871 0.999988 0.493746 
133
83
933.174
1 -3.44623e-05 2.6133e-05 -0.00680553 3.44836e-05 1 -0.000817121 -0.00130335 -2.61048e-05 0.000817122 1 0.493735 
132
75
747.117
1 -0.000992531 0.000116667 0.0121008 0.000992606 0.999999 -0.000644207 0.0116959 -0.000116028 0.000644322 1 0.44039 
126
55
503.143
1 -0.000639879 -0.000432143 0.000433541 0.000640269 0.999999 0.000903613 0.00145773 0.000431564 -0.00090389 0.999999 0.484778 
131
71
737.934
0.999962 -0.00210165 -0.00845918 0.000784869 0.00210477 0.999998 0.000360463 -0.00857696 0.0084584 -0.000378254 0.999964 0.489919 
133
81
632.039
1 0.000664182 -0.0007183 -0.000932233 -0.000664795 0.999999 -0.000854755 -0.00437693 0.000717731 0.000855232 0.999999 0.488334 
129
82
688.969
0.999997 -0.0010175 -0.0020616 -0.0037125 0.00101737 0.999999 -6.38913e-05 0.000626616 0.00206166 6.17937e-05 0.999998 0.49452 
126
86
665.524
0.999988 -0.00116353 -0.00481057 0.00160988 0.00116772 0.999999 0.000870167 0.00112803 0.00480955 -0.000875774 0.999988 0.486256 
120
71
598.618
0.999987 -0.00154614 -0.00488813 0.00360149 0.0015491 0.999999 0.000601786 -0.00735516 0.00488719 -0.000609351 0.999988 0.49139 
132
82
685.981
1 -0.000818495 -1.65183e-05 0.00285829 0.000818466 0.999998 -0.00170658 -0.000575715 1.79151e-05 0.00170657 0.999999 0.488343 
122
82
582.473
0.999998 -2.50415e-05 0.00221432 0.00397378 2.7857e-05 0.999999 -0.00127149 0.0061182 -0.00221428 0.00127154 0.999997 0.498295 
114
70
497.973
0.999989 -0.00156728 -0.00441862 -2.03005e-05 0.00157164 0.999998 0.000982344 0.000818468 0.00441708 -0.000989277 0.99999 0.492431 
129
87
798.616
0.999997 0.000370287 0.00245914 0.0039634 -0.000365503 0.999998 -0.00194564 -0.000190252 -0.00245985 0.00194474 0.999995 0.486874 
126
66
679.314
0.999998 -0.00140446 -0.00149234 0.00360282 0.00140204 0.999998 -0.00161978 0.00204656 0.00149461 0.00161768 0.999998 0.485794 
124
85
615.292
0.999999 -0.000889543 -0.000794512 -0.00138081 0.000889669 1 0.000158606 -0.00170255 0.00079437 -0.000159312 1 0.490902 
129
74
761.667
0.999999 -0.000889543 -0.000794512 -0.00138081 0.000889669 1 0.000158606 -0.00170255 0.00079437 -0.000159312 1 0.490902 
128
78
176.329
0.999997 0.00197101 0.0012117 -0.00543663 -0.00197326 0.999996 0.00186036 -0.00968009 -0.00120803 -0.00186275 0.999998 0.494232 
125
80
695.689
0.999993 -0.00116404 -0.00351222 0.00524735 0.0011577 0.999998 -0.00180653 -0.00707355 0.00351432 0.00180246 0.999992 0.487536 
124
61
630.876
0.999997 -0.000774449 -0.00217721 -0.00078128 0.000771736 0.999999 -0.00124675 0.00115563 0.00217818 0.00124506 0.999997 0.488372 
123
81
787.428
0.999983 -0.00199552 -0.00554639 -0.00159382 0.00198791 0.999997 -0.00137718 0.00279061 0.00554912 0.00136613 0.999984 0.491387 
116
74
611.523
0.999983 -0.00199552 -0.00554639 -0.00159382 0.00198791 0.999997 -0.00137718 0.00279061 0.00554912 0.00136613 0.999984 0.491387 
120
80
137.736
0.999969 -0.000800323 -0.00785809 -8.73042e-05 0.000816544 0.999998 0.00206121 -0.0106501 0.00785642 -0.00206756 0.999967 0.496171 
122
70
683.763
0.999996 -0.00105232 -0.00247805 -0.00101445 0.00105229 0.999999 -1.12109e-05 -0.00321651 0.00247806 8.60325e-06 0.999997 0.492127 
121
88
597.567
1 -0.000112182 -2.24985e-05 -0.0020771 0.00011215 0.999999 -0.0014228 -0.00467955 2.26581e-05 0.0014228 0.999999 0.486287 
119
72
635.459
0.999999 -6.75333e-05 0.00109615 0.00335552 6.98999e-05 0.999998 -0.00215907 -0.000217088 -0.001096 0.00215915 0.999997 0.479896 
122
75
634.474
0.999998 -0.000504026 -0.00181157 -0.00424377 0.000505917 0.999999 0.00104356 -0.00415894 0.00181104 -0.00104448 0.999998 0.490924 
120
79
762.583
0.999995 0.00114383 -0.00291022 -0.00325057 -0.00113057 0.999989 0.00455239 -0.00772048 0.00291539 -0.00454908 0.999985 0.494858 
121
66
749.539
