1 0 0 0 0 1 0 0 0 0 1 0 
80
66
89.3572
1 0 0 0 0 1 0 0 0 0 1 0 
80
67
89.121
0.999999 0.000400864 0.00146893 -0.0764065 -0.000402999 0.999999 0.00145289 -0.0856996 -0.00146834 -0.00145348 0.999998 1.2407 
78
60
133.98
0.999999 0.000197446 0.00113533 0.0393756 -0.000196717 1 -0.000641827 -0.0152257 -0.00113545 0.000641603 0.999999 0.555986 
76
62
58.4138
0.999996 -0.000777853 -0.00260243 0.0447581 0.000766926 0.999991 -0.00419704 -0.0018428 0.00260568 0.00419503 0.999988 0.501194 
74
54
189.243
0.999996 -0.000777853 -0.00260243 0.0447581 0.000766926 0.999991 -0.00419704 -0.0018428 0.00260568 0.00419503 0.999988 0.501194 
79
63
103.97
0.999996 -0.000777853 -0.00260243 0.0447581 0.000766926 0.999991 -0.00419704 -0.0018428 0.00260568 0.00419503 0.999988 0.501194 
78
57
99.3804
0.999999 0.00127936 -0.000269425 0.0202496 -0.00127913 0.999999 0.000844939 -0.0136798 0.000270506 -0.000844593 1 0.8075 
78
60
113.189
0.999999 0.00127936 -0.000269425 0.0202496 -0.00127913 0.999999 0.000844939 -0.0136798 0.000270506 -0.000844593 1 0.8075 
79
65
117.561
1 0.00054236 0.000745964 -0.0392291 -0.000539914 0.999994 -0.00327519 -0.0295855 -0.000747736 0.00327479 0.999994 0.767272 
79
62
90.9616
0.999983 -0.00425237 0.00394351 -0.0793468 0.00424151 0.999987 0.00275999 -0.229021 -0.0039552 -0.00274322 0.999988 0.663654 
78
61
75.5084
0.999983 -0.00425237 0.00394351 -0.0793468 0.00424151 0.999987 0.00275999 -0.229021 -0.0039552 -0.00274322 0.999988 0.663654 
78
59
111.78
0.999983 -0.00425237 0.00394351 -0.0793468 0.00424151 0.999987 0.00275999 -0.229021 -0.0039552 -0.00274322 0.999988 0.663654 
79
65
78.5658
0.999983 -0.00425237 0.00394351 -0.0793468 0.00424151 0.999987 0.00275999 -0.229021 -0.0039552 -0.00274322 0.999988 0.663654 
78
61
131.149
0.999983 -0.00425237 0.00394351 -0.0793468 0.00424151 0.999987 0.00275999 -0.229021 -0.0039552 -0.00274322 0.999988 0.663654 
79
70
81.3599
0.999983 -0.00425237 0.00394351 -0.0793468 0.00424151 0.999987 0.00275999 -0.229021 -0.0039552 -0.00274322 0.999988 0.663654 
79
56
121.558
0.999983 -0.00425237 0.00394351 -0.0793468 0.00424151 0.999987 0.00275999 -0.229021 -0.0039552 -0.00274322 0.999988 0.663654 
79
55
122.464
0.999983 -0.00425237 0.00394351 -0.0793468 0.00424151 0.999987 0.00275999 -0.229021 -0.0039552 -0.00274322 0.999988 0.663654 
79
69
81.1844
0.999983 -0.00425237 0.00394351 -0.0793468 0.00424151 0.999987 0.00275999 -0.229021 -0.0039552 -0.00274322 0.999988 0.663654 
79
65
85.7426
0.999995 -0.00202754 -0.0023632 -0.0623131 0.00203239 0.999996 0.00205075 -0.0688523 0.00235903 -0.00205554 0.999995 0.569598 
80
66
87.3684
0.999995 -0.00202754 -0.0023632 -0.0623131 0.00203239 0.999996 0.00205075 -0.0688523 0.00235903 -0.00205554 0.999995 0.569598 
79
63
121.876
0.999995 -0.00202754 -0.0023632 -0.0623131 0.00203239 0.999996 0.00205075 -0.0688523 0.00235903 -0.00205554 0.999995 0.569598 
78
64
86.2581
0.999995 -0.00202754 -0.0023632 -0.0623131 0.00203239 0.999996 0.00205075 -0.0688523 0.00235903 -0.00205554 0.999995 0.569598 
79
69
99.7713
0.999995 -0.00202754 -0.0023632 -0.0623131 0.00203239 0.999996 0.00205075 -0.0688523 0.00235903 -0.00205554 0.999995 0.569598 
83
69
94.4336
0.999995 -0.00202754 -0.0023632 -0.0623131 0.00203239 0.999996 0.00205075 -0.0688523 0.00235903 -0.00205554 0.999995 0.569598 
77
60
90.0082
0.999995 -0.00202754 -0.0023632 -0.0623131 0.00203239 0.999996 0.00205075 -0.0688523 0.00235903 -0.00205554 0.999995 0.569598 
81
61
129.831
0.999995 -0.00202754 -0.0023632 -0.0623131 0.00203239 0.999996 0.00205075 -0.0688523 0.00235903 -0.00205554 0.999995 0.569598 
83
71
78.9539
0.999995 -0.00202754 -0.0023632 -0.0623131 0.00203239 0.999996 0.00205075 -0.0688523 0.00235903 -0.00205554 0.999995 0.569598 
82
70
76.6471
0.999973 -0.00443735 -0.00588319 0.133234 0.00446923 0.999975 0.00541646 -0.207769 0.00585901 -0.0054426 0.999968 0.610239 
80
67
77.6069
0.999812 0.00427387 -0.0189218 1.15652 -0.0041073 0.999953 0.00883311 -0.456227 0.0189587 -0.00875373 0.999782 1.64347 
85
65
132.815
0.999812 0.00427387 -0.0189218 1.15652 -0.0041073 0.999953 0.00883311 -0.456227 0.0189587 -0.00875373 0.999782 1.64347 
85
72
92.1511
0.999812 0.00427387 -0.0189218 1.15652 -0.0041073 0.999953 0.00883311 -0.456227 0.0189587 -0.00875373 0.999782 1.64347 
86
73
96.234
0.999812 0.00427387 -0.0189218 1.15652 -0.0041073 0.999953 0.00883311 -0.456227 0.0189587 -0.00875373 0.999782 1.64347 
82
72
82.4046
0.999943 -0.00582041 -0.00893165 0.454342 0.0057779 0.999972 -0.00477794 -0.123933 0.00895921 0.00472606 0.999949 1.09093 
82
67
149.01
0.999943 -0.00582041 -0.00893165 0.454342 0.0057779 0.999972 -0.00477794 -0.123933 0.00895921 0.00472606 0.999949 1.09093 
85
62
118.791
0.999943 -0.00582041 -0.00893165 0.454342 0.0057779 0.999972 -0.00477794 -0.123933 0.00895921 0.00472606 0.999949 1.09093 
89
83
52.1936
0.999943 -0.00582041 -0.00893165 0.454342 0.0057779 0.999972 -0.00477794 -0.123933 0.00895921 0.00472606 0.999949 1.09093 
85
79
61.1285
0.999995 0.000500202 -0.00321528 0.0893058 -0.000486507 0.999991 0.00425868 -0.220497 0.00321738 -0.00425709 0.999986 0.539528 
87
70
114.893
0.999957 -0.00475136 -0.00790998 0.328243 0.00481146 0.99996 0.00759568 -0.487986 0.00787357 -0.00763341 0.99994 1.02513 
88
70
106.372
0.999957 -0.00475136 -0.00790998 0.328243 0.00481146 0.99996 0.00759568 -0.487986 0.00787357 -0.00763341 0.99994 1.02513 
89
75
76.8119
0.999957 -0.00475136 -0.00790998 0.328243 0.00481146 0.99996 0.00759568 -0.487986 0.00787357 -0.00763341 0.99994 1.02513 
89
75
76.3618
0.999957 -0.00475136 -0.00790998 0.328243 0.00481146 0.99996 0.00759568 -0.487986 0.00787357 -0.00763341 0.99994 1.02513 
90
80
61.4242
0.999978 0.00158161 -0.00649378 0.371335 -0.00155468 0.99999 0.00414949 -0.420208 0.00650028 -0.00413931 0.99997 0.94518 
84
60
118.042
0.999978 0.00158161 -0.00649378 0.371335 -0.00155468 0.99999 0.00414949 -0.420208 0.00650028 -0.00413931 0.99997 0.94518 
91
74
86.0228
0.999978 0.00158161 -0.00649378 0.371335 -0.00155468 0.99999 0.00414949 -0.420208 0.00650028 -0.00413931 0.99997 0.94518 
91
81
44.4723
0.999978 0.00158161 -0.00649378 0.371335 -0.00155468 0.99999 0.00414949 -0.420208 0.00650028 -0.00413931 0.99997 0.94518 
92
82
69.1705
0.999981 -0.00175696 -0.00593969 0.356061 0.00178298 0.999989 0.00437735 -0.386421 0.00593193 -0.00438786 0.999973 0.88603 
90
76
86.8847
0.999981 -0.00175696 -0.00593969 0.356061 0.00178298 0.999989 0.00437735 -0.386421 0.00593193 -0.00438786 0.999973 0.88603 
88
75
164.338
0.999981 -0.00175696 -0.00593969 0.356061 0.00178298 0.999989 0.00437735 -0.386421 0.00593193 -0.00438786 0.999973 0.88603 
90
78
135.739
0.999981 -0.00175696 -0.00593969 0.356061 0.00178298 0.999989 0.00437735 -0.386421 0.00593193 -0.00438786 0.999973 0.88603 
91
79
33.0117
0.999981 -0.00175696 -0.00593969 0.356061 0.00178298 0.999989 0.00437735 -0.386421 0.00593193 -0.00438786 0.999973 0.88603 
92
78
82.3439
0.999933 0.00404411 -0.0108094 0.62338 -0.00400016 0.999984 0.00408469 -0.554817 0.0108258 -0.00404118 0.999933 1.25835 
88
70
142.892
0.999969 -0.00359815 -0.00705396 0.208337 0.00364572 0.999971 0.00674156 -0.461883 0.00702949 -0.00676707 0.999952 1.16497 
86
63
115.769
0.999898 -0.00144626 0.0141932 -0.971867 0.00146885 0.999998 -0.00158168 -0.436867 -0.0141909 0.00160236 0.999898 1.08515 
89
72
146.217
0.99997 -0.00068422 -0.00765505 0.354766 0.000695769 0.999999 0.00150614 -0.311777 0.007654 -0.00151142 0.99997 0.798494 
92
79
73.7051
0.99997 -0.00068422 -0.00765505 0.354766 0.000695769 0.999999 0.00150614 -0.311777 0.007654 -0.00151142 0.99997 0.798494 
87
71
146.412
0.99997 -0.00068422 -0.00765505 0.354766 0.000695769 0.999999 0.00150614 -0.311777 0.007654 -0.00151142 0.99997 0.798494 
90
69
145.227
0.99997 -0.00068422 -0.00765505 0.354766 0.000695769 0.999999 0.00150614 -0.311777 0.007654 -0.00151142 0.99997 0.798494 
90
73
118.078
0.99997 -0.00068422 -0.00765505 0.354766 0.000695769 0.999999 0.00150614 -0.311777 0.007654 -0.00151142 0.99997 0.798494 
90
81
75.0602
0.99996 0.0042075 -0.00787375 0.478224 -0.00417138 0.999981 0.00459853 -0.459468 0.00789294 -0.0045655 0.999958 1.01376 
87
72
118.491
0.99996 0.0042075 -0.00787375 0.478224 -0.00417138 0.999981 0.00459853 -0.459468 0.00789294 -0.0045655 0.999958 1.01376 
89
72
101.207
0.99996 0.0042075 -0.00787375 0.478224 -0.00417138 0.999981 0.00459853 -0.459468 0.00789294 -0.0045655 0.999958 1.01376 
90
69
110.188
0.99996 0.0042075 -0.00787375 0.478224 -0.00417138 0.999981 0.00459853 -0.459468 0.00789294 -0.0045655 0.999958 1.01376 
90
77
71.2197
0.999962 0.00782451 0.00396411 0.0662302 -0.00781945 0.999969 -0.00129202 -0.0218233 -0.00397409 0.00126098 0.999991 0.989034 
91
73
113.99
0.999914 -0.0129685 0.00191966 -0.401673 0.0129638 0.999913 0.00244536 -0.386098 -0.00195121 -0.00242027 0.999995 0.759425 
91
67
127.813
0.99972 0.00461712 -0.0232062 1.19869 -0.00439086 0.999942 0.00979165 -0.0054536 0.0232501 -0.00968701 0.999683 0.00332965 
87
68
199.513
0.999912 -0.00369466 -0.0127702 0.666391 0.00384062 0.999927 0.0114244 -0.421994 0.0127271 -0.0114724 0.999853 1.13628 
86
60
117.113
0.999974 -0.00527517 -0.00498227 0.143701 0.0052986 0.999975 0.00470144 -0.522388 0.00495735 -0.00472771 0.999977 1.01413 
89
72
123.24
0.999974 -0.00527517 -0.00498227 0.143701 0.0052986 0.999975 0.00470144 -0.522388 0.00495735 -0.00472771 0.999977 1.01413 
91
77
63.3341
0.999974 -0.00527517 -0.00498227 0.143701 0.0052986 0.999975 0.00470144 -0.522388 0.00495735 -0.00472771 0.999977 1.01413 
90
73
125.688
0.999974 -0.00527517 -0.00498227 0.143701 0.0052986 0.999975 0.00470144 -0.522388 0.00495735 -0.00472771 0.999977 1.01413 
91
66
194.743
0.999279 -0.00392969 -0.0377607 -2.76761 0.00340499 0.999897 -0.0139496 -0.0761785 0.0378116 0.0138109 0.999189 0.198507 
91
74
1659.41
0.990778 -0.011916 -0.134967 0.274302 0.0149462 0.999658 0.02146 -0.00137295 0.134665 -0.0232794 0.990618 0.0030701 
21
20
737.022
0.971939 -0.00366143 -0.235203 -0.447545 0.00457906 0.999984 0.0033554 -0.0308351 0.235187 -0.00433825 0.97194 2.93108 
32
27
880.929
0.982041 0.0298056 -0.186299 -1.50374 -0.0304397 0.999536 -0.000543288 -0.186683 0.186197 0.00620442 0.982493 3.9804 
56
30
2109.27
0.995096 0.00103274 -0.0989104 -1.99145 -0.00124275 0.999997 -0.00206171 0.0337856 0.0989079 0.00217452 0.995094 -1.60428 
91
80
2433.6
0.995096 0.00103274 -0.0989104 -1.99145 -0.00124275 0.999997 -0.00206171 0.0337856 0.0989079 0.00217452 0.995094 -1.60428 
90
82
131.881
0.995096 0.00103274 -0.0989104 -1.99145 -0.00124275 0.999997 -0.00206171 0.0337856 0.0989079 0.00217452 0.995094 -1.60428 
91
83
99.1531
0.995096 0.00103274 -0.0989104 -1.99145 -0.00124275 0.999997 -0.00206171 0.0337856 0.0989079 0.00217452 0.995094 -1.60428 
90
83
94.772
0.999941 -0.00434949 -0.00996383 0.667579 0.00421559 0.999901 -0.0134207 0.00397329 0.0100212 0.0133779 0.99986 0.442775 
92
74
116.499
0.999941 -0.00434949 -0.00996383 0.667579 0.00421559 0.999901 -0.0134207 0.00397329 0.0100212 0.0133779 0.99986 0.442775 
91
74
169.213
0.999941 -0.00434949 -0.00996383 0.667579 0.00421559 0.999901 -0.0134207 0.00397329 0.0100212 0.0133779 0.99986 0.442775 
89
78
156.732
0.999941 -0.00434949 -0.00996383 0.667579 0.00421559 0.999901 -0.0134207 0.00397329 0.0100212 0.0133779 0.99986 0.442775 
89
84
128.22
0.999941 -0.00434949 -0.00996383 0.667579 0.00421559 0.999901 -0.0134207 0.00397329 0.0100212 0.0133779 0.99986 0.442775 
90
82
104.799
0.999941 -0.00434949 -0.00996383 0.667579 0.00421559 0.999901 -0.0134207 0.00397329 0.0100212 0.0133779 0.99986 0.442775 
90
81
159.048
0.999941 -0.00434949 -0.00996383 0.667579 0.00421559 0.999901 -0.0134207 0.00397329 0.0100212 0.0133779 0.99986 0.442775 
88
72
330.262
0.999941 -0.00434949 -0.00996383 0.667579 0.00421559 0.999901 -0.0134207 0.00397329 0.0100212 0.0133779 0.99986 0.442775 
90
81
89.8836
0.999941 -0.00434949 -0.00996383 0.667579 0.00421559 0.999901 -0.0134207 0.00397329 0.0100212 0.0133779 0.99986 0.442775 
88
81
167.906
0.999941 -0.00434949 -0.00996383 0.667579 0.00421559 0.999901 -0.0134207 0.00397329 0.0100212 0.0133779 0.99986 0.442775 
86
71
326.654
0.999941 -0.00434949 -0.00996383 0.667579 0.00421559 0.999901 -0.0134207 0.00397329 0.0100212 0.0133779 0.99986 0.442775 
84
73
182.37
0.999941 -0.00434949 -0.00996383 0.667579 0.00421559 0.999901 -0.0134207 0.00397329 0.0100212 0.0133779 0.99986 0.442775 
85
82
74.5603
0.999941 -0.00434949 -0.00996383 0.667579 0.00421559 0.999901 -0.0134207 0.00397329 0.0100212 0.0133779 0.99986 0.442775 
84
82
150.555
0.999941 -0.00434949 -0.00996383 0.667579 0.00421559 0.999901 -0.0134207 0.00397329 0.0100212 0.0133779 0.99986 0.442775 
84
83
108.302
0.999941 -0.00434949 -0.00996383 0.667579 0.00421559 0.999901 -0.0134207 0.00397329 0.0100212 0.0133779 0.99986 0.442775 
80
73
108.727
0.999941 -0.00434949 -0.00996383 0.667579 0.00421559 0.999901 -0.0134207 0.00397329 0.0100212 0.0133779 0.99986 0.442775 
84
74
114.543
0.999941 -0.00434949 -0.00996383 0.667579 0.00421559 0.999901 -0.0134207 0.00397329 0.0100212 0.0133779 0.99986 0.442775 
85
74
127.749
0.999941 -0.00434949 -0.00996383 0.667579 0.00421559 0.999901 -0.0134207 0.00397329 0.0100212 0.0133779 0.99986 0.442775 
83
79
76.001
0.999941 -0.00434949 -0.00996383 0.667579 0.00421559 0.999901 -0.0134207 0.00397329 0.0100212 0.0133779 0.99986 0.442775 
85
74
237.437
0.999928 -0.00490693 -0.0109591 0.763525 0.00482866 0.999963 -0.00715722 -0.0290378 0.0109938 0.00710379 0.999914 0.629365 
81
77
145.519
0.999928 -0.00490693 -0.0109591 0.763525 0.00482866 0.999963 -0.00715722 -0.0290378 0.0109938 0.00710379 0.999914 0.629365 
85
79
218.612
0.999928 -0.00490693 -0.0109591 0.763525 0.00482866 0.999963 -0.00715722 -0.0290378 0.0109938 0.00710379 0.999914 0.629365 
84
76
91.3706
0.999928 -0.00490693 -0.0109591 0.763525 0.00482866 0.999963 -0.00715722 -0.0290378 0.0109938 0.00710379 0.999914 0.629365 
83
74
154.186
0.999928 -0.00490693 -0.0109591 0.763525 0.00482866 0.999963 -0.00715722 -0.0290378 0.0109938 0.00710379 0.999914 0.629365 
80
75
107.252
0.999928 -0.00490693 -0.0109591 0.763525 0.00482866 0.999963 -0.00715722 -0.0290378 0.0109938 0.00710379 0.999914 0.629365 
78
78
160.566
0.999928 -0.00490693 -0.0109591 0.763525 0.00482866 0.999963 -0.00715722 -0.0290378 0.0109938 0.00710379 0.999914 0.629365 
79
67
134.04
0.999928 -0.00490693 -0.0109591 0.763525 0.00482866 0.999963 -0.00715722 -0.0290378 0.0109938 0.00710379 0.999914 0.629365 
79
75
130.725
0.999928 -0.00490693 -0.0109591 0.763525 0.00482866 0.999963 -0.00715722 -0.0290378 0.0109938 0.00710379 0.999914 0.629365 
78
71
181.76
0.999928 -0.00490693 -0.0109591 0.763525 0.00482866 0.999963 -0.00715722 -0.0290378 0.0109938 0.00710379 0.999914 0.629365 
78
71
159.711
1 -8.24405e-05 8.64168e-05 -0.326541 8.21788e-05 0.999995 0.00302404 0.00200811 -8.66657e-05 -0.00302404 0.999995 -0.223207 
79
66
189.737
1 -8.24405e-05 8.64168e-05 -0.326541 8.21788e-05 0.999995 0.00302404 0.00200811 -8.66657e-05 -0.00302404 0.999995 -0.223207 
78
72
57.3651
0.999994 -0.000529493 0.00337193 -0.613999 0.000515507 0.999991 0.00414747 0.00164151 -0.00337409 -0.00414571 0.999986 -0.415041 
78
70
161.857
0.999994 -0.000529493 0.00337193 -0.613999 0.000515507 0.999991 0.00414747 0.00164151 -0.00337409 -0.00414571 0.999986 -0.415041 
79
71
125.472
0.999994 -0.000529493 0.00337193 -0.613999 0.000515507 0.999991 0.00414747 0.00164151 -0.00337409 -0.00414571 0.999986 -0.415041 
79
76
114.529
0.992739 0.000218085 0.120286 1.79605 7.41221e-06 0.999998 -0.00187423 -0.0739897 -0.120286 0.00186151 0.992738 1.40238 
90
69
2693.8
0.914725 -0.050877 -0.40086 2.87981 0.198498 0.92067 0.336103 -0.121415 0.35196 -0.387012 0.852259 -0.341669 
36
20
1299.8
0.989675 -0.068723 0.125776 2.02832 0.0587528 0.994954 0.0813351 0.0198298 -0.130731 -0.0731057 0.988719 -3.20127 
26
23
684.365
0.968366 0.00814803 0.249403 -0.226626 -0.0216547 0.99844 0.0514605 0.0191576 -0.248595 -0.0552333 0.967032 0.656521 
40
22
1050.19
0.993513 0.0155615 0.11265 -0.275122 -0.0203677 0.998925 0.0416411 -0.0166715 -0.11188 -0.0436654 0.992762 0.0271434 
26
26
844.233
0.9902 -0.00511137 0.139561 0.189777 0.00506658 0.999987 0.000676234 -0.0695107 -0.139563 3.74896e-05 0.990213 1.24766 
80
66
1374.69
0.9902 -0.00511137 0.139561 0.189777 0.00506658 0.999987 0.000676234 -0.0695107 -0.139563 3.74896e-05 0.990213 1.24766 
80
68
55.6158
0.9902 -0.00511137 0.139561 0.189777 0.00506658 0.999987 0.000676234 -0.0695107 -0.139563 3.74896e-05 0.990213 1.24766 
78
71
105.568
0.999895 0.000523951 0.0144738 -0.558819 -0.000689398 0.999934 0.0114282 -0.028758 -0.0144668 -0.011437 0.99983 -0.025606 
79
69
76.5351
0.999895 0.000523951 0.0144738 -0.558819 -0.000689398 0.999934 0.0114282 -0.028758 -0.0144668 -0.011437 0.99983 -0.025606 
80
65
85.7513
0.999895 0.000523951 0.0144738 -0.558819 -0.000689398 0.999934 0.0114282 -0.028758 -0.0144668 -0.011437 0.99983 -0.025606 
78
64
148.439
0.999895 0.000523951 0.0144738 -0.558819 -0.000689398 0.999934 0.0114282 -0.028758 -0.0144668 -0.011437 0.99983 -0.025606 
78
73
57.6746
0.999895 0.000523951 0.0144738 -0.558819 -0.000689398 0.999934 0.0114282 -0.028758 -0.0144668 -0.011437 0.99983 -0.025606 
78
67
79.5681
0.999895 0.000523951 0.0144738 -0.558819 -0.000689398 0.999934 0.0114282 -0.028758 -0.0144668 -0.011437 0.99983 -0.025606 
79
65
75.709
0.999895 0.000523951 0.0144738 -0.558819 -0.000689398 0.999934 0.0114282 -0.028758 -0.0144668 -0.011437 0.99983 -0.025606 
82
63
153.625
0.999895 0.000523951 0.0144738 -0.558819 -0.000689398 0.999934 0.0114282 -0.028758 -0.0144668 -0.011437 0.99983 -0.025606 
81
70
90.3751
0.999895 0.000523951 0.0144738 -0.558819 -0.000689398 0.999934 0.0114282 -0.028758 -0.0144668 -0.011437 0.99983 -0.025606 
77
59
50.7121
0.999895 0.000523951 0.0144738 -0.558819 -0.000689398 0.999934 0.0114282 -0.028758 -0.0144668 -0.011437 0.99983 -0.025606 
81
71
119.976
0.999895 0.000523951 0.0144738 -0.558819 -0.000689398 0.999934 0.0114282 -0.028758 -0.0144668 -0.011437 0.99983 -0.025606 
81
73
79.4558
0.999895 0.000523951 0.0144738 -0.558819 -0.000689398 0.999934 0.0114282 -0.028758 -0.0144668 -0.011437 0.99983 -0.025606 
81
64
87.1266
0.999895 0.000523951 0.0144738 -0.558819 -0.000689398 0.999934 0.0114282 -0.028758 -0.0144668 -0.011437 0.99983 -0.025606 
81
71
93.1025
0.999895 0.000523951 0.0144738 -0.558819 -0.000689398 0.999934 0.0114282 -0.028758 -0.0144668 -0.011437 0.99983 -0.025606 
84
76
104.688
0.999895 0.000523951 0.0144738 -0.558819 -0.000689398 0.999934 0.0114282 -0.028758 -0.0144668 -0.011437 0.99983 -0.025606 
88
73
157.048
0.999895 0.000523951 0.0144738 -0.558819 -0.000689398 0.999934 0.0114282 -0.028758 -0.0144668 -0.011437 0.99983 -0.025606 
85
70
163.055
0.999995 -0.00310895 0.000272252 -0.0123434 0.00310752 0.999982 0.00509916 -0.154216 -0.0002881 -0.00509829 0.999987 0.364415 
87
74
116.047
0.999995 -0.00310895 0.000272252 -0.0123434 0.00310752 0.999982 0.00509916 -0.154216 -0.0002881 -0.00509829 0.999987 0.364415 
89
80
86.5219
0.999995 -0.00310895 0.000272252 -0.0123434 0.00310752 0.999982 0.00509916 -0.154216 -0.0002881 -0.00509829 0.999987 0.364415 
90
79
89.7863
0.999995 -0.00310895 0.000272252 -0.0123434 0.00310752 0.999982 0.00509916 -0.154216 -0.0002881 -0.00509829 0.999987 0.364415 
89
71
71.1188
0.999979 0.0057319 0.00290746 0.108603 -0.00573656 0.999982 0.00159803 0.043088 -0.00289825 -0.00161468 0.999994 0.967842 
84
65
124.274
0.999979 0.0057319 0.00290746 0.108603 -0.00573656 0.999982 0.00159803 0.043088 -0.00289825 -0.00161468 0.999994 0.967842 
92
73
157.254
0.999979 0.0057319 0.00290746 0.108603 -0.00573656 0.999982 0.00159803 0.043088 -0.00289825 -0.00161468 0.999994 0.967842 
87
65
98.1487
0.999979 0.0057319 0.00290746 0.108603 -0.00573656 0.999982 0.00159803 0.043088 -0.00289825 -0.00161468 0.999994 0.967842 
87
73
138.725
0.999979 0.0057319 0.00290746 0.108603 -0.00573656 0.999982 0.00159803 0.043088 -0.00289825 -0.00161468 0.999994 0.967842 
92
76
111.785
0.999979 0.0057319 0.00290746 0.108603 -0.00573656 0.999982 0.00159803 0.043088 -0.00289825 -0.00161468 0.999994 0.967842 
90
73
161.455
0.999963 -0.00202429 -0.00835009 0.128612 0.0019835 0.999986 -0.00489128 0.00464302 0.00835987 0.00487453 0.999953 0.657907 
95
76
150.23
0.999965 -0.000956196 -0.00825715 0.200959 0.00093815 0.999997 -0.00218909 0.0379933 0.00825922 0.00218127 0.999964 0.747936 
89
71
104.994
0.999994 0.0028549 0.00205569 0.04535 -0.00285494 0.999996 1.86392e-05 0.0241438 -0.00205562 -2.4508e-05 0.999998 0.740804 
92
78
207.022
0.999997 -0.00180987 -0.00178335 0.0378293 0.00181182 0.999998 0.00109236 0.0147123 0.00178137 -0.00109558 0.999998 0.653068 
92
75
158.981
0.926949 0.0545646 0.371198 -3.14119 -0.059424 0.998231 0.00165671 -0.140682 -0.370451 -0.0235938 0.928552 9.37486 
39
29
1450.29
0.999865 0.00438347 0.0158156 -3.48332 -0.00353225 0.998564 -0.0534534 0.444538 -0.0160272 0.0533903 0.998445 -3.77235 
31
23
352.521
0.983617 0.0593134 0.170233 -0.0684798 -0.0575441 0.998226 -0.0153132 0.165639 -0.170839 0.00526644 0.985285 3.81708 
32
24
838.25
0.99417 -0.0262794 -0.104576 2.47817 0.0394457 0.991259 0.125899 0.104183 0.100353 -0.12929 0.986516 -0.18286 
25
23
588.175
0.987319 -0.0818718 0.136007 0.876496 0.0793706 0.996563 0.0237218 -0.138306 -0.137481 -0.012626 0.990424 -3.18229 
32
22
1202.21
0.966058 -0.250486 -0.0631611 -0.312773 0.250399 0.968097 -0.00940408 0.186973 0.0635017 -0.00673064 0.997959 -0.746517 
31
18
1213.48
0.981909 -0.0191909 0.188376 0.854482 0.018228 0.99981 0.00684232 -0.62435 -0.188471 -0.00328481 0.982073 1.82713 
77
66
2741.3
0.999985 -0.00160776 -0.0052589 0.16035 0.0016143 0.999998 0.00123934 -0.157875 0.0052569 -0.00124781 0.999985 0.484101 
91
72
161.213
0.9848 -0.0112191 0.17333 0.00904271 0.0117147 0.99993 -0.00183655 0.25617 -0.173297 0.00383915 0.984862 -0.129737 
91
67
3344.33
0.9848 -0.0112191 0.17333 0.00904271 0.0117147 0.99993 -0.00183655 0.25617 -0.173297 0.00383915 0.984862 -0.129737 
90
76
118.759
0.9848 -0.0112191 0.17333 0.00904271 0.0117147 0.99993 -0.00183655 0.25617 -0.173297 0.00383915 0.984862 -0.129737 
91
80
136.69
0.9848 -0.0112191 0.17333 0.00904271 0.0117147 0.99993 -0.00183655 0.25617 -0.173297 0.00383915 0.984862 -0.129737 
91
74
90.4912
0.9848 -0.0112191 0.17333 0.00904271 0.0117147 0.99993 -0.00183655 0.25617 -0.173297 0.00383915 0.984862 -0.129737 
91
72
141.443
0.9848 -0.0112191 0.17333 0.00904271 0.0117147 0.99993 -0.00183655 0.25617 -0.173297 0.00383915 0.984862 -0.129737 
91
70
189.989
0.999995 -0.00220862 -0.00233652 0.0804554 0.00216266 0.999808 -0.0194904 0.724644 0.00237912 0.0194853 0.999807 -0.212053 
91
67
216.043
0.999995 -0.00220862 -0.00233652 0.0804554 0.00216266 0.999808 -0.0194904 0.724644 0.00237912 0.0194853 0.999807 -0.212053 
90
78
213.731
0.999995 -0.00220862 -0.00233652 0.0804554 0.00216266 0.999808 -0.0194904 0.724644 0.00237912 0.0194853 0.999807 -0.212053 
87
71
95.4475
0.999995 -0.00220862 -0.00233652 0.0804554 0.00216266 0.999808 -0.0194904 0.724644 0.00237912 0.0194853 0.999807 -0.212053 
86
69
134.934
0.999924 -0.00478225 -0.0113642 0.372727 0.00477781 0.999988 -0.000417505 0.0501481 0.0113661 0.000363177 0.999935 1.08227 
86
61
190.605
0.999969 -0.000220711 0.00792208 -0.62541 0.000281091 0.999971 -0.00762139 0.132839 -0.00792017 0.00762337 0.99994 1.68818 
90
66
162.132
0.999984 -0.0032626 -0.00463302 0.149777 0.00324324 0.999986 -0.00418028 0.0886524 0.00464659 0.00416519 0.999981 1.13535 
95
63
206.517
0.999875 -0.00515574 0.0149323 -0.965936 0.00523881 0.999971 -0.0055298 0.0343428 -0.0149033 0.00560734 0.999873 2.29567 
97
72
190.265
0.999875 -0.00515574 0.0149323 -0.965936 0.00523881 0.999971 -0.0055298 0.0343428 -0.0149033 0.00560734 0.999873 2.29567 
96
75
159.133
0.999996 -0.00190174 -0.00202533 0.0258846 0.00190218 0.999998 0.000214876 -0.00777192 0.00202491 -0.000218727 0.999998 0.358012 
96
77
214.328
0.999703 -0.000989988 -0.0243475 0.510814 0.001203 0.999961 0.00873585 0.0207394 0.0243379 -0.00876255 0.999665 0.183044 
101
70
261.116
0.999196 -0.0112155 -0.0384847 0.693143 0.0107341 0.999862 -0.012692 0.0130744 0.0386217 0.0122687 0.999179 0.331029 
103
80
294.089
0.999864 -0.00963817 -0.0133797 0.200328 0.00962755 0.999953 -0.000857759 0.0592343 0.0133873 0.000728828 0.99991 0.823077 
107
77
267.152
0.999966 -0.000761619 0.00822492 -0.205992 0.000686185 0.999958 0.00917035 -0.0184199 -0.00823156 -0.00916439 0.999924 0.254041 
105
69
198.902
0.99998 -0.00369085 -0.00521513 6.52391e-05 0.00367033 0.999986 -0.00393828 0.0831728 0.00522959 0.00391906 0.999979 0.959913 
108
73
294.318
0.99998 -0.00369085 -0.00521513 6.52391e-05 0.00367033 0.999986 -0.00393828 0.0831728 0.00522959 0.00391906 0.999979 0.959913 
108
74
188.324
0.999995 -0.00312593 -0.000978194 -0.0519134 0.00312405 0.999993 -0.00191696 0.0327502 0.00098418 0.0019139 0.999998 0.686298 
108
75
314.269
0.99996 -0.0061836 -0.00644453 0.055023 0.00617986 0.999981 -0.00059954 0.0187052 0.00644811 0.00055969 0.999979 0.395675 
109
76
261.615
0.999948 -0.00243957 -0.00992359 0.161073 0.00242772 0.999996 -0.00120513 0.0116782 0.0099265 0.00118097 0.99995 0.605158 
108
79
272.282
0.999996 0.00142578 -0.00239713 0.0526343 -0.00143288 0.999995 -0.00296565 0.0178259 0.00239289 0.00296907 0.999993 0.655919 
103
75
276.497
0.999999 -0.000185615 0.00167308 -0.0778372 0.000191961 0.999993 -0.00379392 0.0334907 -0.00167236 0.00379423 0.999991 0.482864 
104
78
224.608
0.999989 0.00231414 -0.00414524 0.0510375 -0.00232514 0.999994 -0.00265133 0.0761151 0.00413908 0.00266094 0.999988 0.634828 
101
85
214.37
0.999992 0.00370703 0.00148691 0.0195117 -0.00370769 0.999993 0.000437068 0.0313036 -0.00148528 -0.000442578 0.999999 0.596505 
98
78
226.692
0.999992 0.00234082 -0.00316113 0.0260687 -0.00235117 0.999992 -0.00327178 8.00454e-05 0.00315344 0.00327918 0.99999 0.359606 
105
87
217.928
0.999972 0.00724362 0.00198427 0.117633 -0.00722661 0.999938 -0.0084465 0.145208 -0.00204533 0.00843192 0.999962 1.54309 
109
79
259.197
0.99999 0.00161163 -0.00414693 0.0900657 -0.00161776 0.999998 -0.00147635 0.0258773 0.00414454 0.00148304 0.99999 0.697164 
112
86
285.808
0.999865 0.00366368 -0.0160418 0.186763 -0.0037982 0.999958 -0.00836284 0.180834 0.0160105 0.00842263 0.999836 0.92333 
111
75
340.296
1 -0.000450838 -3.35445e-05 -0.00243176 0.000450863 1 0.000756183 0.00715762 3.32036e-05 -0.000756198 1 0.349755 
111
83
316.661
0.999996 0.00100698 -0.00246313 0.0124887 -0.00101297 0.999997 -0.00243084 -0.0116512 0.00246067 0.00243333 0.999994 0.334163 
112
81
356.751
0.999992 0.000424646 -0.00392006 0.0358477 -0.000435843 0.999996 -0.0028559 -0.00300432 0.00391883 0.00285759 0.999988 0.383788 
110
72
434.557
0.999969 -0.00232481 -0.00751975 0.0612788 0.00232718 0.999997 0.00030708 -0.00271489 0.00751901 -0.00032457 0.999972 0.36442 
109
72
470.306
0.999975 0.00693601 0.00122139 0.107041 -0.00693704 0.999976 0.000840462 0.0744242 -0.00121553 -0.000848914 0.999999 1.34235 
108
65
461.284
0.999958 0.00503528 -0.00768163 0.128506 -0.00506956 0.999977 -0.0044504 0.0992864 0.00765904 0.00448916 0.999961 1.12009 
103
59
411.452
0.998858 0.037546 -0.0295623 -0.0527405 -0.0392 0.997575 -0.0575148 0.886432 0.0273312 0.0586079 0.997907 0.583195 
106
60
666.875
0.997825 0.0198699 -0.0628526 -0.0561614 -0.0228725 0.998613 -0.0474186 0.985776 0.0618232 0.0487531 0.996896 0.117661 
108
64
704.188
