1 0.000712591 -0.000329724 -0.00560751 -0.00071281 1 -0.000664008 0.00483996 0.000329251 0.000664243 1 0.36145 
137
74
364.861
0.999998 -0.000369344 -0.00193554 0.000143845 0.000370332 1 0.000509828 -0.0084692 0.00193535 -0.000510544 0.999998 0.446439 
127
71
261.667
1 -0.000469386 -0.000638322 -0.00862689 0.0004701 0.999999 0.00111962 0.00702041 0.000637796 -0.00111992 0.999999 0.454269 
127
76
313.492
0.99994 0.000115257 -0.0109787 -0.0021692 -0.000121216 1 -0.000542069 -0.0106415 0.0109787 0.000543367 0.99994 0.46476 
133
74
365.904
0.999981 -0.00061319 -0.00620371 -0.000443499 0.000601784 0.999998 -0.00184026 -0.012012 0.00620482 0.00183649 0.999979 0.470218 
134
62
455.617
1 -0.000524357 0.00012829 -0.0022164 0.00052474 0.999995 -0.00300981 0.0036489 -0.000126711 0.00300987 0.999995 0.439496 
126
73
348.522
0.999995 -0.000634496 0.00318588 0.00278907 0.000651752 0.999985 -0.00541819 -0.00898816 -0.0031824 0.00542024 0.99998 0.445067 
137
83
494.106
0.999996 -0.00120616 -0.00264785 0.000750766 0.0012181 0.999989 0.0045102 -0.0019378 0.00264238 -0.0045134 0.999986 0.500107 
132
71
297.213
0.999989 0.000960318 0.00460413 0.0119688 -0.000947332 0.999996 -0.00282195 0.00137457 -0.00460682 0.00281756 0.999985 0.462477 
129
68
242.968
0.981758 0.0292379 -0.187873 0.0849609 -0.0314769 0.999464 -0.0089446 0.062009 0.187511 0.0146951 0.982153 -0.153433 
133
33
589.668
0.981758 0.0292379 -0.187873 0.0849609 -0.0314769 0.999464 -0.0089446 0.062009 0.187511 0.0146951 0.982153 -0.153433 
128
53
699.273
0.981758 0.0292379 -0.187873 0.0849609 -0.0314769 0.999464 -0.0089446 0.062009 0.187511 0.0146951 0.982153 -0.153433 
134
50
760.903
0.988599 0.00656896 -0.150429 -0.035407 -0.00587262 0.99997 0.00507278 -0.00332714 0.150458 -0.00413153 0.988608 0.149943 
132
44
683.537
0.999931 -0.00450816 -0.0108708 0.0174667 0.00445492 0.999978 -0.00491703 -0.0156223 0.0108927 0.00486826 0.999929 0.45575 
125
48
439.001
0.999823 0.0172163 -0.00754333 -0.0519585 -0.0172011 0.99985 0.00207385 -0.0121535 0.00757791 -0.00194373 0.999969 0.475678 
120
37
331.928
0.999905 0.00204407 0.0136312 0.0104766 -0.00215649 0.999964 0.00823793 -0.00861597 -0.0136138 -0.00826654 0.999873 0.541167 
120
41
309.996
0.999889 0.00827639 0.0123625 -0.0521813 -0.00821175 0.999952 -0.00527101 -0.0155071 -0.0124055 0.0051689 0.99991 0.435869 
133
39
621.541
0.999763 0.00668658 -0.0207089 -0.00301869 -0.00662109 0.999973 0.00322938 -0.0286482 0.02073 -0.0030915 0.99978 0.457772 
134
46
510.522
0.999984 -0.00448539 -0.00353289 0.00988483 0.00447425 0.999985 -0.0031524 -0.012725 0.00354697 0.00313654 0.999989 0.466071 
139
49
633.432
0.999995 0.00227918 -0.00210022 -0.0147432 -0.00228374 0.999995 -0.00217129 -0.00861757 0.00209526 0.00217608 0.999995 0.477615 
140
56
645.222
0.999996 -0.00135735 -0.00267271 -0.00970159 0.00134938 0.999995 -0.00298284 -0.0185487 0.00267674 0.00297922 0.999992 0.475244 
139
57
662.538
0.999961 0.00764716 -0.0043697 -0.00137189 -0.00767671 0.999948 -0.00678627 -0.00257141 0.00431757 0.00681956 0.999967 0.454836 
137
43
562.601
0.999994 -0.001525 -0.0031372 0.00259002 0.00150717 0.999983 -0.0056763 -0.013881 0.00314581 0.00567154 0.999979 0.460322 
139
57
537.807
0.999995 0.00291118 -0.000888847 -0.00339425 -0.00291543 0.999984 -0.00482042 -0.0158861 0.0008748 0.00482299 0.999988 0.462509 
143
49
486.131
0.99999 -0.00389692 -0.00221232 0.014009 0.00389513 0.999992 -0.000813344 0.0194046 0.00221548 0.000804718 0.999997 0.48818 
131
45
399.721
0.99997 -0.0034237 0.00701626 -0.0432739 0.00335081 0.999941 0.0103735 -0.0233839 -0.00705136 -0.0103496 0.999922 0.476527 
131
48
390.716
0.999995 -0.000196461 -0.00304649 -0.0173886 0.000196282 1 -5.89398e-05 0.00191922 0.0030465 5.83415e-05 0.999995 0.463191 
141
47
555.373
0.983397 0.00227055 -0.181451 -0.0515032 -0.00166575 0.999993 0.00348545 0.00256253 0.181457 -0.00312533 0.983394 0.0483668 
134
44
678.574
0.983397 0.00227055 -0.181451 -0.0515032 -0.00166575 0.999993 0.00348545 0.00256253 0.181457 -0.00312533 0.983394 0.0483668 
125
55
739.409
0.984066 0.0080572 -0.177621 -0.0135394 -0.0107074 0.999845 -0.0139673 0.00842766 0.177481 0.0156466 0.984 0.0462235 
129
49
743.812
0.999987 0.00361578 0.00354679 -0.00624548 -0.00364531 0.999958 0.00835567 0.00620882 -0.00351643 -0.0083685 0.999959 0.492296 
119
51
354.177
0.999986 -0.00190743 0.00485147 -0.00178472 0.00191627 0.999997 -0.0018177 -0.0135795 -0.00484798 0.00182698 0.999987 0.46294 
137
62
517.669
0.999994 -0.000214578 0.00347918 0.00151882 0.000206436 0.999997 0.00234039 -0.00674036 -0.00347967 -0.00233966 0.999991 0.470538 
135
69
499.721
0.999992 0.000775636 0.00391356 -0.00440802 -0.000777122 1 0.000378297 -0.000966908 -0.00391327 -0.000381335 0.999992 0.455623 
139
68
489.478
1 -0.000828974 -0.000472774 -0.00294233 0.000829518 0.999999 0.0011516 -0.00550026 0.000471819 -0.001152 0.999999 0.46537 
126
66
380.859
0.999987 0.00407397 0.00295116 0.000105296 -0.00406206 0.999984 -0.0040311 -0.00455708 -0.00296754 0.00401907 0.999988 0.455441 
128
58
505.789
0.999999 -0.00125039 -0.000905738 0.00191784 0.00125039 0.999999 8.04382e-07 -0.00511229 0.000905737 -1.93691e-06 1 0.4528 
139
67
466.59
0.999936 0.00152864 -0.0111737 -0.00590892 -0.00142781 0.999958 0.00902679 0.00503447 0.0111871 -0.00901026 0.999897 0.473976 
139
53
512.605
0.999997 -0.00179635 0.00172228 -0.020027 0.00179695 0.999998 -0.000345905 0.00841034 -0.00172165 0.000348999 0.999998 0.466999 
139
47
475.647
1 -0.00015186 0.000152423 -0.016064 0.000151699 0.999999 0.00105241 -0.00288141 -0.000152583 -0.00105239 0.999999 0.453372 
138
49
468.236
0.999973 0.000685633 -0.0073459 -0.0109574 -0.000706789 0.999996 -0.00287776 -0.00160919 0.0073439 0.00288287 0.999969 0.457465 
137
49
466.526
1 -0.000126486 -0.000109349 0.000534043 0.000126201 0.999997 -0.00259788 0.00688756 0.000109677 0.00259786 0.999997 0.45541 
141
57
493.646
0.999961 -0.00604275 -0.00637778 -0.0262814 0.0060009 0.99996 -0.00656192 0.0334824 0.00641718 0.00652339 0.999958 0.471018 
131
39
451.489
0.99999 -0.00281611 0.00361434 -0.00320284 0.00281534 0.999996 0.000218333 -0.000188335 -0.00361494 -0.000208155 0.999993 0.46435 
129
51
447.958
0.999975 -0.00604031 0.00363669 -0.00558439 0.00603135 0.999979 0.00246855 -0.0581634 -0.00365152 -0.00244655 0.99999 0.452696 
141
44
536.922
0.999989 -0.00479188 0.00014904 0.000803758 0.00479202 0.999988 -0.000949788 -0.0265947 -0.000144487 0.000950492 1 0.469234 
134
46
437.818
0.999853 -0.00921381 -0.0144635 -0.00857015 0.00929861 0.99994 0.00580679 -0.00929778 0.0144091 -0.00594042 0.999879 0.47344 
128
46
409.836
0.999936 -0.000990426 0.0112321 0.00564536 0.000991135 1 -5.74915e-05 -0.00188321 -0.011232 6.86203e-05 0.999937 0.446572 
127
47
405.348
0.999997 0.00109059 0.00216889 0.00632032 -0.00108716 0.999998 -0.00158565 -0.0128787 -0.00217062 0.00158329 0.999996 0.448945 
122
47
384.406
0.999997 -0.00207708 -0.00138948 0.0190707 0.00206779 0.999976 -0.00665871 -0.0109935 0.00140328 0.00665581 0.999977 0.447647 
113
54
428.241
1 -0.000281553 -0.000316913 -0.00308184 0.000282428 0.999996 0.00276481 -0.00260121 0.000316133 -0.0027649 0.999996 0.471016 
127
53
625.498
0.999916 -0.00395516 -0.0123284 0.0266154 0.00397757 0.99999 0.00179338 -0.00229008 0.0123212 -0.00184227 0.999922 0.48144 
131
50
362.659
0.999998 0.0017839 -0.000787321 0.0227379 -0.00178536 0.999997 -0.00185937 0.0197858 0.000784002 0.00186077 0.999998 0.447323 
132
51
555.66
0.999675 0.00964612 -0.0236038 0.00885796 -0.00957384 0.999949 0.0031733 -0.0146767 0.0236332 -0.00294629 0.999716 0.468234 
138
44
408.326
0.999962 -0.00746297 -0.00445271 0.00488229 0.0074616 0.999972 -0.000324987 0.00693384 0.00445501 0.000291751 0.99999 0.447953 
131
56
294.523
0.999986 -0.00243892 0.00467215 -0.0241695 0.00243978 0.999997 -0.000177342 -0.00132508 -0.00467171 0.000188739 0.999989 0.469117 
123
52
332.033
0.999985 -0.00267424 -0.00478066 -0.017962 0.00267285 0.999996 -0.000297345 -0.00175396 0.00478144 0.000284562 0.999989 0.459897 
120
51
266.069
0.999992 0.000812215 0.00387051 0.00371983 -0.000823577 0.999995 0.00293482 -0.00309954 -0.0038681 -0.00293798 0.999988 0.465272 
125
54
531.888
0.999879 0.00375566 0.0150777 -0.0232985 -0.00379579 0.999989 0.0026339 -0.0120324 -0.0150677 -0.00269081 0.999883 0.488443 
117
48
253.796
0.999938 -0.00622326 -0.00919495 0.0142781 0.00622211 0.999981 -0.000154146 -0.00141867 0.00919574 9.69247e-05 0.999958 0.457426 
132
50
454.623
0.999982 0.0032714 0.00505944 0.0212917 -0.00327991 0.999993 0.00167368 -0.0234591 -0.00505393 -0.00169024 0.999986 0.421903 
128
52
302.423
0.996927 -0.00438677 0.0782164 -0.00154433 0.00364606 0.999947 0.00961035 -0.0227682 -0.0782545 -0.00929563 0.99689 0.308249 
122
46
471.323
0.996927 -0.00438677 0.0782164 -0.00154433 0.00364606 0.999947 0.00961035 -0.0227682 -0.0782545 -0.00929563 0.99689 0.308249 
127
52
692.465
0.996927 -0.00438677 0.0782164 -0.00154433 0.00364606 0.999947 0.00961035 -0.0227682 -0.0782545 -0.00929563 0.99689 0.308249 
125
55
711.309
0.977281 -0.00960461 0.211729 -0.0616198 0.00818049 0.999938 0.0076011 0.049538 -0.211788 -0.00569637 0.977299 0.190634 
126
45
654.053
0.99982 -0.0154097 0.0110675 0.0283414 0.0154205 0.999881 -0.000886867 -0.0336606 -0.0110525 0.00105737 0.999938 0.36077 
128
47
338.258
0.999965 -0.00109549 0.00826711 -0.00281534 0.0011125 0.999997 -0.00205281 0.00980785 -0.00826484 0.00206194 0.999964 0.447438 
121
43
512.895
0.999928 0.0119406 0.00101082 -0.030471 -0.0119406 0.999929 -4.32146e-05 0.00386984 -0.00101127 3.11417e-05 0.999999 0.469582 
114
37
352.654
0.999836 0.00345896 -0.017766 0.000606097 -0.00343312 0.999993 0.00148477 -0.00607573 0.017771 -0.00142354 0.999841 0.463993 
127
46
521.479
0.999961 -0.00698146 -0.00547695 0.00426099 0.00696434 0.999971 -0.00314024 -0.0158591 0.00549872 0.00310198 0.99998 0.454037 
132
55
552.142
0.999983 0.00516906 -0.00257901 0.00336083 -0.0051688 0.999987 0.000109082 -0.00667859 0.00257954 -9.57495e-05 0.999997 0.451212 
139
49
579.319
0.999911 -0.00183177 0.0132022 -0.00573235 0.00164529 0.999899 0.0141224 0.0178539 -0.0132267 -0.0140994 0.999813 0.463074 
141
45
634.185
0.999989 0.00352713 0.00323953 -0.00520841 -0.00351661 0.999989 -0.00324871 -0.0125341 -0.00325095 0.00323728 0.999989 0.449223 
142
58
537.645
0.999994 -0.00225992 -0.00246699 0.000332591 0.00226044 0.999997 0.00020444 -0.00292643 0.00246653 -0.000210015 0.999997 0.456885 
143
59
648.817
0.999962 0.00410967 0.00774432 -0.00792814 -0.0040961 0.99999 -0.0017679 0.00524602 -0.00775151 0.00173611 0.999968 0.456092 
148
57
527.742
0.999998 0.00030814 0.00197371 -0.00740126 -0.000291223 0.999963 -0.00856538 -0.0145115 -0.00197628 0.00856479 0.999961 0.448571 
147
55
683.563
0.999997 -0.000568985 0.00251313 -0.000531945 0.000562903 0.999997 0.00242022 -0.00347775 -0.0025145 -0.0024188 0.999994 0.461257 
149
59
637.887
0.999945 0.00983995 0.00355114 -0.0163443 -0.00983862 0.999952 -0.00039284 -0.018045 -0.00355483 0.00035788 0.999994 0.448238 
148
58
548.702
0.999999 0.000786465 0.00147172 -0.0171199 -0.000792964 0.99999 0.00442073 -0.00139437 -0.00146823 -0.00442189 0.999989 0.488919 
141
59
268.222
0.999978 0.000609585 0.00654254 0.000534304 -0.000600689 0.999999 -0.00136149 -0.011873 -0.00654336 0.00135753 0.999978 0.453124 
149
63
495.336
0.999983 -0.00118218 0.00562504 -0.00049568 0.00117923 0.999999 0.000526228 0.00762044 -0.00562566 -0.000519586 0.999984 0.461097 
148
61
545.783
0.999955 0.0050032 0.00807283 0.00216536 -0.00496605 0.999977 -0.00461481 0.0178661 -0.00809574 0.00457452 0.999957 0.459423 
139
47
461.958
0.994373 -0.005926 0.105766 -0.0083524 0.005746 0.999981 0.00200656 0.0123405 -0.105776 -0.00138753 0.994389 0.209139 
141
49
523.168
0.998909 0.00601074 0.0463064 0.00282578 -0.00587725 0.999978 -0.00301843 -0.000689163 -0.0463235 0.00274298 0.998923 0.340342 
141
55
472.893
0.99997 -0.000816658 0.00767271 0.00414811 0.000812312 1 0.000569439 -0.0165088 -0.00767317 -0.000563189 0.99997 0.451072 
144
60
474.9
0.99982 -0.014105 -0.0127166 0.0268872 0.0141021 0.999901 -0.000318653 -0.0211362 0.0127198 0.000139266 0.999919 0.449005 
145
52
566.426
0.999994 0.00269165 0.00239139 -0.0117744 -0.00268461 0.999992 -0.00294229 -0.0227423 -0.00239929 0.00293585 0.999993 0.440158 
150
56
572.886
0.999777 0.00067513 0.021104 0.00939007 -0.000780591 0.999987 0.00498937 -0.0036867 -0.0211004 -0.00500473 0.999765 0.468288 
150
50
677.432
0.999949 -0.0063079 -0.0079219 0.00929253 0.00631469 0.99998 0.000832474 -0.0378517 0.00791649 -0.000882456 0.999968 0.445447 
150
63
405.339
0.999974 -0.00197858 -0.00699702 -0.00270177 0.00203781 0.999962 0.00846846 0.0179964 0.00698 -0.00848249 0.99994 0.474549 
150
63
640.609
0.999924 -0.0120881 0.00259788 0.0213893 0.0120972 0.999921 -0.00352463 -0.0189777 -0.00255507 0.00355579 0.99999 0.459788 
149
49
616.68
0.999993 0.00266551 0.00270505 -0.0225479 -0.00260098 0.999718 -0.023585 -0.0235815 -0.00276715 0.0235778 0.999718 0.42873 
150
46
480.808
0.999996 0.00122686 -0.0023703 0.00767044 -0.00125777 0.999914 -0.0130835 0.00535852 0.00235404 0.0130864 0.999912 0.444918 
150
52
592.946
0.999982 -0.00340421 -0.00484571 0.00972324 0.00343238 0.999977 0.00581695 -0.00716156 0.00482579 -0.00583348 0.999971 0.458237 
150
46
675.285
0.999998 -0.00207234 0.000254017 0.00299437 0.00206296 0.999466 0.0326023 -0.00911244 -0.000321445 -0.0326017 0.999468 0.467613 
150
51
637.662
