0.99999 -0.000675028 0.00434571 -0.00423253 0.00067967 0.999999 -0.00106673 -0.00670047 -0.00434498 0.00106967 0.99999 0.346436 
142
87
749.962
0.999992 0.00287568 -0.00273025 -0.0057752 -0.00286842 0.999992 0.00265765 0.0026779 0.00273787 -0.0026498 0.999993 0.486557 
125
82
592.37
0.999997 -0.00246524 -0.000804711 -0.00296458 0.00246933 0.999984 0.00512153 -0.00980312 0.000792073 -0.0051235 0.999987 0.461595 
133
70
800.083
0.999996 0.00272506 0.00121155 -0.00642255 -0.00272725 0.999995 0.00180731 -0.00014371 -0.00120662 -0.00181061 0.999998 0.46828 
131
72
791.071
0.999997 0.00222572 0.00113998 -0.00130871 -0.002224 0.999996 -0.00151426 -0.0155841 -0.00114335 0.00151172 0.999998 0.444713 
141
84
994.926
0.999998 -0.00109686 -0.0019389 0.00564779 0.00109242 0.999997 -0.00228867 -0.00226661 0.0019414 0.00228655 0.999996 0.432623 
139
76
938.22
0.999998 -0.00111216 0.00146201 0.000100976 0.00111289 0.999999 -0.000493154 -0.00284002 -0.00146146 0.00049478 0.999999 0.464366 
135
70
701.022
0.999986 -0.00518446 0.000940052 -0.00383592 0.00518627 0.999985 -0.00193446 -0.0112954 -0.000930009 0.00193931 0.999998 0.46153 
124
61
586.881
0.99999 0.00133923 -0.00417305 -0.00255959 -0.00133865 0.999999 0.000141391 0.000874795 0.00417324 -0.000135803 0.999991 0.498197 
135
63
855.796
0.984731 0.0012057 -0.17408 0.0098687 -0.00167923 0.999995 -0.00257293 0.00363806 0.174076 0.00282596 0.984728 0.0966907 
139
77
1953.56
0.984731 0.0012057 -0.17408 0.0098687 -0.00167923 0.999995 -0.00257293 0.00363806 0.174076 0.00282596 0.984728 0.0966907 
139
85
1790.81
0.984731 0.0012057 -0.17408 0.0098687 -0.00167923 0.999995 -0.00257293 0.00363806 0.174076 0.00282596 0.984728 0.0966907 
138
83
1928.2
0.988418 0.00451354 -0.151691 -0.0260211 -0.00421122 0.999988 0.00231418 -0.00663668 0.151699 -0.00164857 0.988425 0.136224 
141
67
2049.35
0.999931 -0.0114891 -0.00237539 0.0377195 0.0114908 0.999934 0.000689112 -0.0149689 0.00236732 -0.000716359 0.999997 0.475566 
120
56
616.516
0.999853 -0.0143917 0.00929142 0.0421761 0.0144563 0.999872 -0.00692353 0.025894 -0.00919059 0.00705683 0.999933 0.461105 
132
56
943.706
0.999661 0.0149668 0.0212858 -0.0484726 -0.0148375 0.999871 -0.0062169 0.0236872 -0.0213761 0.00589897 0.999754 0.455162 
132
54
1022.18
0.999655 -0.026166 -0.00207381 0.0340261 0.0261593 0.999653 -0.00320533 0.00789097 0.00215697 0.00314998 0.999993 0.462095 
132
56
881.359
0.999697 -0.0139122 -0.0203093 0.0594966 0.0138781 0.999902 -0.00181963 0.0327281 0.0203327 0.00153723 0.999792 0.481512 
129
46
1028.54
0.999662 -0.00933724 -0.0242824 0.0477825 0.00932059 0.999956 -0.000798656 0.0123964 0.0242888 0.00057206 0.999705 0.498639 
128
51
1066.89
1 0.000890148 -1.56466e-05 -0.00574435 -0.00089023 0.999979 -0.00644802 0.0233307 9.90656e-06 0.00644803 0.999979 0.464033 
138
53
1231.18
0.999946 -0.00790682 0.00677636 -0.28478 0.00789538 0.999967 0.00171198 -0.078462 -0.00678968 -0.00165838 0.999976 0.393379 
126
47
618.291
0.999875 0.00598595 0.0146396 -0.0417032 -0.0060036 0.999981 0.00116192 -0.000926279 -0.0146323 -0.00124967 0.999892 0.456598 
117
49
716.664
0.999991 0.00232357 -0.00363683 -0.00259376 -0.00234578 0.999979 -0.00611321 0.0282076 0.00362254 0.00612168 0.999975 0.476143 
123
62
790.993
0.999958 -0.000472711 0.00909941 -0.063676 0.000514062 0.99999 -0.00454255 0.00650782 -0.00909717 0.00454704 0.999948 0.464869 
116
46
783.317
0.99988 0.00612966 0.0142562 -0.0469634 -0.00597895 0.999926 -0.0105903 0.0384865 -0.0143201 0.0105038 0.999842 0.456902 
129
57
1015.13
0.999721 0.0121696 0.0202683 -0.0958896 -0.012026 0.999902 -0.00718906 0.0270975 -0.0203538 0.0069433 0.999769 0.447484 
125
48
1017.23
0.999526 -0.0260577 0.0163665 0.0176371 0.0261645 0.999638 -0.00634411 0.0563301 -0.0161952 0.00676932 0.999846 0.474917 
124
50
926.304
0.98592 0.0149681 -0.166545 -0.0357005 -0.0161855 0.999851 -0.00595504 0.00891666 0.166432 0.00856683 0.986016 0.0781305 
138
64
1878.2
0.98592 0.0149681 -0.166545 -0.0357005 -0.0161855 0.999851 -0.00595504 0.00891666 0.166432 0.00856683 0.986016 0.0781305 
138
84
1722.55
0.983955 0.00219956 -0.178405 -0.0132075 -0.00278488 0.999992 -0.00303051 -0.00629963 0.178397 0.00347872 0.983953 0.0632877 
131
73
1935.33
0.999873 0.0156996 0.00288277 -0.0351614 -0.0157063 0.999874 0.00231935 0.0335503 -0.002846 -0.00236433 0.999993 0.469128 
123
60
804.489
0.999999 -0.000104941 0.00154129 -0.0179547 0.000117328 0.999968 -0.0080386 0.0179746 -0.00154039 0.00803878 0.999967 0.44625 
119
50
578.757
0.999954 0.00882856 0.00371254 -0.0475764 -0.00879753 0.999927 -0.00829394 0.0493994 -0.00378549 0.0082609 0.999959 0.504747 
113
50
540.496
0.99991 -0.0125506 -0.00471529 0.0219942 0.0125517 0.999921 0.000192201 0.0116184 0.00471251 -0.000251368 0.999989 0.474231 
119
62
886.973
0.999999 -0.00111966 -0.000671331 -0.00737128 0.00112306 0.999986 0.00508794 0.0128597 0.000665625 -0.00508869 0.999987 0.504533 
121
54
947.179
0.999999 0.00165974 9.25263e-05 -0.00151698 -0.00165913 0.999979 -0.00624665 0.0435065 -0.000102892 0.00624649 0.99998 0.50262 
119
56
763.198
0.999984 -0.00569834 0.000496689 0.00196672 0.00569794 0.999983 0.000793147 -0.00375803 -0.000501201 -0.000790304 1 0.479614 
131
67
1057.88
0.999936 -0.00851962 -0.00738384 0.0355222 0.00849781 0.999959 -0.00298044 0.00796241 0.00740893 0.0029175 0.999968 0.45532 
126
56
925.305
0.99991 -0.0104096 0.00848353 -0.0134254 0.0103939 0.999944 0.00188848 -0.0137536 -0.00850271 -0.00180013 0.999962 0.418742 
121
50
670.401
0.999985 -0.00255026 -0.00485545 0.0156085 0.00247639 0.999882 -0.0151607 0.0666569 0.00489354 0.0151484 0.999873 0.502809 
117
57
817.621
0.999993 0.00160757 0.00351322 -0.0752263 -0.0015291 0.999752 -0.0222256 0.0825199 -0.00354807 0.0222201 0.999747 0.480019 
109
43
596.035
0.999979 -0.00113432 -0.00634059 0.0156038 0.00112303 0.999998 -0.00178398 0.00238889 0.0063426 0.00177682 0.999978 0.463852 
120
51
638.465
0.999996 0.00188494 -0.0020805 0.00785665 -0.00188715 0.999998 -0.00105922 -0.0152583 0.0020785 0.00106314 0.999997 0.425592 
116
56
721.28
0.999454 0.0304996 0.0127254 -0.0771094 -0.0303874 0.999498 -0.00891219 0.0582204 -0.0129908 0.00852063 0.999879 0.459856 
121
47
892.168
0.998731 0.0458945 0.0207609 -0.141984 -0.0455722 0.998837 -0.0157383 -0.0132995 -0.021459 0.0147722 0.999661 0.432961 
118
44
697.961
0.999997 -0.00139243 0.00222764 -0.00630047 0.0014089 0.999972 -0.0074082 0.016654 -0.00221726 0.00741131 0.99997 0.436853 
111
39
614.445
0.999991 0.00382056 0.00166216 -0.00930522 -0.00381439 0.999986 -0.00370106 0.00562993 -0.00167628 0.00369469 0.999992 0.459485 
109
44
727.638
0.999988 0.0011373 -0.00477613 0.0229712 -0.00113245 0.999999 0.00101881 0.0141968 0.00477728 -0.00101339 0.999988 0.446538 
113
43
808.383
0.999962 -0.00397446 -0.00771439 0.0164948 0.00392135 0.999969 -0.00688703 0.0189104 0.00774152 0.00685652 0.999947 0.460601 
115
54
1131.59
0.999985 0.00444354 0.00308445 -0.0102997 -0.00441378 0.999944 -0.00958832 0.0137019 -0.00312689 0.00957457 0.999949 0.439115 
125
70
861.876
0.999984 -0.0034503 -0.0045833 0.0232605 0.00345265 0.999994 0.000506632 -0.0130957 0.00458153 -0.000522448 0.999989 0.421062 
133
63
783.381
0.999962 0.00529287 0.00687799 -0.0187539 -0.00528951 0.999986 -0.000505808 0.014174 -0.00688057 0.000469408 0.999976 0.458032 
141
82
872.634
0.999997 -0.00200269 -0.00143475 -0.0075036 0.00200295 0.999998 0.000177411 0.000395804 0.00143439 -0.000180285 0.999999 0.44491 
130
64
669.448
0.999994 0.000384716 0.00333336 -0.0098432 -0.000384574 1 -4.31643e-05 -0.00322731 -0.00333337 4.18821e-05 0.999994 0.463946 
141
70
760.13
0.999999 -0.00103756 -6.55908e-06 0.00942181 0.00103756 0.999999 -0.000173206 -0.0116878 6.73879e-06 0.0001732 1 0.468744 
122
56
500.078
0.999991 -0.00241024 -0.00339559 -0.00420217 0.00240144 0.999994 -0.00259306 0.0118523 0.00340182 0.00258488 0.999991 0.449642 
133
69
635.43
0.999985 -0.0035225 -0.00418772 0.00592817 0.00352739 0.999993 0.00116206 0.00472622 0.0041836 -0.00117682 0.999991 0.451396 
143
77
880.093
0.999963 -0.000979351 -0.00857137 0.0229573 0.00100931 0.999993 0.00349177 0.00263214 0.00856789 -0.00350029 0.999957 0.471178 
132
69
564.767
0.999996 0.000200325 0.00294298 -0.0120751 -0.000197186 0.999999 -0.00106697 -0.0149342 -0.00294319 0.00106639 0.999995 0.438339 
135
66
613.296
0.999982 0.00593025 0.000261071 -0.0150047 -0.00592989 0.999981 -0.00137049 0.00437003 -0.000269194 0.00136892 0.999999 0.483729 
136
79
683.478
0.999956 0.00906391 0.00225287 -0.0217225 -0.00906384 0.999959 -4.32877e-05 -0.00153961 -0.00225317 2.28662e-05 0.999997 0.468171 
131
65
722.102
0.997358 0.00192734 0.0726177 0.0476905 -0.0016342 0.99999 -0.004096 0.0262018 -0.0726249 0.00396651 0.997351 0.306684 
139
66
1115.04
0.997358 0.00192734 0.0726177 0.0476905 -0.0016342 0.99999 -0.004096 0.0262018 -0.0726249 0.00396651 0.997351 0.306684 
149
84
1739.88
0.997358 0.00192734 0.0726177 0.0476905 -0.0016342 0.99999 -0.004096 0.0262018 -0.0726249 0.00396651 0.997351 0.306684 
144
79
1695.98
0.997358 0.00192734 0.0726177 0.0476905 -0.0016342 0.99999 -0.004096 0.0262018 -0.0726249 0.00396651 0.997351 0.306684 
145
81
1674.33
0.999794 9.85746e-05 0.0202756 -0.0338635 4.39508e-05 0.999975 -0.00702882 0.0328258 -0.0202758 0.00702827 0.99977 0.398752 
138
68
699.191
0.999999 0.000221805 0.00144117 -0.0300994 -0.000224804 0.999998 0.00208167 -0.0291178 -0.0014407 -0.002082 0.999997 0.433503 
127
53
626.666
0.999994 -0.0035572 2.70581e-05 -0.0110048 0.00355714 0.999992 0.00201002 0.00670659 -3.42079e-05 -0.00200991 0.999998 0.441181 
139
58
824.946
0.999952 0.00632598 0.00747095 -0.0109751 -0.00632466 0.99998 -0.000200159 0.026077 -0.00747206 0.000152898 0.999972 0.460597 
143
51
1009
0.999988 0.0030623 -0.00385786 -0.0091792 -0.00305299 0.999992 0.00241646 -0.0443801 0.00386523 -0.00240465 0.99999 0.436915 
141
58
864.219
0.999778 0.00613427 0.0201472 -0.0406856 -0.00610413 0.99998 -0.0015571 -0.0268333 -0.0201563 0.00143377 0.999796 0.418633 
145
54
1057.9
0.999928 -0.00928908 -0.00759945 0.0252487 0.00933638 0.999937 0.00621253 -0.00233696 0.00754126 -0.00628303 0.999952 0.469422 
148
64
1181.79
0.999994 -0.00321683 -0.00112976 0.000448667 0.0032179 0.999994 0.000949614 0.00956443 0.0011267 -0.000953243 0.999999 0.449792 
150
73
1177.51
0.999707 -0.0201553 -0.0133854 0.0561383 0.0201494 0.999797 -0.000568271 -0.00490068 0.0133942 0.000298395 0.99991 0.453765 
150
59
1166.15
0.999986 0.00403522 -0.00331244 -0.00371389 -0.00406368 0.999955 -0.0086304 0.0149315 0.00327746 0.00864375 0.999957 0.450659 
150
60
1220.99
0.999993 -0.00234571 -0.00305458 0.0139562 0.00234472 0.999997 -0.000326114 -0.00849353 0.00305534 0.000318949 0.999995 0.422866 
141
63
799.456
0.999849 -0.00400411 -0.0169032 0.0153779 0.00403219 0.999991 0.0016277 0.00452748 0.0168965 -0.00169561 0.999856 0.460707 
143
67
982.319
0.999995 -0.00323727 -0.000155158 0.00944268 0.00323721 0.999995 -0.000396781 -0.00521802 0.000156442 0.000396277 1 0.446904 
148
72
1131.52
0.999988 -0.00273466 -0.00413592 0.0151654 0.00275457 0.999985 0.00481784 -0.0204932 0.00412268 -0.00482917 0.99998 0.446483 
147
65
958.598
0.999987 0.00379041 0.00335755 0.000588771 -0.00378029 0.999988 -0.00301684 0.018293 -0.00336894 0.00300411 0.99999 0.450313 
145
61
845.931
0.999946 0.00849856 0.00602602 -0.0162852 -0.00849882 0.999964 1.81756e-05 -0.0101724 -0.00602565 -6.93888e-05 0.999982 0.436321 
150
67
1130.85
0.999958 -0.00345693 -0.00847136 0.0104196 0.00347271 0.999992 0.00184802 0.0164907 0.00846491 -0.00187736 0.999962 0.469465 
147
65
1091.47
0.993105 -0.00205855 0.117207 -0.00481416 0.00256081 0.999988 -0.00413483 0.00494261 -0.117197 0.00440646 0.993099 0.204201 
150
62
1704.27
0.999292 0.0014822 0.0376001 0.00745676 -0.00112521 0.999954 -0.00951377 0.0324816 -0.0376125 0.00946473 0.999248 0.3464 
148
66
1155.49
0.999922 -0.0125105 0.000109957 0.0179177 0.0125103 0.999921 0.00130817 -0.0115111 -0.000126314 -0.00130669 0.999999 0.441745 
146
59
1161.53
0.999954 -0.00611195 -0.00742027 0.011508 0.00614686 0.99997 0.00469192 -0.0155005 0.00739137 -0.00473732 0.999961 0.421966 
134
50
956.073
0.999967 -0.00422788 -0.00694472 -0.00317309 0.00424522 0.999988 0.00248387 -0.0147373 0.00693414 -0.00251327 0.999973 0.442212 
144
53
1307.89
0.999985 -0.000974527 0.0054305 -0.00759132 0.000996648 0.999991 -0.00407229 -0.0112374 -0.00542648 0.00407764 0.999977 0.440245 
145
51
1116
0.999548 0.0115363 0.0277605 -0.0581505 -0.0110941 0.99981 -0.0160308 0.0423316 -0.0279402 0.0157155 0.999486 0.441192 
149
61
1174.65
0.999993 -0.000838471 0.00375697 -0.0137748 0.000865321 0.999974 -0.00715075 0.0453271 -0.00375088 0.00715394 0.999967 0.467371 
149
53
1215.8
0.999993 -0.00232751 -0.00306948 0.0107116 0.0023305 0.999997 0.000971747 0.00686159 0.0030672 -0.000978893 0.999995 0.463975 
150
56
1266.3
0.99996 -0.00461947 -0.00765046 0.00363345 0.00458456 0.999979 -0.00457444 -0.00657686 0.00767143 0.00453918 0.99996 0.439233 
150
54
1194.23
0.999981 -0.00567029 0.00229191 -0.00571609 0.00568835 0.999952 -0.00795144 0.00795411 -0.00224671 0.00796433 0.999966 0.449141 
149
65
1111.79
0.999769 0.00450394 0.0210352 -0.0334145 -0.00454131 0.999988 0.00172895 -0.0331261 -0.0210271 -0.00182408 0.999777 0.441373 
150
59
1207.03
0.999968 0.000897561 0.00797264 0.00315798 -0.000984982 0.999939 0.0109681 0.047494 -0.00796232 -0.0109756 0.999908 0.473449 
137
48
1005.14
0.999968 0.000897561 0.00797264 0.00315798 -0.000984982 0.999939 0.0109681 0.047494 -0.00796232 -0.0109756 0.999908 0.473449 
145
68
2302.67
0.999968 0.000897561 0.00797264 0.00315798 -0.000984982 0.999939 0.0109681 0.047494 -0.00796232 -0.0109756 0.999908 0.473449 
149
81
1889.09
0.999968 0.000897561 0.00797264 0.00315798 -0.000984982 0.999939 0.0109681 0.047494 -0.00796232 -0.0109756 0.999908 0.473449 
148
77
1904.61
0.999968 0.000897561 0.00797264 0.00315798 -0.000984982 0.999939 0.0109681 0.047494 -0.00796232 -0.0109756 0.999908 0.473449 
149
84
1830.12
0.999968 0.000897561 0.00797264 0.00315798 -0.000984982 0.999939 0.0109681 0.047494 -0.00796232 -0.0109756 0.999908 0.473449 
150
79
2363.11
0.999968 0.000897561 0.00797264 0.00315798 -0.000984982 0.999939 0.0109681 0.047494 -0.00796232 -0.0109756 0.999908 0.473449 
148
84
1719.71
0.999968 0.000897561 0.00797264 0.00315798 -0.000984982 0.999939 0.0109681 0.047494 -0.00796232 -0.0109756 0.999908 0.473449 
148
81
1852.7
0.999968 0.000897561 0.00797264 0.00315798 -0.000984982 0.999939 0.0109681 0.047494 -0.00796232 -0.0109756 0.999908 0.473449 
147
81
1626.3
0.999968 0.000897561 0.00797264 0.00315798 -0.000984982 0.999939 0.0109681 0.047494 -0.00796232 -0.0109756 0.999908 0.473449 
144
73
1835.19
0.999968 0.000897561 0.00797264 0.00315798 -0.000984982 0.999939 0.0109681 0.047494 -0.00796232 -0.0109756 0.999908 0.473449 
141
77
1650.46
0.999968 0.000897561 0.00797264 0.00315798 -0.000984982 0.999939 0.0109681 0.047494 -0.00796232 -0.0109756 0.999908 0.473449 
138
77
1554.52
0.999968 0.000897561 0.00797264 0.00315798 -0.000984982 0.999939 0.0109681 0.047494 -0.00796232 -0.0109756 0.999908 0.473449 
141
75
1577.27
0.993108 0.0183269 0.115762 -0.0257278 -0.0174118 0.999809 -0.00891127 0.0129411 -0.115903 0.00683422 0.993237 0.223148 
139
58
1513.6
0.999972 0.00245199 0.00701251 0.00373861 -0.00247502 0.999992 0.00327826 -0.0161541 -0.00700442 -0.00329552 0.99997 0.441137 
140
74
1144.72
0.999854 0.00806256 0.0150729 -0.0454007 -0.00800384 0.99996 -0.00395252 0.0163167 -0.0151042 0.0038313 0.999879 0.441304 
135
65
843.468
0.999999 -0.00111153 0.000117353 0.0194345 0.00111154 0.999999 -0.000122142 -0.0178086 -0.000117217 0.000122273 1 0.44682 
136
64
889.248
0.999994 -0.00251665 -0.00256922 0.0013268 0.00249978 0.999975 -0.00654999 0.000133743 0.00258565 0.00654352 0.999975 0.435079 
134
60
928.975
0.999912 -0.0129151 -0.00300702 0.0334434 0.0129121 0.999916 -0.00100371 -0.0137869 0.00301973 0.000964791 0.999995 0.431647 
135
71
951.803
0.99999 0.00390855 0.00213954 0.0161893 -0.00391979 0.999978 0.00527426 -0.00404227 -0.00211888 -0.0052826 0.999984 0.456499 
138
63
1022.25
0.999999 0.00106973 0.00117741 0.000985775 -0.00107461 0.999991 0.00415304 -0.00498745 -0.00117295 -0.0041543 0.999991 0.457268 
144
72
1194.5
0.999997 -0.00109063 -0.0021799 -0.0166409 0.00109281 0.999999 0.000997113 -0.00921251 0.00217881 -0.000999492 0.999997 0.453988 
137
59
832.072
0.999969 -0.00115976 0.00778473 -0.00933894 0.00116534 0.999999 -0.000712341 -0.015054 -0.0077839 0.000721391 0.999969 0.431936 
138
62
955.07
0.99989 -0.0139505 -0.00495725 0.0333234 0.013958 0.999901 0.0014798 0.00189522 0.00493612 -0.00154884 0.999987 0.473038 
131
55
814.756
0.999882 0.00147515 0.015282 -0.0242142 -0.0014742 0.999999 -7.35129e-05 0.00434506 -0.0152821 5.09755e-05 0.999883 0.434016 
135
62
818.495
0.998945 -0.000298265 -0.0459167 0.00238944 0.00022364 0.999999 -0.00163036 0.0145469 0.0459171 0.00161837 0.998944 0.361194 
141
71
1169.44
0.998945 -0.000298265 -0.0459167 0.00238944 0.00022364 0.999999 -0.00163036 0.0145469 0.0459171 0.00161837 0.998944 0.361194 
135
76
1760.78
0.998945 -0.000298265 -0.0459167 0.00238944 0.00022364 0.999999 -0.00163036 0.0145469 0.0459171 0.00161837 0.998944 0.361194 
134
72
1856.36
0.998945 -0.000298265 -0.0459167 0.00238944 0.00022364 0.999999 -0.00163036 0.0145469 0.0459171 0.00161837 0.998944 0.361194 
144
72
1748.37
0.982001 0.00907491 -0.188656 -0.0302908 -0.0113507 0.999875 -0.0109865 0.00488123 0.188533 0.0129301 0.981982 0.0535391 
142
75
2334.68
0.999995 0.000455779 0.00303214 -0.00607293 -0.000469831 0.999989 0.00463519 -0.0124173 -0.00302999 -0.0046366 0.999985 0.442046 
136
63
877.746
0.999998 -0.00208978 -0.000546755 -0.0103755 0.00208889 0.999997 -0.00162229 -0.000100928 0.000550143 0.00162114 0.999999 0.452602 
131
53
816.633
0.999991 -0.00414394 -0.00134857 -0.00399775 0.00414052 0.999988 -0.00252941 0.00937829 0.00135904 0.0025238 0.999996 0.452653 
141
62
1080.99
0.999987 -0.00338921 0.00373743 -0.0121853 0.00338504 0.999994 0.00112097 0.0186399 -0.00374121 -0.0011083 0.999992 0.467541 
139
60
856.573
0.999056 -0.0426143 -0.00843928 0.0735549 0.0425216 0.999036 -0.0108749 0.0248949 0.00889457 0.0105058 0.999905 0.444604 
142
55
1064.73
0.999975 -0.0023796 -0.00660595 0.0155589 0.00238187 0.999997 0.000335827 -0.0197352 0.00660514 -0.000351553 0.999978 0.452905 
149
60
1196.71
0.99894 -0.00243853 -0.0459646 0.047516 0.00198513 0.999949 -0.00990715 0.0353026 0.0459865 0.0098054 0.998894 0.355825 
146
51
1024.63
0.99894 -0.00243853 -0.0459646 0.047516 0.00198513 0.999949 -0.00990715 0.0353026 0.0459865 0.0098054 0.998894 0.355825 
144
82
1753.25
0.99894 -0.00243853 -0.0459646 0.047516 0.00198513 0.999949 -0.00990715 0.0353026 0.0459865 0.0098054 0.998894 0.355825 
150
79
1799.09
0.99894 -0.00243853 -0.0459646 0.047516 0.00198513 0.999949 -0.00990715 0.0353026 0.0459865 0.0098054 0.998894 0.355825 
150
74
1746.81
0.99894 -0.00243853 -0.0459646 0.047516 0.00198513 0.999949 -0.00990715 0.0353026 0.0459865 0.0098054 0.998894 0.355825 
145
80
1751.42
0.99894 -0.00243853 -0.0459646 0.047516 0.00198513 0.999949 -0.00990715 0.0353026 0.0459865 0.0098054 0.998894 0.355825 
146
74
1784.82
0.985963 0.0059607 -0.166857 -0.0151088 -0.0060533 0.999982 -4.6347e-05 0.0177323 0.166853 0.00105573 0.985981 0.093393 
150
68
2160.93
0.999531 0.0259907 0.0161904 -0.0616725 -0.0256443 0.999445 -0.0212463 0.0323401 -0.0167337 0.0208212 0.999643 0.447955 
144
49
927.034
0.99999 -0.000424959 -0.00452162 0.0145157 0.000441963 0.999993 0.00376038 -0.0410826 0.00451999 -0.00376234 0.999983 0.454015 
143
59
1062.4
0.999741 0.0175557 0.0144699 -0.0644577 -0.0174983 0.999839 -0.00408918 -0.065039 -0.0145393 0.00383493 0.999887 0.421746 
136
49
1075.64
0.999377 0.0349048 0.00520944 -0.0704999 -0.034878 0.999378 -0.00516269 0.0327616 -0.00538641 0.00497778 0.999973 0.473803 
146
52
1228.34
0.999935 0.0105454 0.00429748 -0.0130108 -0.0105539 0.999942 0.00196855 0.00572921 -0.00427648 -0.00201378 0.999989 0.452077 
143
49
1238.76
0.999999 -8.74082e-05 0.00132211 -0.00352809 9.38509e-05 0.999988 -0.00487374 0.00307548 -0.00132167 0.00487386 0.999987 0.443345 
140
51
1227.39
0.999924 0.0098809 0.00739793 -0.0417299 -0.00983346 0.999931 -0.00642166 -0.10201 -0.00746087 0.00634843 0.999952 0.371628 
142
50
1130.05
0.999997 -0.000401693 0.00241372 -0.00382731 0.000402779 1 -0.00044957 0.00128634 -0.00241354 0.000450541 0.999997 0.4572 
147
53
1440.34
0.99987 0.0113299 0.0114525 -0.0328608 -0.0112598 0.999918 -0.00616191 0.0279116 -0.0115213 0.00603216 0.999915 0.447398 
144
49
1371.24
0.999995 0.000260852 -0.00319492 0.00363187 -0.000259968 1 0.000277066 -0.00848942 0.00319499 -0.000276234 0.999995 0.451583 
145
59
1370.82
0.999985 -0.00355615 -0.0040472 0.00602376 0.00355517 0.999994 -0.000248145 -0.0118903 0.00404806 0.000233753 0.999992 0.452249 
138
55
1254.3
0.999994 -0.00161065 -0.00295441 0.00674816 0.0016096 0.999999 -0.000359413 -0.00615071 0.00295498 0.000354655 0.999996 0.465494 
140
63
1138.64
0.999951 0.00319018 0.00932784 -0.0314469 -0.00318643 0.999995 -0.000415931 -0.0234651 -0.00932912 0.000386188 0.999956 0.427181 
133
60
1114.69
0.999935 0.00208724 0.01123 -0.0411432 -0.00211521 0.999995 0.00247946 -0.00383474 -0.0112248 -0.00250305 0.999934 0.445775 
140
57
1114.32
0.999999 0.000978553 -0.00118662 -0.00410601 -0.000975242 0.999996 0.00278756 -0.0155021 0.00118934 -0.0027864 0.999995 0.440657 
132
51
993.786
0.99999 0.00171255 -0.00423688 0.00280533 -0.00172185 0.999996 -0.00219156 0.00883369 0.00423311 0.00219884 0.999989 0.481598 
130
65
823.323
0.999988 -0.00190979 -0.00452708 -0.000918744 0.00191199 0.999998 0.00048252 -0.000310674 0.00452615 -0.00049117 0.99999 0.473437 
123
64
752.741
0.999997 0.00135698 0.00214845 -0.00270967 -0.00136298 0.999995 0.00279542 -0.0109433 -0.00214464 -0.00279834 0.999994 0.471516 
121
63
686.221
0.999774 0.00471612 0.0207442 -0.0443574 -0.00473885 0.999988 0.00104675 0.0204866 -0.020739 -0.00114482 0.999784 0.474141 
130
62
972.973
0.999793 0.00119873 0.02029 -0.0359588 -0.00096395 0.999933 -0.011577 0.0111629 -0.0203025 0.0115551 0.999727 0.42527 
131
48
857.625
0.999468 0.00200457 0.0325455 0.00392891 -0.00158637 0.999916 -0.0128703 0.0377119 -0.0325685 0.0128119 0.999387 0.390177 
123
50
663.666
0.98465 -0.00633792 0.174423 0.0260472 0.00641772 0.999979 0.00010654 0.011946 -0.17442 0.00101449 0.984671 0.107656 
130
62
1951.23
0.999855 -0.0031017 0.016764 -0.107532 0.00308729 0.999995 0.00088559 -0.0290752 -0.0167667 -0.000833706 0.999859 0.455207 
126
55
641.411
0.999959 -0.00869617 -0.00264402 0.0430692 0.00870863 0.999951 0.00473788 -0.0556791 0.00260269 -0.00476071 0.999985 0.437349 
121
48
728.803
0.999654 -0.00957132 -0.0245083 0.0651161 0.00902692 0.999712 -0.0222279 0.048018 0.024714 0.0219989 0.999452 0.469372 
116
43
652.835
0.999879 -0.00804968 -0.0133276 0.0310593 0.00796584 0.999948 -0.00633195 -0.000875057 0.0133779 0.00622501 0.999891 0.443896 
118
47
542.258
0.99995 0.00780102 0.00619346 -0.0320471 -0.00782541 0.999962 0.00392242 -0.00812314 -0.00616263 -0.00397069 0.999973 0.458162 
121
63
568.512
0.999936 0.00556784 0.00986703 -0.00196192 -0.00556559 0.999984 -0.000255212 -0.00380009 -0.0098683 0.00020028 0.999951 0.457162 
121
50
769.524
0.999663 0.0146078 0.0214646 -0.0939045 -0.0146206 0.999893 0.000441335 0.00895444 -0.0214559 -0.000755013 0.99977 0.49776 
117
39
556.695
0.999922 0.00307695 0.0120786 -0.0341681 -0.00306038 0.999994 -0.0013895 -0.0112409 -0.0120828 0.00135242 0.999926 0.458623 
130
47
1095.77
0.999903 -0.0112567 -0.00824528 0.0262953 0.0112478 0.999936 -0.00112661 -0.00782364 0.00825743 0.00103376 0.999965 0.44032 
146
57
1122.38
0.999993 -0.00307124 -0.00221903 -0.0393208 0.00307412 0.999994 0.00129421 -0.0333448 0.00221505 -0.00130103 0.999997 0.360298 
139
52
878.635
0.99998 -0.00589624 -0.00217082 0.025821 0.00590353 0.999977 0.00337012 -0.013734 0.0021509 -0.00338287 0.999992 0.45896 
145
59
1353.9
0.999324 -0.0270447 -0.0248888 0.0985693 0.0268201 0.999597 -0.00931308 0.00433801 0.0251306 0.00863927 0.999647 0.445053 
138
57
937.737
0.982162 0.0107808 -0.187727 -0.0107351 -0.0102197 0.99994 0.00395695 0.00242344 0.187758 -0.00196787 0.982213 0.075162 
147
63
2088.63
0.999995 0.000815291 -0.00292517 0.014579 -0.000831536 0.999984 -0.00555651 0.00333051 0.00292059 0.00555892 0.99998 0.434709 
133
52
806.707
0.999989 -0.00181832 0.00434897 -0.00765915 0.00183807 0.999988 -0.00454199 0.0145857 -0.00434066 0.00454993 0.99998 0.465876 
138
60
1045.17
0.999997 -0.00107553 0.00213573 -0.0019277 0.00107611 0.999999 -0.000270756 0.0127987 -0.00213544 0.000273054 0.999998 0.458063 
136
62
883.021
0.999997 -0.00182525 -0.00154879 0.0236027 0.00182609 0.999998 0.000539341 -0.00353736 0.0015478 -0.000542168 0.999999 0.460023 
140
65
890.202
0.999967 0.00305458 0.00748839 -0.0310816 -0.00314127 0.999928 0.0115913 -0.0542427 -0.00745244 -0.0116145 0.999905 0.507392 
135
54
865.239
1 -0.000251059 0.000405167 -0.0119546 0.000251395 1 -0.000831547 -0.011671 -0.000404958 0.000831649 1 0.477452 
124
60
646.497
0.999998 -0.000917163 -0.00184326 0.00177446 0.000917802 1 0.000345935 0.00488828 0.00184294 -0.000347626 0.999998 0.466012 
117
61
579.148
0.999986 -0.00523929 0.000352337 -0.0099269 0.00524043 0.999981 -0.00329613 0.03525 -0.000335061 0.00329793 0.999995 0.492677 
110
62
573.554
0.999779 0.00844248 0.0192318 -0.0630193 -0.00841566 0.999963 -0.00147498 0.00286406 -0.0192436 0.00131281 0.999814 0.468709 
124
66
731.789
0.999854 -0.016978 -0.00203995 0.0418342 0.0169758 0.999855 -0.00107412 -0.0447032 0.00205789 0.00103933 0.999997 0.427531 
125
60
813.002
0.999911 -0.0129103 -0.00336685 0.0268273 0.0129081 0.999916 -0.000666769 -0.00226074 0.00337518 0.00062325 0.999994 0.453071 
131
60
885.11
0.999999 -0.00090405 -0.00061249 -0.00192138 0.000904248 1 0.000322657 0.0271381 0.000612198 -0.00032321 1 0.480313 
133
53
924.108
0.999992 0.00222915 0.00340683 -0.00562916 -0.00224424 0.999988 0.00443132 -0.013299 -0.00339691 -0.00443893 0.999984 0.460238 
120
57
651.924
0.999444 0.0161987 0.0291462 -0.102153 -0.0158011 0.99978 -0.0138207 0.0458861 -0.0293637 0.0133524 0.99948 0.446884 
128
51
837.916
0.999991 -0.00294337 -0.00298706 0.0162351 0.00288812 0.999828 -0.0183365 0.0428534 0.00304052 0.0183277 0.999827 0.449545 
124
52
762.467
0.999606 0.00324627 -0.0278741 0.120897 -0.00298666 0.999952 0.00935026 -0.060828 0.0279031 -0.00926333 0.999568 0.400774 
128
53
645.053
0.999606 0.00324627 -0.0278741 0.120897 -0.00298666 0.999952 0.00935026 -0.060828 0.0279031 -0.00926333 0.999568 0.400774 
144
92
1804.06
0.997605 0.0112686 0.0682438 -0.0307166 -0.0111694 0.999936 -0.00183416 0.00340107 -0.0682601 0.00106752 0.997667 0.371795 
140
51
1205.7
0.99995 0.000592717 0.00993645 -0.0194663 -0.000622244 0.999995 0.00296873 -0.0163149 -0.00993465 -0.00297476 0.999946 0.455182 
128
51
800.03
0.99914 -0.0130431 0.0393604 0.0377739 0.0137745 0.999736 -0.0183681 0.0714231 -0.0391105 0.0188945 0.999056 0.382569 
125
53
827.271
0.99914 -0.0130431 0.0393604 0.0377739 0.0137745 0.999736 -0.0183681 0.0714231 -0.0391105 0.0188945 0.999056 0.382569 
144
81
2002.24
0.99914 -0.0130431 0.0393604 0.0377739 0.0137745 0.999736 -0.0183681 0.0714231 -0.0391105 0.0188945 0.999056 0.382569 
141
85
2071.63
0.99914 -0.0130431 0.0393604 0.0377739 0.0137745 0.999736 -0.0183681 0.0714231 -0.0391105 0.0188945 0.999056 0.382569 
125
65
1470.96
0.99914 -0.0130431 0.0393604 0.0377739 0.0137745 0.999736 -0.0183681 0.0714231 -0.0391105 0.0188945 0.999056 0.382569 
140
87
1754.8
0.985669 -0.00403916 0.168644 0.0121918 0.00447208 0.999988 -0.00218732 0.00701698 -0.168634 0.00291016 0.985675 0.102975 
131
69
1891.02
1 -0.000458066 0.000434163 -0.00056718 0.000459221 0.999996 -0.00266397 0.00330175 -0.000432941 0.00266417 0.999996 0.473126 
129
75
746.683
1 -0.000207288 0.000247312 0.000789077 0.000208172 0.999994 -0.00357919 0.00239221 -0.000246569 0.00357924 0.999994 0.502702 
118
73
539.299
1 -0.000303921 -0.000468526 0.00199675 0.00030423 1 0.000661021 -0.00940728 0.000468325 -0.000661163 1 0.444446 
123
67
675.23
