1 0 0 0 0 1 0 0 0 0 1 0 
136
133
11.8126
1 0 0 0 0 1 0 0 0 0 1 0 
134
115
64.7239
1 0 0 0 0 1 0 0 0 0 1 0 
129
118
43.7038
1 0 0 0 0 1 0 0 0 0 1 0 
131
114
53.5628
1 0 0 0 0 1 0 0 0 0 1 0 
134
110
62.5114
1 0 0 0 0 1 0 0 0 0 1 0 
132
120
60.2745
1 0 0 0 0 1 0 0 0 0 1 0 
129
108
55.0843
1 0 0 0 0 1 0 0 0 0 1 0 
132
132
2
0.999962 0.00523101 0.00693506 -0.0510247 -0.00517515 0.999954 -0.00804804 0.0292106 -0.00697684 0.00801185 0.999944 0.478914 
113
63
365.787
0.999998 0.00181568 0.00108065 -0.0205344 -0.00181843 0.999995 0.00255532 -0.0260495 -0.001076 -0.00255728 0.999996 0.458385 
109
56
325.04
0.999998 0.00041663 -0.00180463 -0.00615202 -0.000416039 1 0.000327791 -0.0131457 0.00180477 -0.00032704 0.999998 0.48458 
104
73
408.018
0.99998 0.00352601 0.00523144 -0.0247333 -0.00354341 0.999988 0.00332162 0.0155764 -0.00521967 -0.00334009 0.999981 0.510987 
102
51
272.164
0.999891 -0.014243 -0.00387243 0.0237106 0.0142468 0.999898 0.00096691 -0.0347737 0.00385826 -0.00102197 0.999992 0.438447 
120
63
535.945
0.999998 -0.00195005 -8.61619e-05 -0.0178842 0.0019498 0.999994 -0.00284537 -0.0274858 9.171e-05 0.00284519 0.999996 0.464578 
119
69
550.834
0.999992 -0.00281516 -0.0028472 0.00803151 0.00280655 0.999991 -0.00302095 -0.00403344 0.00285568 0.00301294 0.999991 0.507243 
134
82
723.825
0.999989 0.00350099 0.00305314 -0.121298 -0.00350977 0.99999 0.00287357 -0.0706489 -0.00304305 -0.00288426 0.999991 0.336307 
101
62
294.173
1 -0.000219291 -0.000568798 0.0142839 0.000220662 0.999997 0.00241126 0.016041 0.000568268 -0.00241139 0.999997 0.507418 
127
69
456.869
0.999995 0.00166625 0.0025927 -0.0126737 -0.00166123 0.999997 -0.00193855 -0.00213531 -0.00259592 0.00193423 0.999995 0.504632 
118
80
742.366
0.999972 -0.00649338 -0.0036372 0.0187951 0.00646879 0.999956 -0.00673424 -0.00143278 0.00368077 0.00671053 0.999971 0.481317 
122
65
621.83
0.999986 -0.00422021 -0.00318791 0.00964776 0.00421953 0.999991 -0.000220961 -0.0128374 0.00318882 0.000207507 0.999995 0.458679 
110
66
455.787
0.999985 -0.00488458 -0.00247377 0.01025 0.00489727 0.999975 0.00514983 0.0054882 0.00244856 -0.00516187 0.999984 0.493357 
104
56
329.734
0.99999 -0.00438899 0.00116234 -0.0587188 0.00438573 0.999986 0.00279447 -0.0157926 -0.00117459 -0.00278935 0.999995 0.123749 
126
57
479.951
0.999914 -0.00990631 -0.00860448 0.0202771 0.00987674 0.999945 -0.00347276 -0.00912426 0.00863841 0.00338748 0.999957 0.480676 
135
79
766.103
0.999988 -0.00387988 -0.00311285 0.0175378 0.00388226 0.999992 0.000760213 -0.0242614 0.00310987 -0.000772288 0.999995 0.486327 
119
71
364.645
0.999995 -0.00182376 -0.0027304 -0.0753336 0.00183213 0.999994 0.00306607 -0.00323949 0.00272479 -0.00307106 0.999992 0.171332 
113
56
448.675
0.999978 -0.00645485 -0.00127115 0.00915816 0.00646591 0.99994 0.00889842 -0.0216185 0.00121364 -0.00890645 0.99996 0.487817 
122
58
549.031
0.999978 -0.00645485 -0.00127115 0.00915816 0.00646591 0.99994 0.00889842 -0.0216185 0.00121364 -0.00890645 0.99996 0.487817 
130
78
212.886
0.999992 -0.00249557 0.00308297 -0.0103031 0.00250489 0.999992 -0.00302496 -0.024257 -0.00307539 0.00303266 0.999991 0.4505 
125
74
548.302
0.999933 0.00942261 0.00665365 -0.043379 -0.00940501 0.999952 -0.00267193 -0.00161282 -0.00667851 0.00260918 0.999974 0.484995 
127
81
523.926
0.999993 0.00220181 0.00286095 -0.0222901 -0.00221369 0.999989 0.00415636 -0.00136622 -0.00285177 -0.00416267 0.999987 0.484902 
129
70
517.076
0.999983 0.00339659 0.00472348 -0.0314368 -0.00340366 0.999993 0.00148888 -0.0100441 -0.00471839 -0.00150494 0.999988 0.456713 
111
71
342.55
0.999976 0.00438531 0.00535403 -0.0285232 -0.00435582 0.999975 -0.00550697 -1.86736e-05 -0.00537804 0.00548352 0.999971 0.512976 
113
80
481.25
1 0.000216674 -0.000821986 0.00267195 -0.000219372 0.999995 -0.00328341 -0.00413471 0.00082127 0.00328359 0.999994 0.524722 
120
77
437.627
0.999946 0.00901283 0.00519452 -0.0339364 -0.0090104 0.999959 -0.000491607 0.0158354 -0.00519873 0.000444776 0.999986 0.480644 
119
60
435.606
0.999991 0.000348553 0.00425628 -0.0184998 -0.000376663 0.999978 0.00660529 -0.0135906 -0.00425389 -0.00660683 0.999969 0.480366 
137
68
905.386
0.999996 -0.00269502 -0.00111695 0.00142542 0.00269676 0.999995 0.0015604 -0.0117676 0.00111274 -0.00156341 0.999998 0.477757 
118
86
393.337
0.989202 -0.0088776 -0.146291 0.0301749 0.00896473 0.99996 -6.36741e-05 -0.000181371 0.146285 -0.00124847 0.989242 0.0932395 
133
83
2163.02
