0.999999 -0.000282051 -0.00109016 -0.00376869 0.000282435 1 0.000351396 0.000335976 0.00109006 -0.000351704 0.999999 0.453576 
146
83
877.328
1 0.000250683 0.000464322 -0.0104721 -0.000250229 0.999999 -0.000976286 0.0105007 -0.000464566 0.00097617 0.999999 0.444964 
147
86
772.339
1 -0.000367281 -0.000906821 0.00392372 0.00036813 0.999999 0.000936395 -0.00836395 0.000906477 -0.000936728 0.999999 0.446364 
149
85
989.182
0.999861 0.00156624 0.0166228 -0.0242847 -0.00274174 0.997477 0.070931 0.0257614 -0.0164698 -0.0709667 0.997343 0.523111 
133
59
1150.8
0.974773 -0.00157324 0.223192 -0.00924658 0.0175332 0.997425 -0.0695443 0.00492811 -0.222508 0.0717032 0.972291 -0.0709496 
150
74
2376.48
0.974773 -0.00157324 0.223192 -0.00924658 0.0175332 0.997425 -0.0695443 0.00492811 -0.222508 0.0717032 0.972291 -0.0709496 
150
76
1699.43
0.974773 -0.00157324 0.223192 -0.00924658 0.0175332 0.997425 -0.0695443 0.00492811 -0.222508 0.0717032 0.972291 -0.0709496 
150
83
1622.76
0.974773 -0.00157324 0.223192 -0.00924658 0.0175332 0.997425 -0.0695443 0.00492811 -0.222508 0.0717032 0.972291 -0.0709496 
150
71
1652.96
0.999304 0.00412373 0.0370691 0.0447952 -0.00342432 0.999815 -0.0189116 0.0559103 -0.0371402 0.0187715 0.999134 0.390481 
146
53
921.972
1 6.17165e-05 2.17131e-05 0.00260103 -6.17227e-05 1 0.000283981 -0.0123171 -2.16956e-05 -0.000283982 1 0.446544 
141
87
711.872
0.999998 0.000469871 0.00181247 -0.00796654 -0.000471631 0.999999 0.000970604 -0.00166412 -0.00181201 -0.000971458 0.999998 0.477772 
137
77
573.57
1 -0.000170562 -0.000747585 0.010218 0.000171118 1 0.000743591 0.0297911 0.000747458 -0.000743719 0.999999 0.459776 
140
74
691.399
0.999991 -0.000866407 -0.00409774 0.0161926 0.000864581 1 -0.000447414 0.0187903 0.00409813 0.000443867 0.999992 0.453061 
135
56
803.668
0.999997 0.000589467 0.00227994 0.00659578 -0.000580856 0.999993 -0.00377566 -0.0079531 -0.00228215 0.00377433 0.99999 0.445957 
133
61
1217.23
0.999995 0.000351803 0.00298756 -0.0121449 -0.000348268 0.999999 -0.0011835 0.00312442 -0.00298798 0.00118246 0.999995 0.445497 
132
67
888.448
0.999997 6.44121e-05 -0.00224772 -0.0815103 -5.61852e-05 0.999993 0.00365998 -0.0326363 0.00224794 -0.00365985 0.999991 0.428367 
126
45
1010.65
0.997919 -0.0113387 0.0634758 0.0333481 0.0111932 0.999934 0.00264735 -0.0382838 -0.0635016 -0.00193134 0.99798 0.313671 
113
37
954.324
0.997919 -0.0113387 0.0634758 0.0333481 0.0111932 0.999934 0.00264735 -0.0382838 -0.0635016 -0.00193134 0.99798 0.313671 
139
75
1390.25
0.997919 -0.0113387 0.0634758 0.0333481 0.0111932 0.999934 0.00264735 -0.0382838 -0.0635016 -0.00193134 0.99798 0.313671 
141
76
1448.06
0.997919 -0.0113387 0.0634758 0.0333481 0.0111932 0.999934 0.00264735 -0.0382838 -0.0635016 -0.00193134 0.99798 0.313671 
145
77
1540.18
0.997919 -0.0113387 0.0634758 0.0333481 0.0111932 0.999934 0.00264735 -0.0382838 -0.0635016 -0.00193134 0.99798 0.313671 
146
85
1691.4
0.989242 2.8778e-05 0.146291 0.0113219 -0.000629557 0.999992 0.00406044 -0.00569895 -0.146289 -0.00410886 0.989233 0.16991 
145
69
1318.37
0.999995 0.000949358 -0.00293274 0.0134262 -0.000941591 0.999996 0.00264849 -0.0141817 0.00293524 -0.00264572 0.999992 0.427596 
141
75
751.697
0.999991 0.00303901 -0.00279569 0.00461724 -0.00303024 0.99999 0.00313476 0.0056266 0.00280519 -0.00312626 0.999991 0.459912 
122
66
612.099
0.999985 0.000109426 -0.00543144 0.00290851 -7.46116e-05 0.999979 0.00640952 -0.0101268 0.00543203 -0.00640902 0.999965 0.455891 
132
72
769.811
1 0.000802588 -0.000165127 -0.00257595 -0.000802603 1 -9.42354e-05 3.46775e-05 0.000165051 9.43679e-05 1 0.490181 
125
84
697.364
0.999994 -0.00106787 -0.00339446 -0.000439006 0.0010725 0.999998 0.00136477 -0.0121922 0.003393 -0.0013684 0.999993 0.455897 
141
72
760.171
0.999987 -0.000525325 -0.00508623 0.00379819 0.000548973 0.999989 0.00464898 -0.00669968 0.00508373 -0.00465171 0.999976 0.428842 
126
63
555.435
0.999968 -0.00355993 -0.00719092 0.0126609 0.00356719 0.999993 0.000996523 -0.00102171 0.00718732 -0.00102214 0.999974 0.452396 
132
66
624.518
0.995362 0.00585361 0.0960214 -0.0467484 -0.00647083 0.99996 0.00611774 -0.0222605 -0.0959818 -0.0067107 0.99536 0.308082 
140
50
874.667
0.995362 0.00585361 0.0960214 -0.0467484 -0.00647083 0.99996 0.00611774 -0.0222605 -0.0959818 -0.0067107 0.99536 0.308082 
147
78
1786.68
0.995362 0.00585361 0.0960214 -0.0467484 -0.00647083 0.99996 0.00611774 -0.0222605 -0.0959818 -0.0067107 0.99536 0.308082 
150
76
1814.36
0.995362 0.00585361 0.0960214 -0.0467484 -0.00647083 0.99996 0.00611774 -0.0222605 -0.0959818 -0.0067107 0.99536 0.308082 
150
76
1482.3
0.995362 0.00585361 0.0960214 -0.0467484 -0.00647083 0.99996 0.00611774 -0.0222605 -0.0959818 -0.0067107 0.99536 0.308082 
150
66
1786.28
0.995362 0.00585361 0.0960214 -0.0467484 -0.00647083 0.99996 0.00611774 -0.0222605 -0.0959818 -0.0067107 0.99536 0.308082 
150
67
1835.45
0.998123 0.00602163 0.0609438 -0.0222849 -0.0060162 0.999982 -0.000272637 -0.00566779 -0.0609443 -9.45252e-05 0.998141 0.366769 
149
57
1026.35
0.999999 -8.55402e-05 -0.00101552 -0.00542048 8.62132e-05 1 0.000662719 0.0268652 0.00101546 -0.000662806 0.999999 0.440842 
143
69
810.394
1 9.86569e-05 -0.000508481 0.00416684 -9.8091e-05 0.999999 0.0011129 -0.000961782 0.00050859 -0.00111285 0.999999 0.478257 
139
65
796.074
1 9.86569e-05 -0.000508481 0.00416684 -9.8091e-05 0.999999 0.0011129 -0.000961782 0.00050859 -0.00111285 0.999999 0.478257 
136
66
497.621
1 6.32326e-05 -0.000983956 0.00711838 -6.34182e-05 1 -0.000188636 0.0110167 0.000983944 0.000188698 0.999999 0.473316 
148
72
1039.41
0.999922 -0.000918243 -0.0124717 0.0296014 0.0010887 0.999906 0.0136672 -0.0220519 0.012458 -0.0136797 0.999829 0.478212 
139
66
832.964
0.982289 -0.00092128 0.187371 -0.0144302 6.49837e-06 0.999988 0.00488276 -0.00486196 -0.187373 -0.00479506 0.982277 0.07767 
145
87
1670.73
0.982289 -0.00092128 0.187371 -0.0144302 6.49837e-06 0.999988 0.00488276 -0.00486196 -0.187373 -0.00479506 0.982277 0.07767 
149
79
1420.13
0.982289 -0.00092128 0.187371 -0.0144302 6.49837e-06 0.999988 0.00488276 -0.00486196 -0.187373 -0.00479506 0.982277 0.07767 
149
80
1463.88
0.982289 -0.00092128 0.187371 -0.0144302 6.49837e-06 0.999988 0.00488276 -0.00486196 -0.187373 -0.00479506 0.982277 0.07767 
147
88
1338.41
0.982289 -0.00092128 0.187371 -0.0144302 6.49837e-06 0.999988 0.00488276 -0.00486196 -0.187373 -0.00479506 0.982277 0.07767 
150
75
1384.19
0.982289 -0.00092128 0.187371 -0.0144302 6.49837e-06 0.999988 0.00488276 -0.00486196 -0.187373 -0.00479506 0.982277 0.07767 
150
78
1417.58
0.982289 -0.00092128 0.187371 -0.0144302 6.49837e-06 0.999988 0.00488276 -0.00486196 -0.187373 -0.00479506 0.982277 0.07767 
150
77
1486.19
0.999912 -0.00256369 0.0130353 0.0403769 0.00268437 0.999954 -0.00924875 0.0256833 -0.013011 0.00928293 0.999872 0.417143 
150
53
1035.1
0.999997 -0.000474952 -0.00243363 -0.00335566 0.000477286 0.999999 0.00095857 -0.00815382 0.00243317 -0.000959728 0.999997 0.466843 
149
97
853.351
0.999948 -0.00346264 0.00956231 0.00427697 0.00270609 0.996948 0.0780275 0.0180926 -0.00980331 -0.0779976 0.996905 0.538419 
145
58
1122.86
0.991504 -0.00622307 0.129931 0.0303273 0.0158065 0.997217 -0.0728575 -0.00748396 -0.129116 0.0742922 0.988843 0.117589 
150
81
1525.15
0.999997 -0.000547724 -0.00230955 -0.00881017 0.00054519 0.999999 -0.0010976 0.0104122 0.00231015 0.00109634 0.999997 0.465076 
150
95
804.212
1 0.00016966 0.000272278 0.00188288 -0.000169588 1 -0.000263838 -0.00709904 -0.000272322 0.000263792 1 0.469617 
150
98
960.862
0.999998 0.000468278 0.00206629 -0.042285 -0.000469789 1 0.000730738 -0.0136157 -0.00206594 -0.000731707 0.999998 0.477416 
142
97
579.34
0.999999 -0.000527525 -0.00140121 -0.0147624 0.000526403 1 -0.000800968 0.0047755 0.00140164 0.00080023 0.999999 0.415867 
149
96
589.173
0.999997 -0.000511455 -0.00251191 0.00416363 0.000508208 0.999999 -0.00129312 -0.0026091 0.00251257 0.00129184 0.999996 0.423883 
148
94
933.092
0.999998 0.00057315 0.00177476 -0.0231039 -0.000574072 1 0.000519253 -0.0115251 -0.00177446 -0.000520271 0.999998 0.457264 
143
83
531.358
0.99964 0.00224167 -0.0267514 -0.00771227 -0.00236299 0.999987 -0.00450412 -0.00363298 0.026741 0.00456571 0.999632 0.395052 
150
74
873.083
0.99964 0.00224167 -0.0267514 -0.00771227 -0.00236299 0.999987 -0.00450412 -0.00363298 0.026741 0.00456571 0.999632 0.395052 
150
75
1365.52
0.99964 0.00224167 -0.0267514 -0.00771227 -0.00236299 0.999987 -0.00450412 -0.00363298 0.026741 0.00456571 0.999632 0.395052 
150
91
1536.71
0.99964 0.00224167 -0.0267514 -0.00771227 -0.00236299 0.999987 -0.00450412 -0.00363298 0.026741 0.00456571 0.999632 0.395052 
150
90
1623.81
0.99964 0.00224167 -0.0267514 -0.00771227 -0.00236299 0.999987 -0.00450412 -0.00363298 0.026741 0.00456571 0.999632 0.395052 
150
88
1528.43
0.99964 0.00224167 -0.0267514 -0.00771227 -0.00236299 0.999987 -0.00450412 -0.00363298 0.026741 0.00456571 0.999632 0.395052 
150
81
1552.92
0.999912 -0.00166557 -0.0131268 0.0292509 0.00154719 0.999958 -0.00902355 0.0420561 0.0131413 0.00900245 0.999873 0.462091 
150
77
751.999
0.999999 0.000657457 0.00102162 -0.0170411 -0.000654828 0.999996 -0.00257134 0.0102933 -0.00102331 0.00257067 0.999996 0.459213 
150
94
951.679
1 -0.000294623 -0.000802147 0.0083183 0.000293318 0.999999 -0.00162657 0.0018306 0.000802625 0.00162633 0.999998 0.429343 
150
94
493.247
0.999999 -0.000263541 -0.00145269 0.0134772 0.000261794 0.999999 -0.00120248 -0.00189337 0.001453 0.0012021 0.999998 0.469943 
150
93
662.743
1 -7.40348e-05 0.000315201 -0.0130199 7.51587e-05 0.999994 -0.00356708 0.00394094 -0.000314935 0.00356711 0.999994 0.47702 
149
97
857.359
0.998459 -0.00183964 -0.0554555 0.0421698 0.00312765 0.999727 0.0231481 -0.0091992 0.0553978 -0.0232858 0.998193 0.369233 
147
56
571.04
0.998459 -0.00183964 -0.0554555 0.0421698 0.00312765 0.999727 0.0231481 -0.0091992 0.0553978 -0.0232858 0.998193 0.369233 
148
77
1519.85
0.998459 -0.00183964 -0.0554555 0.0421698 0.00312765 0.999727 0.0231481 -0.0091992 0.0553978 -0.0232858 0.998193 0.369233 
150
85
1506.13
0.998459 -0.00183964 -0.0554555 0.0421698 0.00312765 0.999727 0.0231481 -0.0091992 0.0553978 -0.0232858 0.998193 0.369233 
150
76
1561.46
0.98575 -0.0011315 -0.168215 -0.0282582 -0.00226032 0.999798 -0.0199707 0.0256314 0.168204 0.0200664 0.985548 0.0837163 
150
73
1897.58
0.999966 -0.00316342 -0.00756746 -0.0217736 0.00322029 0.999967 0.00751513 0.00146199 0.00754343 -0.00753925 0.999943 0.461512 
147
65
566.921
0.999996 -0.000958597 -0.00273426 0.00264183 0.000951 0.999996 -0.00277837 0.00362874 0.00273691 0.00277575 0.999992 0.455402 
142
86
944.071
0.999999 0.00042707 0.00101761 0.019341 -0.00042529 0.999998 -0.00174943 0.00955123 -0.00101836 0.00174899 0.999998 0.435223 
147
86
710.677
0.999998 0.00046411 0.0018118 -0.013889 -0.000463092 1 -0.000562103 0.00749685 -0.00181206 0.000561263 0.999998 0.443838 
143
77
580.831
0.988011 0.00123311 -0.154377 0.00981371 -0.00153364 0.999997 -0.00182761 0.00419287 0.154374 0.00204246 0.98801 0.141408 
150
69
1484.24
0.988011 0.00123311 -0.154377 0.00981371 -0.00153364 0.999997 -0.00182761 0.00419287 0.154374 0.00204246 0.98801 0.141408 
150
81
1615.4
0.988011 0.00123311 -0.154377 0.00981371 -0.00153364 0.999997 -0.00182761 0.00419287 0.154374 0.00204246 0.98801 0.141408 
150
84
1438.98
0.988011 0.00123311 -0.154377 0.00981371 -0.00153364 0.999997 -0.00182761 0.00419287 0.154374 0.00204246 0.98801 0.141408 
150
80
1619.1
0.988011 0.00123311 -0.154377 0.00981371 -0.00153364 0.999997 -0.00182761 0.00419287 0.154374 0.00204246 0.98801 0.141408 
150
96
1562.86
0.988011 0.00123311 -0.154377 0.00981371 -0.00153364 0.999997 -0.00182761 0.00419287 0.154374 0.00204246 0.98801 0.141408 
150
87
1430.86
0.988011 0.00123311 -0.154377 0.00981371 -0.00153364 0.999997 -0.00182761 0.00419287 0.154374 0.00204246 0.98801 0.141408 
150
92
1551.99
0.979016 -0.00218052 -0.20377 -0.0125523 -0.012771 0.997321 -0.0720305 -0.00755736 0.203381 0.0731214 0.976365 -0.0607191 
148
80
2210.02
0.999998 0.000703686 -0.00174872 0.0936055 -0.000561905 0.996811 0.0797945 -0.0326415 0.00179929 -0.0797934 0.99681 0.467528 
146
56
1045.57
1 0.000205175 0.000937625 0.0117058 -0.000207248 0.999998 0.00221166 -0.00733844 -0.000937169 -0.00221186 0.999997 0.474068 
147
89
674.441
1 0.000271987 0.000957887 -0.00804858 -0.000272109 1 0.000127301 -0.00201618 -0.000957853 -0.000127562 1 0.460688 
148
89
984.304
1 -0.000214706 -6.90658e-05 -0.00834802 0.000214571 0.999998 -0.00194651 0.00249694 6.94835e-05 0.0019465 0.999998 0.432096 
150
90
976.025
0.999999 0.000340235 0.00140855 -0.00254341 -0.000339694 1 -0.000384396 -0.00515268 -0.00140868 0.000383917 0.999999 0.470043 
146
83
1010.21
0.999999 -0.000176288 -0.00162925 0.018152 0.000176486 1 0.000121148 -0.015046 0.00162922 -0.000121435 0.999999 0.494834 
148
86
1093.31
1 1.33469e-05 -0.000576813 0.0833964 -1.37036e-05 1 -0.000618375 -0.0146231 0.000576805 0.000618382 1 0.386059 
144
74
936.701
1 -0.000130744 -0.000838897 0.0096839 0.000129517 0.999999 -0.00146301 0.00537961 0.000839087 0.0014629 0.999999 0.460897 
142
75
925.84
0.999988 -0.00114673 -0.00467976 0.00806969 0.00114095 0.999999 -0.00123722 -0.00362755 0.00468117 0.00123187 0.999988 0.428452 
145
71
864.356
1 -1.32904e-05 0.000402318 -0.00646243 1.21556e-05 0.999996 0.00282057 0.00324941 -0.000402354 -0.00282056 0.999996 0.463062 
141
61
1074.97
0.988347 -0.00337739 -0.152179 0.0218907 0.00276073 0.999987 -0.00426331 0.00555373 0.152191 0.0037935 0.988344 0.164245 
150
66
1646.61
0.988347 -0.00337739 -0.152179 0.0218907 0.00276073 0.999987 -0.00426331 0.00555373 0.152191 0.0037935 0.988344 0.164245 
150
75
1491.42
0.988347 -0.00337739 -0.152179 0.0218907 0.00276073 0.999987 -0.00426331 0.00555373 0.152191 0.0037935 0.988344 0.164245 
150
79
1881.83
0.996397 -0.00119804 -0.0848031 -0.0246516 0.00126071 0.999999 0.000685445 -0.00186178 0.0848022 -0.000789888 0.996397 0.274227 
150
80
1196.73
0.998793 0.00318014 -0.0490149 -0.0189205 -0.00278781 0.999964 0.00807068 -0.00186004 0.0490387 -0.00792429 0.998765 0.375334 
135
63
674.759
0.998793 0.00318014 -0.0490149 -0.0189205 -0.00278781 0.999964 0.00807068 -0.00186004 0.0490387 -0.00792429 0.998765 0.375334 
150
81
1654.45
0.998793 0.00318014 -0.0490149 -0.0189205 -0.00278781 0.999964 0.00807068 -0.00186004 0.0490387 -0.00792429 0.998765 0.375334 
150
81
1523.48
0.998793 0.00318014 -0.0490149 -0.0189205 -0.00278781 0.999964 0.00807068 -0.00186004 0.0490387 -0.00792429 0.998765 0.375334 
148
70
1736.47
0.998793 0.00318014 -0.0490149 -0.0189205 -0.00278781 0.999964 0.00807068 -0.00186004 0.0490387 -0.00792429 0.998765 0.375334 
148
69
1502.7
0.998793 0.00318014 -0.0490149 -0.0189205 -0.00278781 0.999964 0.00807068 -0.00186004 0.0490387 -0.00792429 0.998765 0.375334 
148
89
1483.46
0.998793 0.00318014 -0.0490149 -0.0189205 -0.00278781 0.999964 0.00807068 -0.00186004 0.0490387 -0.00792429 0.998765 0.375334 
150
91
1504.92
0.998793 0.00318014 -0.0490149 -0.0189205 -0.00278781 0.999964 0.00807068 -0.00186004 0.0490387 -0.00792429 0.998765 0.375334 
150
93
1397.34
0.998793 0.00318014 -0.0490149 -0.0189205 -0.00278781 0.999964 0.00807068 -0.00186004 0.0490387 -0.00792429 0.998765 0.375334 
150
77
1368.57
0.998793 0.00318014 -0.0490149 -0.0189205 -0.00278781 0.999964 0.00807068 -0.00186004 0.0490387 -0.00792429 0.998765 0.375334 
150
79
1433.21
0.998793 0.00318014 -0.0490149 -0.0189205 -0.00278781 0.999964 0.00807068 -0.00186004 0.0490387 -0.00792429 0.998765 0.375334 
150
82
1506.23
0.999743 0.000583334 -0.0226681 -0.00169353 -0.000523582 0.999996 0.00264182 0.00616916 0.0226695 -0.00262928 0.99974 0.429155 
146
60
801.711
1 -0.000133219 0.000102417 -0.0055392 0.000133209 1 0.000101433 0.00327651 -0.00010243 -0.000101419 1 0.490516 
147
103
945.943
1 -0.000133219 0.000102417 -0.0055392 0.000133209 1 0.000101433 0.00327651 -0.00010243 -0.000101419 1 0.490516 
150
78
1934.05
0.999996 -0.00108837 -0.00244388 -0.00202637 0.00108207 0.999996 -0.00257869 0.00847512 0.00244668 0.00257604 0.999994 0.419389 
149
89
434.882
0.999999 0.000338941 0.00099677 -0.00899184 -0.000339257 1 0.0003169 -0.0092508 -0.000996663 -0.000317238 0.999999 0.475818 
147
88
696.987
0.999999 0.00040691 0.00159353 -0.0227993 -0.000402421 0.999996 -0.00281665 0.0152587 -0.00159467 0.00281601 0.999995 0.460488 
150
91
852.672
1 -0.000392027 -0.000271101 0.0266468 0.000392285 0.999999 0.00095035 0.0146894 0.000270729 -0.000950456 1 0.450555 
137
80
531.757
0.999994 -0.000890925 -0.00329939 0.034468 0.000886627 0.999999 -0.00130387 0.00194742 0.00330054 0.00130094 0.999994 0.424185 
146
85
544.073
0.999999 -0.00042464 -0.00105058 8.36674e-05 0.000425422 1 0.000744061 -0.00879708 0.00105026 -0.000744507 0.999999 0.453491 
149
81
683.473
0.999997 0.000491968 0.00226056 -0.00143427 -0.000489405 0.999999 -0.00113449 -0.00165396 -0.00226112 0.00113338 0.999997 0.452574 
138
94
750.733
0.994536 -0.00349532 0.104336 0.0249161 0.00298092 0.999983 0.00508586 -0.00361902 -0.104352 -0.00474705 0.994529 0.236131 
145
62
1175.55
0.994536 -0.00349532 0.104336 0.0249161 0.00298092 0.999983 0.00508586 -0.00361902 -0.104352 -0.00474705 0.994529 0.236131 
149
80
1626.13
0.994536 -0.00349532 0.104336 0.0249161 0.00298092 0.999983 0.00508586 -0.00361902 -0.104352 -0.00474705 0.994529 0.236131 
150
85
1386.68
0.994536 -0.00349532 0.104336 0.0249161 0.00298092 0.999983 0.00508586 -0.00361902 -0.104352 -0.00474705 0.994529 0.236131 
150
75
1647.14
0.994536 -0.00349532 0.104336 0.0249161 0.00298092 0.999983 0.00508586 -0.00361902 -0.104352 -0.00474705 0.994529 0.236131 
150
83
1774.83
0.994536 -0.00349532 0.104336 0.0249161 0.00298092 0.999983 0.00508586 -0.00361902 -0.104352 -0.00474705 0.994529 0.236131 
150
82
1502.62
0.994536 -0.00349532 0.104336 0.0249161 0.00298092 0.999983 0.00508586 -0.00361902 -0.104352 -0.00474705 0.994529 0.236131 
150
82
1447.37
0.994536 -0.00349532 0.104336 0.0249161 0.00298092 0.999983 0.00508586 -0.00361902 -0.104352 -0.00474705 0.994529 0.236131 
150
90
1816.56
0.982833 -0.00458064 0.18444 0.0154231 0.00458351 0.999989 0.000410813 0.00665649 -0.18444 0.000441623 0.982844 0.0664664 
150
76
1939.52
0.999999 -0.000789079 -0.000773134 0.0114795 0.000788993 1 -0.000110973 0.00694091 0.000773222 0.000110363 1 0.486425 
145
87
891.529
1 -0.000250607 -0.000491266 0.00333643 0.000250345 1 -0.000533578 0.00116437 0.0004914 0.000533455 1 0.488008 
147
95
1031.34
0.999998 -0.000637555 -0.0018818 0.0254838 0.000628445 0.999988 -0.00483777 0.00271338 0.00188486 0.00483658 0.999987 0.415394 
148
95
823.888
0.994815 0.00938277 0.101271 -0.0531493 -0.00706449 0.999705 -0.0232263 0.0622398 -0.101459 0.0223904 0.994588 0.274288 
150
59
1348.55
0.999081 -0.00142678 0.0428422 0.0128237 0.00136673 0.999998 0.00143084 0.00756367 -0.0428442 -0.00137097 0.999081 0.37939 
150
79
1119.51
0.999992 0.000943314 0.00400274 0.0153406 -0.000962792 0.999988 0.00486696 -0.0229943 -0.0039981 -0.00487077 0.99998 0.477647 
142
83
832.704
0.999988 -0.00133025 -0.00467558 0.00447509 0.00132246 0.999998 -0.0016689 0.00913966 0.00467779 0.00166269 0.999988 0.425381 
150
94
795.707
0.999998 0.000544977 0.00177978 0.00845544 -0.000547335 0.999999 0.00132481 -0.0121383 -0.00177906 -0.00132578 0.999998 0.457059 
148
80
943.329
1 1.49022e-05 -0.000826625 -0.0238082 -1.33396e-05 0.999998 0.00189025 -0.0075462 0.000826652 -0.00189024 0.999998 0.479448 
148
74
1138.94
0.999995 -0.000389804 -0.0031917 0.0115175 0.000387745 1 -0.000645777 0.0108461 0.00319196 0.000644536 0.999995 0.456062 
142
79
781.091
0.999999 0.000230603 0.00111903 0.0384865 -0.000233382 0.999997 0.00248436 -0.0238444 -0.00111845 -0.00248462 0.999996 0.440108 
149
74
1016.81
0.999998 -0.000517074 -0.00169822 -0.0176323 0.000508991 0.999989 -0.00475637 0.0184257 0.00170066 0.0047555 0.999987 0.434482 
144
82
1076.12
1 -0.000237399 -7.84971e-05 0.00286985 0.000237357 1 -0.000525163 -0.00111178 7.86217e-05 0.000525144 1 0.48736 
136
70
983.412
0.999997 -7.11869e-05 0.00225276 0.00501558 5.59877e-05 0.999977 0.00674625 -0.0114333 -0.00225319 -0.00674611 0.999975 0.436651 
130
68
768.504
0.999998 0.000540228 0.00209237 -0.00243266 -0.000541641 1 0.000675047 0.00657489 -0.002092 -0.000676179 0.999998 0.47072 
137
63
1253.09
0.999978 0.000891942 0.0066076 -0.0108949 -0.000869835 0.999994 -0.00334785 -0.00462491 -0.00661055 0.00334203 0.999973 0.463926 
132
47
1040.2
0.999999 -0.00137563 -0.000615114 0.00509678 0.00137727 0.999995 0.00267579 0.00221787 0.00061143 -0.00267664 0.999996 0.473995 
108
50
923.744
0.997131 0.00640628 -0.0754283 -0.00838355 -0.00854133 0.999571 -0.0280171 -0.00164923 0.0752165 0.028581 0.996758 0.283448 
112
37
1061.36
0.997131 0.00640628 -0.0754283 -0.00838355 -0.00854133 0.999571 -0.0280171 -0.00164923 0.0752165 0.028581 0.996758 0.283448 
139
72
1357.67
0.997131 0.00640628 -0.0754283 -0.00838355 -0.00854133 0.999571 -0.0280171 -0.00164923 0.0752165 0.028581 0.996758 0.283448 
133
66
1419.31
0.997131 0.00640628 -0.0754283 -0.00838355 -0.00854133 0.999571 -0.0280171 -0.00164923 0.0752165 0.028581 0.996758 0.283448 
134
71
1190.25
0.997131 0.00640628 -0.0754283 -0.00838355 -0.00854133 0.999571 -0.0280171 -0.00164923 0.0752165 0.028581 0.996758 0.283448 
134
70
1238.7
0.999174 -0.00309989 -0.0405294 -0.0240314 0.00359944 0.999918 0.0122586 -0.0190744 0.0404881 -0.0123943 0.999103 0.385884 
135
56
796.345
0.999979 0.00265054 0.00587194 -0.0116488 -0.00267753 0.999986 0.00459386 -0.0171595 -0.00585968 -0.00460948 0.999972 0.432978 
134
67
773.664
0.999961 -0.00611365 -0.00636481 0.0120885 0.00613802 0.999974 0.00381667 0.00595797 0.00634131 -0.00385559 0.999972 0.45024 
128
52
672.288
0.999983 -0.00307956 -0.00504895 0.00045376 0.00310972 0.999977 0.0059761 0.00628763 0.00503043 -0.00599169 0.999969 0.457919 
110
47
723.705
0.999958 0.00567197 0.0072158 0.0219891 -0.00561544 0.999954 -0.00782974 -0.03255 -0.00725988 0.00778889 0.999943 0.40388 
107
33
853.672
0.999958 0.00567197 0.0072158 0.0219891 -0.00561544 0.999954 -0.00782974 -0.03255 -0.00725988 0.00778889 0.999943 0.40388 
141
66
1323.27
0.999958 0.00567197 0.0072158 0.0219891 -0.00561544 0.999954 -0.00782974 -0.03255 -0.00725988 0.00778889 0.999943 0.40388 
143
64
1395.27
0.999958 0.00567197 0.0072158 0.0219891 -0.00561544 0.999954 -0.00782974 -0.03255 -0.00725988 0.00778889 0.999943 0.40388 
144
71
1402.15
0.999958 0.00567197 0.0072158 0.0219891 -0.00561544 0.999954 -0.00782974 -0.03255 -0.00725988 0.00778889 0.999943 0.40388 
141
81
1443.93
0.999958 0.00567197 0.0072158 0.0219891 -0.00561544 0.999954 -0.00782974 -0.03255 -0.00725988 0.00778889 0.999943 0.40388 
139
71
1629.36
0.999958 0.00567197 0.0072158 0.0219891 -0.00561544 0.999954 -0.00782974 -0.03255 -0.00725988 0.00778889 0.999943 0.40388 
142
77
1460.58
0.993491 -0.0010904 -0.113903 -0.0338665 0.0018655 0.999976 0.00669858 -0.0122682 0.113893 -0.00686747 0.993469 0.215088 
140
59
1183.41
0.993491 -0.0010904 -0.113903 -0.0338665 0.0018655 0.999976 0.00669858 -0.0122682 0.113893 -0.00686747 0.993469 0.215088 
129
65
74.6544
0.999993 -0.00333927 0.00182661 0.214741 0.00334247 0.999993 -0.00174688 -0.188577 -0.00182077 0.00175297 0.999997 0.0169053 
125
56
705.736
0.999993 -0.00333927 0.00182661 0.214741 0.00334247 0.999993 -0.00174688 -0.188577 -0.00182077 0.00175297 0.999997 0.0169053 
128
69
409.667
0.999987 0.00425141 -0.00263649 0.217614 -0.00425792 0.999988 -0.00246669 -0.0355588 0.00262598 0.00247788 0.999993 0.291688 
130
62
427.511
1 -0.000236881 -0.000656466 0.154309 0.000236728 1 -0.000233634 -0.0146414 0.000656521 0.000233479 1 0.229032 
137
65
649.962
0.98474 0.00490019 -0.173962 -0.00331859 -0.00474643 0.999988 0.00129987 -0.00327905 0.173966 -0.000454341 0.984752 0.0903696 
137
63
1212.41
0.986585 -0.002324 -0.163233 -0.0162104 0.00231249 0.999997 -0.00026053 -0.00488396 0.163233 -0.000120439 0.986588 0.138032 
141
67
1445.31
0.999999 -0.000171261 -0.00141743 -0.444926 0.000171193 1 -4.82561e-05 0.147741 0.00141744 4.80134e-05 0.999999 0.820856 
136
63
496.631
0.999999 -0.000178549 -0.00131178 -0.0150016 0.000177488 1 -0.000808755 -0.0132904 0.00131193 0.000808522 0.999999 0.428926 
134
80
690.427
0.999999 -0.000152841 0.00109423 0.00388274 0.000152099 1 0.000677963 0.0119155 -0.00109433 -0.000677796 0.999999 0.465944 
140
84
739.342
0.999998 0.000572034 0.00171085 -0.0117879 -0.000570906 1 -0.000660102 0.00925735 -0.00171123 0.000659124 0.999998 0.435505 
136
82
519.8
0.999994 -0.00172186 -0.00310486 0.0169851 0.00172222 0.999999 0.00011468 0.0127779 0.00310466 -0.000120026 0.999995 0.455898 
137
74
557.685
0.999999 0.000827718 0.000758199 -0.0250783 -0.000827093 0.999999 -0.000824031 0.000623756 -0.000758881 0.000823403 0.999999 0.498721 
143
67
645.569
0.999998 0.00154081 0.0009876 -0.10136 -0.00153674 0.99999 -0.0041014 0.0346623 -0.00099391 0.00409988 0.999991 0.408008 
139
71
685.845
0.996497 -0.0114786 -0.0828368 0.070711 0.011296 0.999933 -0.00267315 -0.067253 0.0828619 0.00172807 0.99656 0.282192 
139
51
952.131
0.996497 -0.0114786 -0.0828368 0.070711 0.011296 0.999933 -0.00267315 -0.067253 0.0828619 0.00172807 0.99656 0.282192 
147
83
1691.38
0.996497 -0.0114786 -0.0828368 0.070711 0.011296 0.999933 -0.00267315 -0.067253 0.0828619 0.00172807 0.99656 0.282192 
145
68
1334.51
0.996497 -0.0114786 -0.0828368 0.070711 0.011296 0.999933 -0.00267315 -0.067253 0.0828619 0.00172807 0.99656 0.282192 
146
72
1365.14
0.996497 -0.0114786 -0.0828368 0.070711 0.011296 0.999933 -0.00267315 -0.067253 0.0828619 0.00172807 0.99656 0.282192 
150
87
1477.45
0.996497 -0.0114786 -0.0828368 0.070711 0.011296 0.999933 -0.00267315 -0.067253 0.0828619 0.00172807 0.99656 0.282192 
150
84
1609.89
0.992299 0.00704651 -0.123663 -0.0468925 -0.00696647 0.999975 0.00107964 0.0203037 0.123668 -0.000209829 0.992324 0.188576 
150
74
1390.5
0.999999 -0.000199041 -0.00102105 0.00307328 0.000198119 1 -0.000902554 -0.00363478 0.00102123 0.000902352 0.999999 0.457463 
150
109
763.817
0.999999 -0.000208079 -0.00129245 0.00942967 0.000207626 1 -0.000350323 -0.00773307 0.00129252 0.000350054 0.999999 0.436898 
150
105
748.116
0.999999 4.79273e-06 -0.00119437 0.0146605 -4.82928e-06 1 -3.05973e-05 0.00192119 0.00119437 3.06031e-05 0.999999 0.437113 
147
96
559.199
1 0.000142963 0.000127093 -0.0095918 -0.000142829 0.999999 -0.00105038 0.00033822 -0.000127243 0.00105036 0.999999 0.430452 
147
102
540.901
0.999996 0.000605512 0.00292165 -0.0103577 -0.000609369 0.999999 0.00131954 -0.00628442 -0.00292085 -0.00132132 0.999995 0.445189 
150
105
716.941
0.999999 -0.000334837 -0.000991333 0.0165706 0.000335538 1 0.000707586 -0.0239218 0.000991095 -0.000707918 0.999999 0.429917 
146
98
963.697
0.999997 0.000840152 0.00230763 0.00329322 -0.000836889 0.999999 -0.00141442 0.00358219 -0.00230881 0.00141249 0.999996 0.460935 
147
94
613.215
1 -0.000164757 0.000152065 0.00374372 0.000164657 1 0.000658147 -0.00584933 -0.000152174 -0.000658122 1 0.452552 
150
110
831.755
1 -0.000293458 -0.000848724 -0.000105415 0.000293306 1 -0.00017942 -0.00513683 0.000848777 0.000179171 1 0.505484 
142
97
582.896
1 0.00042621 -0.000393851 0.019511 -0.000425949 1 0.000662763 0.00354367 0.000394133 -0.000662596 1 0.48317 
144
93
542.307
0.999998 -0.000726764 -0.00174845 -0.00221093 0.000730507 0.999997 0.00214121 -0.00707657 0.00174689 -0.00214249 0.999996 0.450602 
147
103
763.544
1 -3.55078e-05 -0.000648606 0.0160902 3.52815e-05 1 -0.000348853 -0.00366462 0.000648618 0.00034883 1 0.497551 
145
88
603.798
0.999986 0.00138742 0.00519457 -0.0058725 -0.00137236 0.999995 -0.00290205 0.00186919 -0.00519857 0.00289488 0.999982 0.460605 
146
102
861.531
0.992067 0.00504034 -0.125607 0.00664334 -0.00435003 0.999974 0.00576948 -0.0214773 0.125633 -0.00517732 0.992063 0.206621 
150
73
1237.82
0.992067 0.00504034 -0.125607 0.00664334 -0.00435003 0.999974 0.00576948 -0.0214773 0.125633 -0.00517732 0.992063 0.206621 
150
74
1728.84
