0.999999 0.00123233 0.000723367 -0.00115356 -0.00123208 0.999999 -0.000346069 0.127232 -0.000723793 0.000345178 1 0.193318 
138
98
257.903
0.999999 0.00123233 0.000723367 -0.00115356 -0.00123208 0.999999 -0.000346069 0.127232 -0.000723793 0.000345178 1 0.193318 
118
93
273.49
1 0.00025794 -0.000261054 -0.00551893 -0.00025804 1 -0.000381142 0.00389617 0.000260956 0.000381209 1 0.616245 
136
96
334.59
1 6.14438e-05 2.75185e-05 0.000618207 -6.14523e-05 1 0.000306184 0.00177891 -2.74997e-05 -0.000306185 1 0.646169 
130
95
452.794
1 6.14438e-05 2.75185e-05 0.000618207 -6.14523e-05 1 0.000306184 0.00177891 -2.74997e-05 -0.000306185 1 0.646169 
123
96
361.186
1 0.000119011 -0.000503729 -0.00443133 -0.000118887 1 0.00024582 0.00123897 0.000503758 -0.00024576 1 0.63719 
129
101
358.291
1 0.000190709 0.000741619 -0.00402817 -0.000190449 1 -0.000350576 0.00269782 -0.000741686 0.000350434 1 0.628813 
132
87
256.636
1 -2.77661e-05 0.000401119 0.00773671 2.77339e-05 1 8.00867e-05 0.000498502 -0.000401121 -8.00756e-05 1 0.641589 
137
96
614.334
0.999999 0.000331443 0.00115874 -0.000733875 -0.00033099 1 -0.000391145 0.000925894 -0.00115887 0.000390761 0.999999 0.652101 
131
93
219.798
1 7.02189e-05 -0.000133334 -0.00376334 -7.02799e-05 1 -0.000457386 -0.00075339 0.000133302 0.000457395 1 0.630173 
121
94
225.234
1 7.02189e-05 -0.000133334 -0.00376334 -7.02799e-05 1 -0.000457386 -0.00075339 0.000133302 0.000457395 1 0.630173 
137
89
251.924
1 -0.00028568 0.000402346 4.7887e-05 0.000285453 1 0.000562383 -0.00321064 -0.000402507 -0.000562268 1 0.64543 
137
102
373.915
1 -0.000234116 -3.49923e-05 0.0023229 0.00023412 1 0.000120938 -0.000683908 3.4964e-05 -0.000120946 1 0.649158 
131
99
267.162
1 -1.2122e-05 0.000146736 -0.00139918 1.20581e-05 1 0.00043543 -0.0104519 -0.000146741 -0.000435428 1 0.663312 
128
92
437.083
1 -6.52583e-05 -6.77592e-05 0.00120165 6.52457e-05 1 -0.0001859 -0.00181762 6.77713e-05 0.000185896 1 0.64505 
130
89
272.376
1 -6.52583e-05 -6.77592e-05 0.00120165 6.52457e-05 1 -0.0001859 -0.00181762 6.77713e-05 0.000185896 1 0.64505 
135
92
461.655
1 0.000184205 -0.000345014 -0.00122769 -0.0001844 1 -0.000564934 -0.00828585 0.00034491 0.000564998 1 0.604569 
134
86
350.717
1 -8.42078e-05 0.000145907 0.00160625 8.42568e-05 1 -0.000335639 -0.00614721 -0.000145879 0.000335651 1 0.663868 
131
88
412.091
1 -0.000218942 0.000328556 0.00408096 0.000218862 1 0.000242907 -0.00684957 -0.000328609 -0.000242835 1 0.696228 
134
93
481.665
1 -0.000218942 0.000328556 0.00408096 0.000218862 1 0.000242907 -0.00684957 -0.000328609 -0.000242835 1 0.696228 
136
96
364.308
1 -2.4586e-05 0.000198674 -0.00138375 2.45263e-05 1 0.00030074 0.00364977 -0.000198681 -0.000300735 1 0.652685 
138
91
563.31
1 0.000172918 0.000262102 -0.00808472 -0.000173217 0.999999 0.00114054 -0.00232107 -0.000261905 -0.00114058 0.999999 0.664846 
121
90
472.089
1 6.60873e-05 -0.000650897 0.0115572 -6.59157e-05 1 0.000263644 -0.00541097 0.000650915 -0.000263601 1 0.667278 
133
90
319.3
1 -0.000184899 -0.000101668 0.000931621 0.00018488 1 -0.000186994 -0.00159418 0.000101703 0.000186975 1 0.652015 
138
94
349.015
1 -8.02788e-06 -9.94995e-05 0.00178172 7.9829e-06 1 -0.000451991 -0.00462479 9.95031e-05 0.00045199 1 0.614989 
128
98
222.114
1 -8.02788e-06 -9.94995e-05 0.00178172 7.9829e-06 1 -0.000451991 -0.00462479 9.95031e-05 0.00045199 1 0.614989 
123
93
434.719
1 6.75818e-05 -0.000145671 -0.00404744 -6.76456e-05 1 -0.000438421 -0.0113319 0.000145641 0.000438431 1 0.65589 
128
89
518.922
1 6.75818e-05 -0.000145671 -0.00404744 -6.76456e-05 1 -0.000438421 -0.0113319 0.000145641 0.000438431 1 0.65589 
129
85
367.533
1 -0.000349363 -0.00054569 -0.00142727 0.000349047 1 -0.000579312 -0.00634028 0.000545892 0.000579121 1 0.647376 
127
81
254.562
1 -0.000349363 -0.00054569 -0.00142727 0.000349047 1 -0.000579312 -0.00634028 0.000545892 0.000579121 1 0.647376 
127
82
400.467
1 -0.000349363 -0.00054569 -0.00142727 0.000349047 1 -0.000579312 -0.00634028 0.000545892 0.000579121 1 0.647376 
108
85
109.578
0.999999 -8.27673e-05 0.00115794 -0.00061516 8.21646e-05 1 0.00052055 0.00540801 -0.00115798 -0.000520455 0.999999 0.646089 
131
99
313.769
0.999999 -8.27673e-05 0.00115794 -0.00061516 8.21646e-05 1 0.00052055 0.00540801 -0.00115798 -0.000520455 0.999999 0.646089 
120
87
182.475
0.999999 -8.27673e-05 0.00115794 -0.00061516 8.21646e-05 1 0.00052055 0.00540801 -0.00115798 -0.000520455 0.999999 0.646089 
120
88
103.739
0.999999 -8.27673e-05 0.00115794 -0.00061516 8.21646e-05 1 0.00052055 0.00540801 -0.00115798 -0.000520455 0.999999 0.646089 
121
91
161.843
0.999999 -8.27673e-05 0.00115794 -0.00061516 8.21646e-05 1 0.00052055 0.00540801 -0.00115798 -0.000520455 0.999999 0.646089 
130
90
250.376
0.999999 -8.27673e-05 0.00115794 -0.00061516 8.21646e-05 1 0.00052055 0.00540801 -0.00115798 -0.000520455 0.999999 0.646089 
115
87
125.254
0.999999 -8.27673e-05 0.00115794 -0.00061516 8.21646e-05 1 0.00052055 0.00540801 -0.00115798 -0.000520455 0.999999 0.646089 
133
87
331.326
0.999999 -8.27673e-05 0.00115794 -0.00061516 8.21646e-05 1 0.00052055 0.00540801 -0.00115798 -0.000520455 0.999999 0.646089 
121
92
303.159
1 -1.81695e-05 -0.000133879 -0.00244279 1.81358e-05 1 -0.000251818 -0.000643302 0.000133883 0.000251815 1 0.616603 
129
91
231.271
1 -1.81695e-05 -0.000133879 -0.00244279 1.81358e-05 1 -0.000251818 -0.000643302 0.000133883 0.000251815 1 0.616603 
128
86
206.908
1 -1.81695e-05 -0.000133879 -0.00244279 1.81358e-05 1 -0.000251818 -0.000643302 0.000133883 0.000251815 1 0.616603 
113
78
250.611
1 -1.81695e-05 -0.000133879 -0.00244279 1.81358e-05 1 -0.000251818 -0.000643302 0.000133883 0.000251815 1 0.616603 
126
90
200.69
1 -1.81695e-05 -0.000133879 -0.00244279 1.81358e-05 1 -0.000251818 -0.000643302 0.000133883 0.000251815 1 0.616603 
125
93
359.433
1 -1.81695e-05 -0.000133879 -0.00244279 1.81358e-05 1 -0.000251818 -0.000643302 0.000133883 0.000251815 1 0.616603 
113
84
102.883
1 -1.81695e-05 -0.000133879 -0.00244279 1.81358e-05 1 -0.000251818 -0.000643302 0.000133883 0.000251815 1 0.616603 
116
86
280.795
1 -8.16736e-06 0.000148971 0.00180815 8.14357e-06 1 0.000159646 -0.000340048 -0.000148973 -0.000159644 1 0.631978 
123
90
360.148
1 2.09193e-05 1.65563e-05 -0.0027647 -2.09142e-05 1 -0.000304871 -0.00159012 -1.65627e-05 0.00030487 1 0.60235 
120
89
241.433
1 2.09193e-05 1.65563e-05 -0.0027647 -2.09142e-05 1 -0.000304871 -0.00159012 -1.65627e-05 0.00030487 1 0.60235 
130
89
355.589
1 2.09193e-05 1.65563e-05 -0.0027647 -2.09142e-05 1 -0.000304871 -0.00159012 -1.65627e-05 0.00030487 1 0.60235 
121
87
177.658
1 2.09193e-05 1.65563e-05 -0.0027647 -2.09142e-05 1 -0.000304871 -0.00159012 -1.65627e-05 0.00030487 1 0.60235 
122
86
357.669
1 -7.87674e-07 -0.00025652 -0.00510366 8.47391e-07 1 0.000232798 -0.000611638 0.00025652 -0.000232798 1 0.645132 
129
88
240.635
1 -7.87674e-07 -0.00025652 -0.00510366 8.47391e-07 1 0.000232798 -0.000611638 0.00025652 -0.000232798 1 0.645132 
116
86
91.6359
1 -7.87674e-07 -0.00025652 -0.00510366 8.47391e-07 1 0.000232798 -0.000611638 0.00025652 -0.000232798 1 0.645132 
129
79
354.197
1 -7.87674e-07 -0.00025652 -0.00510366 8.47391e-07 1 0.000232798 -0.000611638 0.00025652 -0.000232798 1 0.645132 
111
77
95.7055
1 -7.87674e-07 -0.00025652 -0.00510366 8.47391e-07 1 0.000232798 -0.000611638 0.00025652 -0.000232798 1 0.645132 
121
86
163.481
1 -7.87674e-07 -0.00025652 -0.00510366 8.47391e-07 1 0.000232798 -0.000611638 0.00025652 -0.000232798 1 0.645132 
120
91
265.881
1 -7.87674e-07 -0.00025652 -0.00510366 8.47391e-07 1 0.000232798 -0.000611638 0.00025652 -0.000232798 1 0.645132 
130
94
390.111
1 -7.87674e-07 -0.00025652 -0.00510366 8.47391e-07 1 0.000232798 -0.000611638 0.00025652 -0.000232798 1 0.645132 
124
86
235.147
0.983205 -0.00514474 -0.182433 -0.0255615 0.00178941 0.999826 -0.0185519 0.00385043 0.182497 0.0179139 0.983043 0.267326 
133
69
763.875
0.983205 -0.00514474 -0.182433 -0.0255615 0.00178941 0.999826 -0.0185519 0.00385043 0.182497 0.0179139 0.983043 0.267326 
125
86
184.881
0.983205 -0.00514474 -0.182433 -0.0255615 0.00178941 0.999826 -0.0185519 0.00385043 0.182497 0.0179139 0.983043 0.267326 
129
92
172
1 -1.24817e-05 -0.000360824 -0.000442182 1.24819e-05 1 4.85993e-07 -0.000406182 0.000360824 -4.90497e-07 1 0.466374 
134
89
445.255
1 -1.24817e-05 -0.000360824 -0.000442182 1.24819e-05 1 4.85993e-07 -0.000406182 0.000360824 -4.90497e-07 1 0.466374 
123
92
289.721
1 0.000102302 0.000289814 0.000178048 -0.000102181 1 -0.000417752 -0.00460977 -0.000289856 0.000417722 1 0.655227 
127
97
323.453
1 0.000102302 0.000289814 0.000178048 -0.000102181 1 -0.000417752 -0.00460977 -0.000289856 0.000417722 1 0.655227 
121
92
293.674
1 -0.000200135 0.00020926 -0.00203336 0.000200154 1 -9.14773e-05 -0.00336767 -0.000209242 9.15192e-05 1 0.62411 
129
95
456.684
1 0.00012932 -0.000566427 0.00360423 -0.000130038 0.999999 -0.00126885 -0.0194598 0.000566263 0.00126892 0.999999 0.64783 
130
82
216.094
1 0.00012932 -0.000566427 0.00360423 -0.000130038 0.999999 -0.00126885 -0.0194598 0.000566263 0.00126892 0.999999 0.64783 
119
90
295.79
1 0.00012932 -0.000566427 0.00360423 -0.000130038 0.999999 -0.00126885 -0.0194598 0.000566263 0.00126892 0.999999 0.64783 
118
86
225.302
1 0.00012932 -0.000566427 0.00360423 -0.000130038 0.999999 -0.00126885 -0.0194598 0.000566263 0.00126892 0.999999 0.64783 
127
98
275.846
1 0.00012932 -0.000566427 0.00360423 -0.000130038 0.999999 -0.00126885 -0.0194598 0.000566263 0.00126892 0.999999 0.64783 
111
83
79.6905
1 0.00012932 -0.000566427 0.00360423 -0.000130038 0.999999 -0.00126885 -0.0194598 0.000566263 0.00126892 0.999999 0.64783 
125
88
146.969
1 0.00012932 -0.000566427 0.00360423 -0.000130038 0.999999 -0.00126885 -0.0194598 0.000566263 0.00126892 0.999999 0.64783 
131
87
166.601
1 0.00012932 -0.000566427 0.00360423 -0.000130038 0.999999 -0.00126885 -0.0194598 0.000566263 0.00126892 0.999999 0.64783 
124
90
113.065
1 0.00012932 -0.000566427 0.00360423 -0.000130038 0.999999 -0.00126885 -0.0194598 0.000566263 0.00126892 0.999999 0.64783 
121
90
163.343
1 0.00012932 -0.000566427 0.00360423 -0.000130038 0.999999 -0.00126885 -0.0194598 0.000566263 0.00126892 0.999999 0.64783 
124
91
217.913
1 0.00012932 -0.000566427 0.00360423 -0.000130038 0.999999 -0.00126885 -0.0194598 0.000566263 0.00126892 0.999999 0.64783 
133
92
183.816
1 0.00012932 -0.000566427 0.00360423 -0.000130038 0.999999 -0.00126885 -0.0194598 0.000566263 0.00126892 0.999999 0.64783 
121
96
183.837
1 0.00012932 -0.000566427 0.00360423 -0.000130038 0.999999 -0.00126885 -0.0194598 0.000566263 0.00126892 0.999999 0.64783 
131
95
397.635
1 0.00012932 -0.000566427 0.00360423 -0.000130038 0.999999 -0.00126885 -0.0194598 0.000566263 0.00126892 0.999999 0.64783 
130
96
401.288
1 0.00012932 -0.000566427 0.00360423 -0.000130038 0.999999 -0.00126885 -0.0194598 0.000566263 0.00126892 0.999999 0.64783 
107
77
487.284
1 0.00012932 -0.000566427 0.00360423 -0.000130038 0.999999 -0.00126885 -0.0194598 0.000566263 0.00126892 0.999999 0.64783 
122
95
301.558
1 0.00012932 -0.000566427 0.00360423 -0.000130038 0.999999 -0.00126885 -0.0194598 0.000566263 0.00126892 0.999999 0.64783 
132
96
371.479
1 0.00012932 -0.000566427 0.00360423 -0.000130038 0.999999 -0.00126885 -0.0194598 0.000566263 0.00126892 0.999999 0.64783 
121
86
188.596
1 0.00012932 -0.000566427 0.00360423 -0.000130038 0.999999 -0.00126885 -0.0194598 0.000566263 0.00126892 0.999999 0.64783 
123
96
208.651
1 -2.32826e-05 -7.69842e-07 0.010796 2.32823e-05 1 -0.000390714 -0.00843436 7.78938e-07 0.000390714 1 0.647432 
124
88
292.125
1 -2.32826e-05 -7.69842e-07 0.010796 2.32823e-05 1 -0.000390714 -0.00843436 7.78938e-07 0.000390714 1 0.647432 
131
95
371.829
1 -2.32826e-05 -7.69842e-07 0.010796 2.32823e-05 1 -0.000390714 -0.00843436 7.78938e-07 0.000390714 1 0.647432 
135
92
392.548
1 -2.32826e-05 -7.69842e-07 0.010796 2.32823e-05 1 -0.000390714 -0.00843436 7.78938e-07 0.000390714 1 0.647432 
130
94
356.966
1 -2.32826e-05 -7.69842e-07 0.010796 2.32823e-05 1 -0.000390714 -0.00843436 7.78938e-07 0.000390714 1 0.647432 
120
96
223.226
1 -2.32826e-05 -7.69842e-07 0.010796 2.32823e-05 1 -0.000390714 -0.00843436 7.78938e-07 0.000390714 1 0.647432 
119
93
142.854
1 -2.32826e-05 -7.69842e-07 0.010796 2.32823e-05 1 -0.000390714 -0.00843436 7.78938e-07 0.000390714 1 0.647432 
123
93
145.387
1 -2.32826e-05 -7.69842e-07 0.010796 2.32823e-05 1 -0.000390714 -0.00843436 7.78938e-07 0.000390714 1 0.647432 
107
80
227.859
1 -2.32826e-05 -7.69842e-07 0.010796 2.32823e-05 1 -0.000390714 -0.00843436 7.78938e-07 0.000390714 1 0.647432 
124
82
197.23
1 -2.32826e-05 -7.69842e-07 0.010796 2.32823e-05 1 -0.000390714 -0.00843436 7.78938e-07 0.000390714 1 0.647432 
124
93
392.376
1 -2.32826e-05 -7.69842e-07 0.010796 2.32823e-05 1 -0.000390714 -0.00843436 7.78938e-07 0.000390714 1 0.647432 
111
87
197.742
1 -0.000147976 -0.000129019 -0.00539156 0.000148015 1 0.000302443 0.000741466 0.000128975 -0.000302462 1 0.656238 
135
88
393.806
1 0.000108124 0.00017311 -0.00289926 -0.000107935 0.999999 -0.00109381 -0.00356982 -0.000173228 0.00109379 0.999999 0.585529 
130
94
299.209
1 0.000108124 0.00017311 -0.00289926 -0.000107935 0.999999 -0.00109381 -0.00356982 -0.000173228 0.00109379 0.999999 0.585529 
119
92
349.403
1 0.000108124 0.00017311 -0.00289926 -0.000107935 0.999999 -0.00109381 -0.00356982 -0.000173228 0.00109379 0.999999 0.585529 
126
89
361.341
1 0.000108124 0.00017311 -0.00289926 -0.000107935 0.999999 -0.00109381 -0.00356982 -0.000173228 0.00109379 0.999999 0.585529 
120
91
84.6566
1 0.000108124 0.00017311 -0.00289926 -0.000107935 0.999999 -0.00109381 -0.00356982 -0.000173228 0.00109379 0.999999 0.585529 
123
92
343.405
1 0.000108124 0.00017311 -0.00289926 -0.000107935 0.999999 -0.00109381 -0.00356982 -0.000173228 0.00109379 0.999999 0.585529 
119
92
136.749
1 0.000108124 0.00017311 -0.00289926 -0.000107935 0.999999 -0.00109381 -0.00356982 -0.000173228 0.00109379 0.999999 0.585529 
122
84
108.182
1 0.000108124 0.00017311 -0.00289926 -0.000107935 0.999999 -0.00109381 -0.00356982 -0.000173228 0.00109379 0.999999 0.585529 
122
95
170.866
1 0.000108124 0.00017311 -0.00289926 -0.000107935 0.999999 -0.00109381 -0.00356982 -0.000173228 0.00109379 0.999999 0.585529 
119
81
192.732
1 0.000108124 0.00017311 -0.00289926 -0.000107935 0.999999 -0.00109381 -0.00356982 -0.000173228 0.00109379 0.999999 0.585529 
116
79
639.803
1 0.000108124 0.00017311 -0.00289926 -0.000107935 0.999999 -0.00109381 -0.00356982 -0.000173228 0.00109379 0.999999 0.585529 
119
80
103.671
1 4.01628e-06 0.000448402 -0.00132369 -4.16965e-06 1 0.000342019 -0.000127443 -0.0004484 -0.00034202 1 0.610906 
126
87
249.558
0.999999 -7.08114e-05 -0.00105649 6.83315e-05 7.02117e-05 1 -0.000567611 -0.0065772 0.00105653 0.000567537 0.999999 0.651736 
123
94
247.929
0.999999 -7.08114e-05 -0.00105649 6.83315e-05 7.02117e-05 1 -0.000567611 -0.0065772 0.00105653 0.000567537 0.999999 0.651736 
129
93
385.594
0.999999 -7.08114e-05 -0.00105649 6.83315e-05 7.02117e-05 1 -0.000567611 -0.0065772 0.00105653 0.000567537 0.999999 0.651736 
123
90
288.153
0.999999 -7.08114e-05 -0.00105649 6.83315e-05 7.02117e-05 1 -0.000567611 -0.0065772 0.00105653 0.000567537 0.999999 0.651736 
126
89
309.674
1 -0.000219546 -0.000213992 -0.00890589 0.000219587 1 0.000190131 0.00348715 0.00021395 -0.000190178 1 0.622615 
126
83
340.102
1 -0.000219546 -0.000213992 -0.00890589 0.000219587 1 0.000190131 0.00348715 0.00021395 -0.000190178 1 0.622615 
126
92
534.136
1 -0.000219546 -0.000213992 -0.00890589 0.000219587 1 0.000190131 0.00348715 0.00021395 -0.000190178 1 0.622615 
122
84
165.585
1 -0.000219546 -0.000213992 -0.00890589 0.000219587 1 0.000190131 0.00348715 0.00021395 -0.000190178 1 0.622615 
121
84
190.335
1 -0.000183604 0.000675698 0.00151305 0.00018397 1 -0.000541276 -0.00803697 -0.000675599 0.0005414 1 0.710067 
136
98
599.638
1 0.000108667 -0.000853079 0.0151774 -0.000109319 1 -0.000763921 -0.0276865 0.000852996 0.000764014 0.999999 0.664423 
123
82
415.572
1 0.000108667 -0.000853079 0.0151774 -0.000109319 1 -0.000763921 -0.0276865 0.000852996 0.000764014 0.999999 0.664423 
125
89
125.579
1 0.000108667 -0.000853079 0.0151774 -0.000109319 1 -0.000763921 -0.0276865 0.000852996 0.000764014 0.999999 0.664423 
115
82
217.385
1 0.000108667 -0.000853079 0.0151774 -0.000109319 1 -0.000763921 -0.0276865 0.000852996 0.000764014 0.999999 0.664423 
123
80
265.346
1 -2.70597e-05 0.000399368 0.00557077 2.72666e-05 1 -0.000518064 -0.00764409 -0.000399354 0.000518075 1 0.603317 
120
86
330.243
1 -2.70597e-05 0.000399368 0.00557077 2.72666e-05 1 -0.000518064 -0.00764409 -0.000399354 0.000518075 1 0.603317 
130
97
349.909
1 -2.70597e-05 0.000399368 0.00557077 2.72666e-05 1 -0.000518064 -0.00764409 -0.000399354 0.000518075 1 0.603317 
121
87
178.467
1 -2.70597e-05 0.000399368 0.00557077 2.72666e-05 1 -0.000518064 -0.00764409 -0.000399354 0.000518075 1 0.603317 
127
93
267.749
1 -2.70597e-05 0.000399368 0.00557077 2.72666e-05 1 -0.000518064 -0.00764409 -0.000399354 0.000518075 1 0.603317 
131
88
313.393
1 -2.70597e-05 0.000399368 0.00557077 2.72666e-05 1 -0.000518064 -0.00764409 -0.000399354 0.000518075 1 0.603317 
114
96
111.872
1 6.44994e-05 9.91425e-05 0.00412289 -6.44352e-05 1 -0.000647081 -0.00377248 -9.91842e-05 0.000647074 1 0.590735 
129
95
461.564
1 1.81797e-05 -0.000129918 -0.0147405 -1.81802e-05 1 -3.8243e-06 0.0163999 0.000129918 3.82666e-06 1 0.607846 
122
84
375.218
1 1.81797e-05 -0.000129918 -0.0147405 -1.81802e-05 1 -3.8243e-06 0.0163999 0.000129918 3.82666e-06 1 0.607846 
136
94
380.72
0.986843 0.00410217 -0.161629 -0.0497259 -0.00421731 0.999991 -0.000369244 -0.00347472 0.161627 0.00104603 0.986851 0.282229 
134
74
783.855
0.986843 0.00410217 -0.161629 -0.0497259 -0.00421731 0.999991 -0.000369244 -0.00347472 0.161627 0.00104603 0.986851 0.282229 
121
92
129.745
0.986843 0.00410217 -0.161629 -0.0497259 -0.00421731 0.999991 -0.000369244 -0.00347472 0.161627 0.00104603 0.986851 0.282229 
116
89
318.888
0.986843 0.00410217 -0.161629 -0.0497259 -0.00421731 0.999991 -0.000369244 -0.00347472 0.161627 0.00104603 0.986851 0.282229 
122
84
459.483
0.986843 0.00410217 -0.161629 -0.0497259 -0.00421731 0.999991 -0.000369244 -0.00347472 0.161627 0.00104603 0.986851 0.282229 
123
93
375.241
0.999999 -0.000111134 0.00127726 -0.00342293 0.00011002 1 0.000871919 -0.000691956 -0.00127736 -0.000871778 0.999999 0.635571 
127
95
434.871
0.999999 -0.000111134 0.00127726 -0.00342293 0.00011002 1 0.000871919 -0.000691956 -0.00127736 -0.000871778 0.999999 0.635571 
127
79
177.967
0.999999 -0.000111134 0.00127726 -0.00342293 0.00011002 1 0.000871919 -0.000691956 -0.00127736 -0.000871778 0.999999 0.635571 
118
80
286.903
1 0.000361887 0.000438923 -0.00376889 -0.000361968 1 0.000185468 -0.000135105 -0.000438856 -0.000185627 1 0.606373 
127
91
336.215
1 0.000361887 0.000438923 -0.00376889 -0.000361968 1 0.000185468 -0.000135105 -0.000438856 -0.000185627 1 0.606373 
127
83
255.446
1 0.000361887 0.000438923 -0.00376889 -0.000361968 1 0.000185468 -0.000135105 -0.000438856 -0.000185627 1 0.606373 
137
92
454.32
1 0.000361887 0.000438923 -0.00376889 -0.000361968 1 0.000185468 -0.000135105 -0.000438856 -0.000185627 1 0.606373 
115
82
67.8857
1 0.000450298 -0.000686726 0.000310533 -0.000450506 1 -0.000303801 -0.0182264 0.000686589 0.000304111 1 0.652769 
138
91
379.258
1 0.000450298 -0.000686726 0.000310533 -0.000450506 1 -0.000303801 -0.0182264 0.000686589 0.000304111 1 0.652769 
127
88
241.829
1 0.000450298 -0.000686726 0.000310533 -0.000450506 1 -0.000303801 -0.0182264 0.000686589 0.000304111 1 0.652769 
127
92
337.88
1 0.000450298 -0.000686726 0.000310533 -0.000450506 1 -0.000303801 -0.0182264 0.000686589 0.000304111 1 0.652769 
125
87
285.993
1 0.000371296 0.000546027 0.000421357 -0.000371579 1 0.000519177 -0.00162576 -0.000545834 -0.000519379 1 0.68039 
120
90
136.294
1 0.000371296 0.000546027 0.000421357 -0.000371579 1 0.000519177 -0.00162576 -0.000545834 -0.000519379 1 0.68039 
126
93
183.004
1 1.82136e-05 0.000511472 0.000765342 -1.82874e-05 1 0.000144378 -0.00562748 -0.000511469 -0.000144387 1 0.631816 
133
97
220.59
0.999999 -5.48058e-05 0.00100059 0.00155614 5.49283e-05 1 -0.000122398 -0.0119917 -0.00100058 0.000122453 0.999999 0.611745 
132
100
372.614
0.999999 -5.48058e-05 0.00100059 0.00155614 5.49283e-05 1 -0.000122398 -0.0119917 -0.00100058 0.000122453 0.999999 0.611745 
126
89
297.457
1 -0.000114641 -0.000255431 -0.0142953 0.000114651 1 3.86702e-05 -0.00847825 0.000255427 -3.86995e-05 1 0.535705 
133
90
309.058
1 -0.000114641 -0.000255431 -0.0142953 0.000114651 1 3.86702e-05 -0.00847825 0.000255427 -3.86995e-05 1 0.535705 
120
93
219.741
1 -0.000114641 -0.000255431 -0.0142953 0.000114651 1 3.86702e-05 -0.00847825 0.000255427 -3.86995e-05 1 0.535705 
126
91
318.727
1 -4.38184e-05 -9.64884e-05 0.000938237 4.38002e-05 1 -0.000189119 -0.0106779 9.64967e-05 0.000189115 1 0.584536 
127
92
274.61
1 -4.38184e-05 -9.64884e-05 0.000938237 4.38002e-05 1 -0.000189119 -0.0106779 9.64967e-05 0.000189115 1 0.584536 
129
92
442.718
1 2.28812e-05 -0.000173458 -0.00100094 -2.28637e-05 1 0.000100994 -0.0062636 0.000173461 -0.00010099 1 0.640889 
128
98
256.863
1 -4.71612e-05 -0.000213942 -0.00170049 4.70515e-05 1 -0.000512996 -0.00220379 0.000213966 0.000512986 1 0.651936 
132
102
187.15
1 -4.71612e-05 -0.000213942 -0.00170049 4.70515e-05 1 -0.000512996 -0.00220379 0.000213966 0.000512986 1 0.651936 
116
79
122.691
1 -4.71612e-05 -0.000213942 -0.00170049 4.70515e-05 1 -0.000512996 -0.00220379 0.000213966 0.000512986 1 0.651936 
136
100
411.856
1 -7.74416e-05 8.42842e-05 0.0016017 7.74075e-05 1 0.000403909 -0.00268727 -8.43155e-05 -0.000403903 1 0.643826 
127
98
335.113
1 -7.74416e-05 8.42842e-05 0.0016017 7.74075e-05 1 0.000403909 -0.00268727 -8.43155e-05 -0.000403903 1 0.643826 
128
99
219.482
1 -4.64927e-05 0.000393072 0.00278282 4.64547e-05 1 9.67245e-05 -0.000408474 -0.000393076 -9.67062e-05 1 0.575157 
137
96
365.875
1 -4.64927e-05 0.000393072 0.00278282 4.64547e-05 1 9.67245e-05 -0.000408474 -0.000393076 -9.67062e-05 1 0.575157 
115
87
269.851
1 -4.64927e-05 0.000393072 0.00278282 4.64547e-05 1 9.67245e-05 -0.000408474 -0.000393076 -9.67062e-05 1 0.575157 
113
81
79.5248
1 -4.64927e-05 0.000393072 0.00278282 4.64547e-05 1 9.67245e-05 -0.000408474 -0.000393076 -9.67062e-05 1 0.575157 
130
94
265.443
1 -4.64927e-05 0.000393072 0.00278282 4.64547e-05 1 9.67245e-05 -0.000408474 -0.000393076 -9.67062e-05 1 0.575157 
116
84
218.873
1 -4.64927e-05 0.000393072 0.00278282 4.64547e-05 1 9.67245e-05 -0.000408474 -0.000393076 -9.67062e-05 1 0.575157 
122
87
259.827
1 -4.64927e-05 0.000393072 0.00278282 4.64547e-05 1 9.67245e-05 -0.000408474 -0.000393076 -9.67062e-05 1 0.575157 
117
91
143.269
1 -4.64927e-05 0.000393072 0.00278282 4.64547e-05 1 9.67245e-05 -0.000408474 -0.000393076 -9.67062e-05 1 0.575157 
120
89
134.822
1 -0.000176637 0.000257884 0.00771057 0.000176619 1 6.99028e-05 -0.00104174 -0.000257896 -6.98573e-05 1 0.658223 
129
89
405.789
1 -0.000176637 0.000257884 0.00771057 0.000176619 1 6.99028e-05 -0.00104174 -0.000257896 -6.98573e-05 1 0.658223 
105
80
86.3213
1 -0.000176637 0.000257884 0.00771057 0.000176619 1 6.99028e-05 -0.00104174 -0.000257896 -6.98573e-05 1 0.658223 
120
98
266.796
1 -0.000245274 0.000215802 0.00381427 0.000245317 1 -0.000196933 -0.00551768 -0.000215754 0.000196986 1 0.499519 
124
87
294.48
0.999999 0.000597623 0.00142348 -0.00954878 -0.000597978 1 0.000248972 0.00144505 -0.00142333 -0.000249823 0.999999 0.625238 
125
91
279.489
0.999999 -9.9791e-05 -0.001309 -0.00223497 0.000101549 0.999999 0.00134312 -0.00395905 0.00130886 -0.00134325 0.999998 0.637414 
121
93
298.468
0.999997 0.000458129 0.00237289 -0.00316623 -0.000459286 1 0.000486901 -0.00393216 -0.00237267 -0.000487989 0.999997 0.61689 
129
87
428.07
0.999997 0.000458129 0.00237289 -0.00316623 -0.000459286 1 0.000486901 -0.00393216 -0.00237267 -0.000487989 0.999997 0.61689 
117
84
173.028
0.999997 0.000458129 0.00237289 -0.00316623 -0.000459286 1 0.000486901 -0.00393216 -0.00237267 -0.000487989 0.999997 0.61689 
127
94
268.962
0.999997 0.000458129 0.00237289 -0.00316623 -0.000459286 1 0.000486901 -0.00393216 -0.00237267 -0.000487989 0.999997 0.61689 
116
90
270.853
0.999997 0.000458129 0.00237289 -0.00316623 -0.000459286 1 0.000486901 -0.00393216 -0.00237267 -0.000487989 0.999997 0.61689 
132
94
247.955
0.999997 0.000458129 0.00237289 -0.00316623 -0.000459286 1 0.000486901 -0.00393216 -0.00237267 -0.000487989 0.999997 0.61689 
130
96
359.674
1 4.73841e-05 -0.000722046 -0.00784916 -4.72489e-05 1 0.000187326 0.00410869 0.000722055 -0.000187292 1 0.56482 
123
94
371.632
1 4.73841e-05 -0.000722046 -0.00784916 -4.72489e-05 1 0.000187326 0.00410869 0.000722055 -0.000187292 1 0.56482 
129
86
238.13
0.996702 -7.29315e-05 -0.0811497 0.0067142 -0.000111239 0.999997 -0.00226499 -0.0109108 0.0811497 0.00226654 0.996699 0.457966 
136
87
607.376
0.996702 -7.29315e-05 -0.0811497 0.0067142 -0.000111239 0.999997 -0.00226499 -0.0109108 0.0811497 0.00226654 0.996699 0.457966 
128
53
1269.7
0.996702 -7.29315e-05 -0.0811497 0.0067142 -0.000111239 0.999997 -0.00226499 -0.0109108 0.0811497 0.00226654 0.996699 0.457966 
132
55
1033.84
0.947047 0.00824869 -0.320989 0.00645348 -0.0069496 0.999962 0.00519265 0.00512623 0.32102 -0.00268693 0.947069 0.0241183 
132
51
974.848
0.942766 0.00615211 -0.333399 0.424344 -0.00395346 0.999966 0.0072727 0.00252071 0.333433 -0.00553837 0.942758 0.350984 
125
49
1155.33
0.939349 0.012582 -0.342732 0.0534265 -0.0101684 0.999909 0.00883844 -0.0416626 0.342812 -0.00481734 0.939392 0.116466 
129
46
1460.64
0.95387 0.00470196 -0.300183 -0.00885536 -0.00899683 0.999876 -0.0129269 -0.00556169 0.300085 0.0150313 0.953794 0.0447262 
135
47
1271.71
0.95387 0.00470196 -0.300183 -0.00885536 -0.00899683 0.999876 -0.0129269 -0.00556169 0.300085 0.0150313 0.953794 0.0447262 
119
61
239.577
0.95387 0.00470196 -0.300183 -0.00885536 -0.00899683 0.999876 -0.0129269 -0.00556169 0.300085 0.0150313 0.953794 0.0447262 
113
81
81.6997
0.95387 0.00470196 -0.300183 -0.00885536 -0.00899683 0.999876 -0.0129269 -0.00556169 0.300085 0.0150313 0.953794 0.0447262 
128
85
224.09
0.95387 0.00470196 -0.300183 -0.00885536 -0.00899683 0.999876 -0.0129269 -0.00556169 0.300085 0.0150313 0.953794 0.0447262 
125
95
215.744
0.95387 0.00470196 -0.300183 -0.00885536 -0.00899683 0.999876 -0.0129269 -0.00556169 0.300085 0.0150313 0.953794 0.0447262 
121
80
120.174
0.999998 -0.000122656 0.00200436 -0.0066444 0.000122897 1 -0.000120118 -0.0101339 -0.00200435 0.000120364 0.999998 0.66352 
134
85
353.537
0.999998 -0.000122656 0.00200436 -0.0066444 0.000122897 1 -0.000120118 -0.0101339 -0.00200435 0.000120364 0.999998 0.66352 
120
83
184.771
