0.999998 0.00013954 -0.00200584 -0.0317476 -0.000132212 0.999993 0.00365298 -0.0659716 0.00200633 -0.00365271 0.999991 -1.53587 
150
75
0.999999 0.000901876 0.000853579 0.0224662 -0.000903634 0.999997 0.0020616 -0.0129094 -0.000851718 -0.00206237 0.999998 -0.0588659 
150
68
0.999592 0.0104076 0.0266111 0.0248786 -0.0101076 0.999884 -0.0113843 0.00614333 -0.0267265 0.0111107 0.999581 -0.0894814 
150
51
0.998594 -0.0135662 0.0512491 -0.0433304 0.0136861 0.999904 -0.00198974 0.00574761 -0.0512172 0.00268835 0.998684 -0.0990963 
150
50
0.999495 0.0157258 0.0276288 0.0540969 -0.015564 0.99986 -0.00606381 0.0238425 -0.0277203 0.00563073 0.9996 -0.199121 
150
54
0.999397 0.00777398 0.0338339 0.00546507 -0.0076695 0.999965 -0.00321648 0.0206143 -0.0338577 0.00295505 0.999422 -0.234917 
150
52
0.999778 0.00481125 0.0205105 0.0849214 -0.00463261 0.999951 -0.00874836 0.0228153 -0.0205516 0.0086514 0.999751 -0.281567 
150
53
0.999537 -0.00239818 0.030348 -0.0107112 0.00249006 0.999992 -0.00299027 0.0354569 -0.0303406 0.00306446 0.999535 -0.187374 
150
53
0.999201 -0.000457089 0.0399704 -0.0104643 0.000503639 0.999999 -0.00115454 -0.00639539 -0.0399699 0.00117375 0.9992 -0.264038 
150
53
0.999264 -0.0114951 0.0365885 -0.00455938 0.0116335 0.999926 -0.00357192 0.00630906 -0.0365447 0.00399494 0.999324 -0.0465854 
150
52
0.999719 -0.00608676 0.0228927 0.0477224 0.00604562 0.99998 0.00186578 -0.00861871 -0.0229036 -0.00172686 0.999736 0.0561023 
150
61
0.998948 -0.00154233 0.0458256 -0.101559 0.00182484 0.99998 -0.00612358 0.0349746 -0.0458152 0.00620076 0.998931 -0.184152 
150
58
0.998976 -0.00115197 0.0452205 -0.0290002 0.00112951 0.999999 0.000522223 -0.0103335 -0.0452211 -0.000470611 0.998977 0.133205 
150
55
0.999598 0.00439902 0.0280206 0.0870819 -0.00437946 0.99999 -0.00075948 0.0246356 -0.0280236 0.00063646 0.999607 -0.351327 
150
57
0.99882 -0.0115895 0.0471658 -0.0297869 0.0116248 0.999932 -0.000473459 0.00283984 -0.0471571 0.00102119 0.998887 -0.0349 
150
54
0.999454 -0.00126509 0.0330214 -0.0104962 0.001424 0.999988 -0.00478902 0.0102426 -0.033015 0.00483342 0.999443 -0.045813 
150
54
0.999464 0.0152509 0.0289782 -0.000428555 -0.015264 0.999883 0.000230465 0.00684829 -0.0289713 -0.000672663 0.99958 -0.101783 
150
45
0.999216 -0.000586837 0.039574 -0.16799 0.000838114 0.99998 -0.00633325 -0.0123343 -0.0395694 0.00636146 0.999197 -0.151876 
150
44
0.999334 0.00676467 0.0358472 0.00490751 -0.00670204 0.999976 -0.0018672 -0.00163391 -0.035859 0.00162571 0.999356 -0.0718161 
150
51
0.998469 -0.0077796 0.0547606 -0.0124371 0.00770607 0.999969 0.00155365 0.00279477 -0.054771 -0.00112929 0.998498 -0.0238123 
150
61
0.998837 -0.00174044 0.0481768 -0.62376 0.00179915 0.999998 -0.00117542 -0.0167163 -0.0481746 0.00126073 0.998838 -2.75572 
150
47
0.99922 0.0022532 0.0394161 -0.423096 -0.0019926 0.999976 -0.0066495 0.187064 -0.0394301 0.00656578 0.999201 -1.12468 
150
48
0.99904 0.00762013 0.0431482 -0.0874597 -0.00753725 0.999969 -0.00208323 0.016816 -0.0431627 0.00175601 0.999067 0.0544548 
150
54
0.999624 0.00603667 0.02675 0.427594 -0.00621995 0.999958 0.00677368 -0.305066 -0.026708 -0.00693752 0.999619 -1.54717 
150
53
0.999989 0.00383041 0.00263312 0.0893797 -0.00382859 0.999992 -0.000695254 -0.00510751 -0.00263576 0.000685165 0.999996 -0.0949521 
150
55
0.999804 -0.00150468 0.0197505 0.268181 0.00149712 0.999999 0.00039724 -0.11328 -0.0197511 -0.000367593 0.999805 -0.601106 
150
56
0.999831 0.00598816 0.0173964 -0.0127853 -0.00598213 0.999982 -0.000398677 -0.00301405 -0.0173984 0.000294542 0.999849 0.11765 
150
54
0.99987 -0.00498262 0.0153313 0.038674 0.00489061 0.99997 0.00603291 -0.0284808 -0.0153609 -0.00595715 0.999864 -0.324912 
150
56
0.999727 -0.00535592 0.0227352 -0.0430735 0.00536987 0.999985 -0.000552813 0.0379884 -0.0227319 0.000674747 0.999741 0.177111 
149
43
0.999762 0.00837398 0.0201689 0.455424 -0.00839759 0.999964 0.00108573 -0.0530246 -0.0201591 -0.00125484 0.999796 -0.508956 
150
54
0.99975 -0.0119637 0.0188959 0.180604 0.0119524 0.999928 0.000711241 -0.292373 -0.018903 -0.000485213 0.999821 -0.943062 
150
47
0.999839 -0.0124873 0.0128803 -0.180324 0.012525 0.999917 -0.00285188 -0.0359786 -0.0128437 0.00301274 0.999913 -1.65329 
150
48
0.999463 0.000891673 0.032755 -0.0719035 -0.000784733 0.999994 -0.00327756 0.00776656 -0.0327577 0.00325009 0.999458 0.0259353 
150
43
0.999628 0.00403776 0.0269877 0.244917 -0.00401532 0.999992 -0.000885426 -0.0215331 -0.026991 0.000776732 0.999635 -0.223303 
150
49
0.999352 -0.00230316 0.0359187 -0.0239663 0.00219672 0.999993 0.00300248 -0.0502738 -0.0359254 -0.00292163 0.99935 -0.285239 
150
55
0.999898 -0.00280941 0.0140354 0.025052 0.00273707 0.999983 0.00517104 -0.0245066 -0.0140497 -0.0051321 0.999888 -0.110588 
150
48
0.998983 -0.0054526 0.0447494 -0.0124993 0.00571803 0.999967 -0.00580571 0.0156389 -0.0447163 0.00605568 0.998981 -0.0875476 
146
51
0.999842 -0.0112839 0.0137468 0.0391319 0.0113428 0.999927 -0.00421299 0.115753 -0.0136983 0.00436825 0.999897 -0.955812 
148
50
0.999763 -0.00346451 0.0214794 0.0305793 0.00373212 0.999916 -0.0124312 -0.00848074 -0.0214346 0.0125084 0.999692 -0.492355 
150
49
0.999402 -0.000716912 0.0345676 0.0183232 0.000888783 0.999987 -0.00495693 0.0561123 -0.0345636 0.00498468 0.99939 -1.30199 
150
53
0.998905 0.000814438 0.0467833 0.018803 -0.000860452 0.999999 0.000963423 -0.00346121 -0.0467824 -0.00100262 0.998905 -1.05558 
150
44
0.999998 0.000296698 0.00220074 -0.0273118 -0.000297538 1 0.000381473 0.110937 -0.00220062 -0.000382127 0.999998 -1.55648 
150
47
0.998887 0.00207569 0.0471306 -0.000289673 -0.00202397 0.999997 -0.00114502 -0.0054497 -0.0471328 0.00104836 0.998888 -0.200245 
149
51
0.999721 -0.0164716 0.0169066 -0.0266108 0.0165936 0.999837 -0.00710155 0.00173752 -0.0167869 0.00738011 0.999832 -0.0552617 
149
46
0.999063 -0.0019321 0.043236 -0.110152 0.00185033 0.999996 0.00193104 0.00642816 -0.0432396 -0.00184923 0.999063 -0.0323559 
148
47
0.99976 0.000303338 0.0218977 -0.143013 -0.000255831 0.999998 -0.00217223 0.25365 -0.0218983 0.00216611 0.999758 -2.30415 
147
48
0.999097 0.00815733 0.0416922 -0.103942 -0.0081214 0.999966 -0.00103116 -0.0118334 -0.0416992 0.000691635 0.99913 -0.0772708 
146
50
0.99978 -0.00494103 0.0203867 -0.0676668 0.0048135 0.999969 0.00629989 0.0220807 -0.0204172 -0.00620037 0.999772 -0.347116 
141
48
0.999017 0.041818 0.0146747 0.571795 -0.0414343 0.998815 -0.0255435 0.150966 -0.0157255 0.0249104 0.999566 -0.852007 
141
44
0.999187 0.000968742 0.0403072 -0.0709106 -0.001181 0.999986 0.00524252 0.1872 -0.0403016 -0.00528586 0.999174 -3.18813 
141
49
0.999423 0.000995964 0.0339533 0.0415973 -0.00102765 0.999999 0.000915744 -0.00930622 -0.0339523 -0.000950108 0.999423 -1.34549 
140
55
0.999686 -0.00487543 0.0245723 -0.015022 0.00507323 0.999955 -0.00799377 -0.0221624 -0.0245322 0.00811592 0.999666 -0.36014 
139
52
0.999289 -0.00310606 0.0375803 0.00574784 0.00334408 0.999975 -0.00627236 0.00996121 -0.0375599 0.00639357 0.999274 -0.153713 
140
51
0.999358 -0.0119871 0.0337498 -0.0703119 0.011942 0.999928 0.00153682 -0.0430044 -0.0337658 -0.0011328 0.999429 -0.197354 
144
46
0.999823 -0.00458977 0.0182382 0.0520494 0.00460133 0.999989 -0.000591916 0.017357 -0.0182353 0.000675731 0.999833 0.164818 
144
51
0.999531 -0.00527698 0.0301512 -0.0730428 0.00529706 0.999986 -0.000586269 -0.0617116 -0.0301477 0.000745707 0.999545 -0.654588 
144
53
0.999082 -0.00456626 0.042603 -0.0142488 0.00444818 0.999986 0.00286612 -0.0210359 -0.0426155 -0.00267398 0.999088 -0.131314 
143
49
0.99979 0.00472352 0.0199276 0.0453073 -0.0044845 0.999918 -0.0120221 0.0337406 -0.0199827 0.0119302 0.999729 -0.269206 
136
40
0.998833 -0.00273013 0.0482193 -0.0251551 0.00304636 0.999974 -0.00648596 0.00178739 -0.0482003 0.00662528 0.998816 -0.253474 
138
48
0.999333 0.000784521 0.0365141 -0.0805059 -0.000897683 0.999995 0.00308286 -0.00450959 -0.0365115 -0.00311358 0.999328 -0.215669 
142
50
0.998846 -0.00592449 0.04766 -0.0818307 0.00597631 0.999982 -0.000944828 0.0068638 -0.0476536 0.00122857 0.998863 -0.188461 
142
45
0.999951 0.000242342 0.0099015 0.0184604 -0.000287928 0.999989 0.00460286 -0.0178654 -0.00990028 -0.00460548 0.99994 -0.101078 
137
43
0.999537 -0.000627947 0.030433 0.00594974 0.00030121 0.999942 0.0107397 -0.00332921 -0.0304379 -0.0107255 0.999479 -0.0701732 
140
45
0.999513 -0.00366441 0.0309998 -0.0535397 0.00372489 0.999991 -0.00189346 -0.0151043 -0.0309926 0.00200801 0.999518 -0.140853 
142
48
0.999418 0.00144969 0.034071 -0.0283155 -0.00159521 0.99999 0.0042441 -0.0190419 -0.0340645 -0.00429599 0.99941 -0.235135 
133
44
0.999632 -0.00292912 0.0269672 -0.0309297 0.00293423 0.999996 -0.000150219 0.00812653 -0.0269666 0.000229292 0.999636 -0.195833 
132
45
0.999563 0.00319695 0.0293762 0.0169027 -0.00308194 0.999987 -0.00395959 0.0195807 -0.0293885 0.00386732 0.999561 -0.100226 
139
50
0.999513 -0.00814509 0.0301135 -0.0182139 0.00804286 0.999961 0.0035144 -0.00693109 -0.0301409 -0.00327049 0.99954 -0.277023 
134
39
0.999311 -0.00586939 0.0366592 0.000754184 0.00566014 0.999967 0.00580902 -0.00674666 -0.0366921 -0.00559752 0.999311 -0.924767 
143
41
0.999201 0.000639737 0.0399677 -0.00186749 -0.000715239 0.999998 0.0018748 0.00312205 -0.0399664 -0.00190189 0.999199 -0.0686351 
143
49
0.99963 -0.00321061 0.0270025 0.021011 0.00276905 0.999862 0.0163739 -0.018884 -0.0270514 -0.0162931 0.999501 -0.147044 
139
45
0.999968 0.00662753 0.00459029 0.0508299 -0.00658417 0.999934 -0.00939663 -0.0223026 -0.00465227 0.0093661 0.999945 -0.223477 
139
43
0.999779 0.00666173 0.0199345 0.0194774 -0.00640578 0.999897 -0.0128759 0.0056963 -0.0200183 0.0127454 0.999718 -0.0667754 
144
42
1 0.000248583 0.000585125 0.0330178 -0.000249199 0.999999 0.00105362 -0.0313665 -0.000584863 -0.00105377 0.999999 -0.373534 
146
45
0.999301 0.00429011 0.03714 -0.027157 -0.00441749 0.999985 0.00334846 0.00390234 -0.0371251 -0.00351019 0.999304 -0.0852226 
149
49
0.999993 -0.00121169 0.0036318 0.0676964 0.00122209 0.999995 -0.00286169 -0.0142953 -0.00362831 0.0028661 0.999989 -0.415145 
150
51
0.999999 -5.24254e-05 0.00133083 0.00293646 5.4205e-05 0.999999 -0.00133722 -0.0392151 -0.00133076 0.00133729 0.999998 -0.439251 
146
54
0.999993 -0.00199228 0.00308341 0.0209934 0.00199022 0.999998 0.000671441 0.0038741 -0.00308474 -0.0006653 0.999995 -0.14094 
150
51
0.999916 -0.00812291 0.0101381 -0.0127109 0.00814795 0.999964 -0.00243088 0.0189889 -0.010118 0.00251328 0.999946 -0.687851 
150
60
0.999998 0.00144091 -0.00162896 0.0291639 -0.00144357 0.999998 -0.00163522 -0.00202651 0.0016266 0.00163757 0.999997 -0.111666 
149
59
0.999797 -0.00192604 0.0200423 -0.177763 0.0020104 0.999989 -0.00418969 -0.0745814 -0.0200341 0.00422913 0.99979 -1.03634 
150
56
0.999996 0.00215162 -0.00188345 0.200983 -0.00214539 0.999992 0.00330375 -0.139015 0.00189055 -0.00329969 0.999993 -0.55348 
150
61
0.999991 0.000722188 0.00416522 0.0128062 -0.000694658 0.999978 -0.00660722 0.000115665 -0.0041699 0.00660427 0.999969 -0.0804744 
150
70
0.999996 -0.00276975 1.91994e-05 -0.362836 0.00276973 0.999996 0.00102876 0.0741648 -2.20487e-05 -0.0010287 0.999999 -2.09216 
148
67
0.999999 0.000133187 0.00141636 0.00301303 -0.00012989 0.999997 -0.00232736 0.0106288 -0.00141667 0.00232718 0.999996 -0.494936 
150
80
1 0.000234871 -0.0003272 0.0739194 -0.000235008 1 -0.000418123 -0.0615061 0.000327102 0.0004182 1 -0.52142 
150
79
0.99999 0.00348082 0.00262919 -0.000658911 -0.00346792 0.999982 -0.00489788 0.0113548 -0.00264619 0.00488871 0.999985 -0.542566 
150
70
1 -0.000424522 -0.000358725 0.0454183 0.000424575 1 0.000148139 -0.00149128 0.000358662 -0.000148291 1 -0.753546 
150
85
1 -0.000182698 0.000457706 0.213932 0.000182666 1 6.97315e-05 0.0392072 -0.000457719 -6.96479e-05 1 -0.608804 
145
76
1 -0.000248758 9.36956e-05 0.0284897 0.000248746 1 0.000124025 0.0110708 -9.37265e-05 -0.000124002 1 -1.0928 
148
73
0.999997 0.00187555 0.00151158 0.00323629 -0.00187535 0.999998 -0.000132948 -0.0212296 -0.00151182 0.000130113 0.999999 -0.810645 
144
84
0.999999 -0.000989367 0.000573064 0.0441881 0.000990851 0.999996 -0.0025941 -0.00671694 -0.000570496 0.00259466 0.999996 -1.59862 
146
84
1 -0.000318285 -0.000281119 0.00402033 0.000318377 1 0.000328117 0.00189682 0.000281015 -0.000328207 1 -0.194824 
148
105
0.999999 0.0012271 0.00020499 0.0213153 -0.00122676 0.999998 -0.00163535 0.0280636 -0.000206997 0.0016351 0.999999 -0.786605 
146
90
0.999993 0.000645331 0.0037285 -0.047564 -0.000622574 0.999981 -0.00610139 0.0758818 -0.00373237 0.00609902 0.999974 -0.959891 
147
80
0.999994 0.00194023 0.00292244 -0.161619 -0.00194294 0.999998 0.000924233 -0.153551 -0.00292064 -0.000929905 0.999995 -2.39291 
144
66
0.999999 -0.00103423 -0.000354172 0.00895207 0.00103474 0.999998 0.00145067 -0.000642695 0.000352671 -0.00145103 0.999999 0.100231 
145
82
0.999269 0.0004061 0.0382398 -0.0571758 -0.000364471 0.999999 -0.00109558 0.0110225 -0.0382402 0.00108084 0.999268 -0.0498602 
139
57
0.999999 -0.00129849 0.000773749 0.646361 0.00129847 0.999999 2.4514e-05 0.0060558 -0.00077378 -2.35093e-05 1 0.0645295 
140
75
0.999999 -0.00129849 0.000773749 0.646361 0.00129847 0.999999 2.4514e-05 0.0060558 -0.00077378 -2.35093e-05 1 0.0645295 
148
125
