1 0 0 0 0 1 0 0 0 0 1 0 
358
253
1 0 0 0 0 1 0 0 0 0 1 0 
373
373
1 0 0 0 0 1 0 0 0 0 1 0 
373
373
1 0 0 0 0 1 0 0 0 0 1 0 
359
219
0.999998 0.00079163 0.00157561 -0.00307229 -0.000792597 0.999999 0.000613296 -0.00290572 -0.00157512 -0.000614544 0.999999 0.000600608 
310
172
0.999998 0.00079163 0.00157561 -0.00307229 -0.000792597 0.999999 0.000613296 -0.00290572 -0.00157512 -0.000614544 0.999999 0.000600608 
298
175
0.999998 0.00079163 0.00157561 -0.00307229 -0.000792597 0.999999 0.000613296 -0.00290572 -0.00157512 -0.000614544 0.999999 0.000600608 
320
166
0.990322 0.0701275 -0.119771 -0.165161 -0.0733492 0.997048 -0.0227008 0.00548472 0.117826 0.0312662 0.992542 -2.23011 
326
174
0.990805 0.0760107 -0.111926 -0.252638 -0.0765582 0.997065 -0.000595787 0.178726 0.111552 0.00915918 0.993716 -3.51876 
326
165
0.989196 0.0832726 -0.120651 -0.00510103 -0.0858521 0.996174 -0.0163328 0.00104245 0.118829 0.0265145 0.992561 -0.0725486 
331
181
0.988298 0.0789334 -0.130521 -0.00231704 -0.082742 0.996282 -0.0240109 0.00423601 0.128141 0.0345295 0.991155 -0.0670422 
332
154
0.989822 0.0922274 -0.10838 -0.00355593 -0.0911411 0.995726 0.0149446 -1.25614e-05 0.109295 -0.00491454 0.993997 -0.0185378 
325
161
0.999834 -0.0182312 -0.000144775 0.00430595 0.018231 0.999679 0.0176045 0.0120967 -0.000176223 -0.0176042 0.999845 -0.12244 
286
133
0.999834 -0.0182312 -0.000144775 0.00430595 0.018231 0.999679 0.0176045 0.0120967 -0.000176223 -0.0176042 0.999845 -0.12244 
306
180
0.999999 -0.00121338 0.000774275 -0.00113754 0.00121354 0.999999 -0.000205121 -0.000852286 -0.000774026 0.00020606 1 0.000200659 
309
178
0.999999 -0.00121338 0.000774275 -0.00113754 0.00121354 0.999999 -0.000205121 -0.000852286 -0.000774026 0.00020606 1 0.000200659 
303
189
0.999976 -0.000565182 0.00685647 -0.0828474 0.000416976 0.999767 0.0215976 -0.0132518 -0.00686708 -0.0215943 0.999743 -0.298842 
296
115
0.988787 0.081326 -0.125244 -0.0137643 -0.0876044 0.995118 -0.0454568 -0.00972028 0.120935 0.055919 0.991084 -0.0626533 
319
160
0.991577 0.0809891 -0.101074 0.0230941 -0.0843563 0.995999 -0.0294907 0.0427437 0.0982811 0.0377685 0.994442 0.361843 
316
139
0.991395 0.0897755 -0.0952723 0.0571683 -0.0914233 0.995726 -0.0130654 0.033037 0.0936922 0.0216631 0.995366 0.434952 
320
167
0.989735 0.055633 -0.13164 -0.00438417 -0.0624382 0.996887 -0.0481422 -0.00201124 0.128552 0.0558674 0.990128 -0.0237275 
331
173
0.999883 0.0149631 -0.00314966 0.0610191 -0.0149217 0.999807 0.0127906 0.0952437 0.00334044 -0.0127421 0.999913 -0.166418 
284
128
0.999883 0.0149631 -0.00314966 0.0610191 -0.0149217 0.999807 0.0127906 0.0952437 0.00334044 -0.0127421 0.999913 -0.166418 
314
167
0.999883 0.0149631 -0.00314966 0.0610191 -0.0149217 0.999807 0.0127906 0.0952437 0.00334044 -0.0127421 0.999913 -0.166418 
272
145
0.999883 0.0149631 -0.00314966 0.0610191 -0.0149217 0.999807 0.0127906 0.0952437 0.00334044 -0.0127421 0.999913 -0.166418 
294
151
0.990663 -0.0891791 0.103126 -0.0662978 0.0850099 0.995402 0.0441485 -0.0674168 -0.106589 -0.0349695 0.993688 -0.308445 
300
139
0.990707 -0.0896034 0.102332 -0.0555844 0.0879622 0.995914 0.0204485 -0.0249387 -0.103746 -0.0112572 0.99454 -0.250867 
306
178
0.988469 -0.0870294 0.123912 -0.0394638 0.0837616 0.995993 0.0313515 -0.000604143 -0.126144 -0.020611 0.991798 -0.163411 
280
135
0.990931 -0.0906151 0.0992165 0.0158319 0.0891391 0.995834 0.0192193 0.00834307 -0.100545 -0.0102009 0.99488 0.0568191 
297
144
0.989028 -0.0854485 0.12051 0.00930078 0.0829122 0.99622 0.025915 -0.000494347 -0.122269 -0.0156389 0.992374 0.053532 
280
150
0.989844 -0.084809 0.114092 0.0163488 0.0833535 0.996367 0.0174773 -0.00115928 -0.11516 -0.00778981 0.993316 0.0845816 
293
153
0.987911 -0.0773979 0.134318 0.00312264 0.0706133 0.99601 0.0545677 -0.0020876 -0.138005 -0.0444234 0.989435 0.105908 
297
148
0.988502 -0.0862378 0.124206 0.0107531 0.0831014 0.996083 0.0302247 0.00142359 -0.126325 -0.0195555 0.991796 0.0487879 
305
147
0.988591 -0.0867092 0.123161 0.00608853 0.0835103 0.996027 0.0309123 -0.00323425 -0.125352 -0.0202744 0.991905 0.0535068 
299
150
0.991853 -0.086952 0.0930965 0.00375011 0.089108 0.995836 -0.0192504 -0.00140825 -0.091035 0.0273892 0.995471 0.0184525 
309
146
0.99981 0.00211985 0.0193888 0.0269623 -0.00289401 0.999196 0.0399879 -0.0225071 -0.0192884 -0.0400364 0.999012 0.0872363 
313
113
0.99981 0.00211985 0.0193888 0.0269623 -0.00289401 0.999196 0.0399879 -0.0225071 -0.0192884 -0.0400364 0.999012 0.0872363 
306
178
0.99981 0.00211985 0.0193888 0.0269623 -0.00289401 0.999196 0.0399879 -0.0225071 -0.0192884 -0.0400364 0.999012 0.0872363 
313
183
0.996565 -0.077554 -0.0290545 0.045647 0.075691 0.995294 -0.0605083 0.122045 0.0336104 0.0581013 0.997745 -0.380613 
319
128
0.988891 -0.0852909 0.121735 0.0162107 0.0827215 0.996233 0.0260152 0.0031874 -0.123496 -0.0156561 0.992222 0.0562779 
308
167
0.988466 -0.0710857 0.13372 -0.00693186 0.0608467 0.995003 0.0791622 0.0289926 -0.138679 -0.0701128 0.987852 0.137131 
312
164
0.990297 -0.0837789 0.110874 0.0156359 0.08137 0.996343 0.0260839 0.00651614 -0.112654 -0.016809 0.993492 0.0725106 
301
140
0.999938 -0.00586284 -0.00950814 0.31068 0.00577538 0.999941 -0.00919918 0.364005 0.00956151 0.00914369 0.999912 -0.226846 
327
136
0.999938 -0.00586284 -0.00950814 0.31068 0.00577538 0.999941 -0.00919918 0.364005 0.00956151 0.00914369 0.999912 -0.226846 
283
169
1 6.56758e-05 0.000431829 -0.0442607 -6.56642e-05 1 -2.68846e-05 -0.0449284 -0.000431831 2.68563e-05 1 0.00490588 
303
166
0.999999 0.00104346 -0.000112612 -0.000808791 -0.00104347 0.999999 -0.000148334 -0.000770544 0.000112458 0.000148451 1 0.000290278 
275
161
0.999999 0.00104346 -0.000112612 -0.000808791 -0.00104347 0.999999 -0.000148334 -0.000770544 0.000112458 0.000148451 1 0.000290278 
295
169
0.995211 0.00611377 -0.0975605 0.0211545 -0.0107799 0.998819 -0.0473732 0.0274692 0.0971557 0.048198 0.994101 -0.0698756 
299
142
0.989252 0.0856263 -0.118531 -0.00418802 -0.0868962 0.996202 -0.00557791 2.77853e-05 0.117603 0.0158178 0.992935 -0.0395802 
314
175
0.986828 0.00164252 -0.161764 0.0582767 -0.0150768 0.99653 -0.0818565 0.0391865 0.161068 0.0832172 0.983429 -0.126901 
325
139
0.986828 0.00164252 -0.161764 0.0582767 -0.0150768 0.99653 -0.0818565 0.0391865 0.161068 0.0832172 0.983429 -0.126901 
288
201
0.986828 0.00164252 -0.161764 0.0582767 -0.0150768 0.99653 -0.0818565 0.0391865 0.161068 0.0832172 0.983429 -0.126901 
314
193
0.986828 0.00164252 -0.161764 0.0582767 -0.0150768 0.99653 -0.0818565 0.0391865 0.161068 0.0832172 0.983429 -0.126901 
250
141
0.990267 -0.024385 -0.137028 0.134173 0.011646 0.995597 -0.0930101 0.0892913 0.138693 0.090509 0.986191 -0.256725 
323
132
0.990141 0.0902765 -0.107101 0.0584419 -0.0910148 0.995848 -0.00201537 0.00270365 0.106474 0.0117433 0.994246 0.378306 
331
157
0.987979 0.0843019 -0.129579 0.0287103 -0.0842356 0.996428 0.00600183 -0.0366884 0.129622 0.00498545 0.991551 0.236294 
316
155
0.98888 0.0917444 -0.117042 -0.00687432 -0.0922024 0.995739 0.00150735 -0.00175645 0.116681 0.00930094 0.993126 -0.0303981 
315
159
0.990658 0.0840451 -0.107389 -0.00427012 -0.0854008 0.996314 -0.00807951 -0.00158252 0.106314 0.0171752 0.994184 -0.0290875 
319
154
0.98874 0.0780664 -0.127669 -0.00460683 -0.0806671 0.996623 -0.0153204 -0.0339797 0.126042 0.0254466 0.991698 0.254137 
336
156
0.989085 0.0854317 -0.120047 -0.0174581 -0.087627 0.996067 -0.0131183 -0.0059267 0.118455 0.0234945 0.992681 -0.086468 
318
162
0.991309 0.0778752 -0.106032 0.000335986 -0.0776871 0.99696 0.00591028 0.00655666 0.10617 0.00237838 0.994345 -0.045388 
340
150
0.989359 0.0610798 -0.132051 -0.00726244 -0.0689129 0.996073 -0.0555828 -0.00447563 0.128137 0.0640914 0.989683 -0.0565366 
326
195
0.999188 0.0209757 0.0343873 -0.339196 -0.022815 0.99828 0.0539966 -0.144457 -0.0331955 -0.0547373 0.997949 -0.580163 
294
119
0.999188 0.0209757 0.0343873 -0.339196 -0.022815 0.99828 0.0539966 -0.144457 -0.0331955 -0.0547373 0.997949 -0.580163 
300
153
0.99983 -0.00627315 -0.0173384 0.0105759 0.00594577 0.999804 -0.0188697 0.0193786 0.0174534 0.0187634 0.999672 -0.0254572 
279
159
0.999999 0.000477625 0.00143055 -0.00300294 -0.000481023 0.999997 0.00237589 -0.00452859 -0.00142941 -0.00237658 0.999996 0.00189003 
268
129
0.999943 -0.00391583 -0.00991633 0.175261 0.0038346 0.999959 -0.00819714 0.16363 0.00994802 0.00815865 0.999917 -0.070825 
267
141
0.999943 -0.00391583 -0.00991633 0.175261 0.0038346 0.999959 -0.00819714 0.16363 0.00994802 0.00815865 0.999917 -0.070825 
276
128
0.999297 -0.0178099 -0.0329919 0.0941619 0.0167894 0.99938 -0.0309541 0.0818301 0.0335227 0.0303784 0.998976 -0.142931 
262
124
0.990361 0.0250319 -0.136232 0.0329198 -0.0350282 0.996827 -0.0714818 0.0337611 0.13401 0.0755647 0.988095 -0.129842 
286
117
0.990553 0.0768081 -0.113597 -0.00201213 -0.0800828 0.996486 -0.0245442 -0.0132743 0.111313 0.0334095 0.993224 0.274952 
305
147
0.989129 0.0824103 -0.121788 0.0669047 -0.0868826 0.995709 -0.0318705 0.0532676 0.118639 0.0421054 0.992044 0.293311 
325
172
0.990733 0.0697131 -0.116568 -0.0275784 -0.0714053 0.997393 -0.0103995 -0.0435176 0.115539 0.0186267 0.993128 0.272935 
306
152
0.988752 0.0740539 -0.129946 0.00105742 -0.0790147 0.996312 -0.0334379 0.00395398 0.12699 0.0433295 0.990957 -0.0676111 
312
155
0.986219 0.0817095 -0.143857 0.0186429 -0.0865974 0.995849 -0.0280406 -0.00519099 0.140968 0.0401117 0.989201 0.146358 
327
150
0.999844 -0.00045466 -0.0176831 0.30218 0.000395363 0.999994 -0.00335663 0.285693 0.0176846 0.00334912 0.999838 -0.115794 
270
156
0.999844 -0.00045466 -0.0176831 0.30218 0.000395363 0.999994 -0.00335663 0.285693 0.0176846 0.00334912 0.999838 -0.115794 
296
193
0.999844 -0.00045466 -0.0176831 0.30218 0.000395363 0.999994 -0.00335663 0.285693 0.0176846 0.00334912 0.999838 -0.115794 
282
181
0.999844 -0.00045466 -0.0176831 0.30218 0.000395363 0.999994 -0.00335663 0.285693 0.0176846 0.00334912 0.999838 -0.115794 
268
184
0.99651 -0.00597283 -0.0832618 0.110846 0.0088456 0.999377 0.0341769 0.151535 0.0830057 -0.0347941 0.995941 -0.156676 
275
106
0.975481 0.123405 -0.18223 -0.00917365 -0.13961 0.987058 -0.078904 -0.0373412 0.170135 0.10241 0.980085 0.0701469 
311
142
0.987698 0.0852831 -0.13107 0.0328456 -0.0865569 0.996239 -0.0040415 -0.0164651 0.130233 0.0153368 0.991365 0.239175 
336
169
0.989436 0.0841678 -0.118032 0.0844124 -0.0866932 0.9961 -0.0164183 0.0402518 0.11619 0.0264774 0.992874 0.389777 
322
162
0.991561 0.0731983 -0.106999 -0.0241574 -0.0725592 0.997315 0.00985881 -0.084623 0.107433 -0.00201185 0.99421 0.401122 
317
129
0.99056 0.00791088 -0.136852 0.0747054 -0.0151904 0.99852 -0.0522306 0.0652422 0.136236 0.0538163 0.989214 -0.0683988 
322
131
1 0.00043125 0.000700764 -0.00208839 -0.000431638 1 0.000553682 -0.00209499 -0.000700525 -0.000553985 1 0.000421784 
325
182
0.999997 -0.00237631 0.000836155 -0.553493 0.00237591 0.999997 0.000484431 -0.0431285 -0.000837303 -0.000482442 1 -0.406881 
292
158
0.999999 0.000977692 -0.000466613 -0.000761253 -0.000977761 1 -0.000147419 -0.000736889 0.000466469 0.000147875 1 0.000306002 
292
172
0.999999 0.000977692 -0.000466613 -0.000761253 -0.000977761 1 -0.000147419 -0.000736889 0.000466469 0.000147875 1 0.000306002 
282
159
0.999999 0.000977692 -0.000466613 -0.000761253 -0.000977761 1 -0.000147419 -0.000736889 0.000466469 0.000147875 1 0.000306002 
297
163
0.999999 0.000977692 -0.000466613 -0.000761253 -0.000977761 1 -0.000147419 -0.000736889 0.000466469 0.000147875 1 0.000306002 
280
163
0.999999 0.000977692 -0.000466613 -0.000761253 -0.000977761 1 -0.000147419 -0.000736889 0.000466469 0.000147875 1 0.000306002 
285
145
0.988996 0.0781282 -0.125632 -0.0072079 -0.0820835 0.99627 -0.0266126 0.00488232 0.123085 0.0366321 0.99172 -0.0819731 
333
149
0.989145 0.0850508 -0.119829 -0.00973147 -0.0892691 0.995547 -0.0302767 -0.00879244 0.11672 0.040645 0.992333 -0.0542597 
302
143
0.989274 0.0808022 -0.121685 -0.00780761 -0.0833372 0.996395 -0.0158807 -0.00358301 0.119963 0.0258513 0.992442 -0.0447591 
317
151
0.991204 0.0782088 -0.106758 -0.00332221 -0.0825895 0.995888 -0.0372424 -0.00942954 0.103407 0.045732 0.993587 -0.0738671 
326
150
0.999823 -0.00111224 -0.0187898 0.347222 0.000961703 0.999967 -0.00801869 0.303893 0.0187981 0.0079992 0.999791 -0.140506 
300
136
1 0.000382453 -0.000351811 -0.000156614 -0.000382442 1 2.89833e-05 -0.000137015 0.000351822 -2.88487e-05 1 6.47496e-05 
316
175
1 0.000382453 -0.000351811 -0.000156614 -0.000382442 1 2.89833e-05 -0.000137015 0.000351822 -2.88487e-05 1 6.47496e-05 
283
168
1 0.000382453 -0.000351811 -0.000156614 -0.000382442 1 2.89833e-05 -0.000137015 0.000351822 -2.88487e-05 1 6.47496e-05 
284
168
