0.999984 -0.000991731 -0.00557781 0.00477033 0.000968234 0.999991 -0.00421372 0.00355359 0.00558194 0.00420825 0.999976 0.350394 
132
78
574.658
0.99996 -0.00266418 -0.00858166 0.00831535 0.00265814 0.999996 -0.000715042 -0.00123415 0.00858353 0.000692202 0.999963 0.47314 
128
73
582.618
0.999999 -0.000180543 0.00154595 -0.00553744 0.000180374 1 0.000109627 0.0100964 -0.00154597 -0.000109348 0.999999 0.446162 
125
75
455.619
1 -0.000287714 0.000884513 -0.0107801 0.000289462 0.999998 -0.00197615 0.0121131 -0.000883943 0.00197641 0.999998 0.475911 
117
74
435.093
0.999997 0.00103663 0.00226545 -0.00747802 -0.00103348 0.999999 -0.00138862 -0.00117218 -0.00226689 0.00138628 0.999996 0.465315 
129
76
785.108
0.999995 -0.000481912 -0.00317984 0.00515828 0.000480085 1 -0.000575318 -0.0118407 0.00318012 0.000573788 0.999995 0.457435 
125
72
582.591
0.999998 -0.000153839 -0.00189653 -0.00386552 0.000155711 1 0.000986958 0.00216754 0.00189638 -0.000987251 0.999998 0.430002 
133
68
689.111
0.999989 0.000201344 0.00467808 -0.0108779 -0.000190871 0.999997 -0.00223906 0.0162337 -0.00467852 0.00223814 0.999987 0.44038 
123
62
535.096
0.999987 -0.0010265 -0.00492961 0.00664611 0.00100715 0.999992 -0.00392558 -0.00713992 0.0049336 0.00392057 0.99998 0.455786 
122
57
507.449
0.986087 0.00637392 -0.166108 -0.00447214 -0.0062386 0.99998 0.00133642 0.0114375 0.166113 -0.000281547 0.986107 0.101562 
137
63
1257.16
0.986087 0.00637392 -0.166108 -0.00447214 -0.0062386 0.99998 0.00133642 0.0114375 0.166113 -0.000281547 0.986107 0.101562 
134
63
1341.33
0.986087 0.00637392 -0.166108 -0.00447214 -0.0062386 0.99998 0.00133642 0.0114375 0.166113 -0.000281547 0.986107 0.101562 
143
80
1297.82
0.987892 -6.13757e-05 -0.155144 -0.0148093 0.000756726 0.99999 0.00442292 -0.0137604 0.155142 -0.00448677 0.987882 0.139045 
139
55
1532.05
0.999978 0.00343445 0.00564314 -0.0153198 -0.00345693 0.999986 0.00398012 -0.0327149 -0.00562939 -0.00399954 0.999976 0.465101 
129
59
747.866
0.999919 2.44424e-05 0.0126944 -0.028341 2.55294e-06 0.999998 -0.00212654 -0.00490396 -0.0126944 0.0021264 0.999917 0.453132 
130
57
779.691
0.999763 0.00117523 -0.0217417 0.0220754 -0.00143211 0.999929 -0.0118034 0.0298719 0.0217263 0.0118317 0.999694 0.45337 
140
49
1072.18
0.999976 0.000567843 0.0069682 -0.0479225 -0.000460763 0.999882 -0.0153589 0.0460042 -0.0069761 0.0153553 0.999858 0.468593 
133
54
779.838
0.99988 -0.00606471 -0.0142693 0.02886 0.00603834 0.99998 -0.00189054 0.0195234 0.0142805 0.00180415 0.999896 0.470182 
135
55
869.217
0.999998 -6.61115e-06 0.00222206 -0.010768 2.10697e-05 0.999979 -0.00650689 0.00769349 -0.00222197 0.00650692 0.999976 0.463949 
126
49
635.648
0.99998 -0.00628351 -0.00030844 0.0220913 0.00628055 0.999942 -0.00879942 0.0364063 0.000363713 0.00879731 0.999961 0.478989 
143
51
1211.28
0.999997 -7.83086e-05 0.0023605 -0.0353737 8.26651e-05 0.999998 -0.00184555 -0.0198148 -0.00236035 0.00184574 0.999996 0.474788 
127
42
664.44
0.999998 -0.000577687 0.00178522 -0.0195596 0.000593366 0.999961 -0.00879459 0.0010045 -0.00178007 0.00879563 0.99996 0.431229 
140
52
1167.81
0.999884 0.00804739 0.0129442 -0.0480668 -0.00791835 0.999919 -0.00998884 0.0417476 -0.0130235 0.00988519 0.999866 0.461363 
131
46
916.067
0.999994 0.00319728 0.00154809 0.00560607 -0.0031849 0.999963 -0.00793485 0.00462068 -0.0015734 0.00792987 0.999967 0.443652 
135
48
849.076
0.999943 0.00596398 0.00890131 0.000900915 -0.00587871 0.999937 -0.00957518 0.0334564 -0.00895785 0.0095223 0.999915 0.442491 
126
50
809.867
0.999976 -0.00670035 0.00192106 0.0153227 0.00669397 0.999972 0.00330949 -0.0271389 -0.00194318 -0.00329655 0.999993 0.44995 
121
41
793.644
0.999983 -0.00274653 -0.00507725 -0.0163693 0.00279138 0.999957 0.0088476 -0.026422 0.00505273 -0.00886163 0.999948 0.46276 
131
42
973.176
0.985353 0.0143659 -0.169921 -0.0212062 -0.015559 0.999863 -0.00569236 0.00744982 0.169816 0.0082528 0.985441 0.0853909 
137
62
1507.2
0.985353 0.0143659 -0.169921 -0.0212062 -0.015559 0.999863 -0.00569236 0.00744982 0.169816 0.0082528 0.985441 0.0853909 
140
82
1197.72
0.984617 0.000471165 -0.174727 -0.00527797 -0.00118458 0.999991 -0.00397875 -0.0026458 0.174724 0.00412452 0.984609 0.0742278 
138
81
1406.56
0.999994 0.00223459 0.00275918 -0.0144772 -0.00223567 0.999997 0.000388445 0.0244818 -0.00275831 -0.000394612 0.999996 0.455521 
137
61
907.073
0.99996 -0.00442592 -0.00779754 0.0142725 0.00434813 0.999941 -0.0099645 0.00729138 0.00784118 0.0099302 0.99992 0.457312 
126
60
704.214
0.999935 -0.00702654 -0.00902925 0.0463023 0.0069998 0.999971 -0.00298961 0.00294555 0.00905 0.00292621 0.999955 0.463399 
131
51
694.293
0.999997 -0.000209999 -0.00255492 0.0485948 0.000228712 0.999973 0.00732623 -0.0385592 0.00255332 -0.00732679 0.99997 0.415943 
125
56
555.649
0.999894 -0.000999524 -0.0145261 0.0299399 0.000994524 0.999999 -0.000351403 -0.000350841 0.0145264 0.000336919 0.999894 0.46431 
122
46
634.257
0.999996 -0.000860863 0.00282201 0.0218274 0.000853686 0.999996 0.0025434 -0.0191835 -0.00282419 -0.00254098 0.999993 0.459207 
126
57
1070.99
0.999969 0.0011288 -0.00780985 0.0338172 -0.00123129 0.999913 -0.0131301 0.02826 0.00779435 0.0131393 0.999883 0.44544 
122
49
918.148
0.999939 0.01106 -0.000557589 -0.0255426 -0.0110653 0.999883 -0.0105809 0.0562293 0.000440498 0.0105864 0.999944 0.467768 
121
45
794.553
0.99999 0.00286276 0.00342307 -0.00980935 -0.00288585 0.999973 0.00676195 0.00194943 -0.00340362 -0.00677176 0.999971 0.46342 
124
60
976.128
0.999899 -0.0106781 0.0094218 0.0133208 0.010696 0.999941 -0.00185259 0.00847571 -0.00940146 0.00195318 0.999954 0.467471 
127
53
986.89
0.999991 -0.00366499 0.00211659 -0.000462725 0.00369413 0.999896 -0.0139312 0.0441572 -0.00206531 0.0139389 0.999901 0.469814 
119
54
631.632
0.999896 -0.00539422 0.0134044 -0.0459624 0.00541618 0.999984 -0.00160248 -0.0231388 -0.0133956 0.00167491 0.999909 0.441078 
116
52
620.343
0.999951 -0.00812938 -0.00563963 0.0214576 0.00821466 0.99985 0.0152671 0.00663236 0.00551467 -0.0153127 0.999868 0.506098 
116
50
709.631
0.999993 -0.00284796 0.00256949 -0.042842 0.00286016 0.999985 -0.00475793 0.0383598 -0.0025559 0.00476524 0.999985 0.483645 
124
53
973.142
0.999931 -0.0107566 0.00461612 0.0240936 0.0107695 0.999938 -0.0027763 0.0212814 -0.00458598 0.00282582 0.999985 0.44684 
127
54
946.158
0.999913 0.0117661 0.00596882 -0.0281176 -0.0115844 0.999494 -0.0296145 0.0779505 -0.00631424 0.0295428 0.999544 0.417615 
112
41
656.324
0.999964 -0.00788913 -0.00326813 0.021682 0.0078784 0.999964 -0.00328443 0.0362544 0.00329393 0.00325856 0.999989 0.454559 
97
39
531.192
0.999965 -0.00784536 -0.00278849 0.00373989 0.00784545 0.999969 2.11852e-05 0.0462823 0.00278824 -4.30614e-05 0.999996 0.480651 
104
49
792.148
0.999976 0.00238515 0.00643775 -0.0449778 -0.00238692 0.999997 0.000267188 -0.000520103 -0.0064371 -0.000282549 0.999979 0.446959 
107
51
911.198
0.999906 -0.00951745 -0.0098652 0.0266923 0.00950074 0.999953 -0.00173919 0.00736235 0.0098813 0.0016453 0.99995 0.477891 
105
47
521.989
0.999999 -0.000956275 -0.000587806 -0.0017937 0.000954652 0.999996 -0.00275461 -0.00155767 0.000590437 0.00275404 0.999996 0.45347 
114
62
729.084
0.999939 0.00311615 0.0105989 -0.0346901 -0.0030911 0.999992 -0.00237933 0.00224418 -0.0106062 0.00234642 0.999941 0.450264 
115
39
819.32
0.999997 -0.00209716 -0.00110474 -0.00677214 0.00209128 0.999984 -0.00529227 0.0120686 0.00111582 0.00528995 0.999985 0.454571 
125
63
952.244
0.999922 0.00745242 0.0100491 -0.0208061 -0.00744677 0.999972 -0.000599121 -0.00291705 -0.0100532 0.000524241 0.999949 0.467585 
119
59
724.51
0.999978 -0.00305491 -0.00588235 0.0105092 0.00304972 0.999995 -0.000889831 -0.00187443 0.00588504 0.000871872 0.999982 0.433936 
106
57
405.794
0.999852 0.00550112 0.0163048 -0.0501122 -0.0054657 0.999983 -0.00221632 0.0180068 -0.0163168 0.00212688 0.999865 0.491629 
109
61
433.762
0.99985 0.00880737 0.0149458 -0.0248983 -0.00894739 0.999916 0.00932773 0.00475622 -0.0148624 -0.00946006 0.999845 0.454934 
112
49
452.069
0.999999 -0.000940845 -0.00129416 0.00652336 0.000937468 0.999996 -0.00260757 -0.00106527 0.0012966 0.00260635 0.999996 0.41976 
113
68
451.403
0.999962 0.00288106 0.00820864 -0.0153586 -0.00284607 0.999987 -0.00427 0.0039725 -0.00822083 0.00424648 0.999957 0.48312 
119
61
553.435
0.999968 0.0042972 0.00669842 0.023992 -0.0043097 0.999989 0.0018535 0.0157071 -0.00669038 -0.00188231 0.999976 0.476269 
117
57
568.417
0.999998 0.00127902 -0.00162357 -0.000137283 -0.00127705 0.999998 0.00120955 0.00664226 0.00162511 -0.00120747 0.999998 0.45456 
126
66
723.232
0.997038 -0.000890761 0.0768994 -0.020488 0.00166248 0.999949 -0.00997204 0.0121941 -0.0768865 0.0100704 0.996989 0.298816 
127
67
1014.7
0.997038 -0.000890761 0.0768994 -0.020488 0.00166248 0.999949 -0.00997204 0.0121941 -0.0768865 0.0100704 0.996989 0.298816 
148
70
1341.9
0.997038 -0.000890761 0.0768994 -0.020488 0.00166248 0.999949 -0.00997204 0.0121941 -0.0768865 0.0100704 0.996989 0.298816 
147
79
1266.94
0.997038 -0.000890761 0.0768994 -0.020488 0.00166248 0.999949 -0.00997204 0.0121941 -0.0768865 0.0100704 0.996989 0.298816 
149
76
1375.17
0.999874 0.000738201 0.015844 -0.00450205 -0.00064951 0.999984 -0.00560214 0.0008055 -0.0158479 0.00559115 0.999859 0.375813 
143
70
883.658
1 0.000503293 0.000313347 0.0312782 -0.000504712 0.99999 0.00454354 0.00448404 -0.000311057 -0.00454369 0.99999 0.485135 
132
61
739.165
0.999995 -0.00155365 -0.00273845 0.0108606 0.00154827 0.999997 -0.00196335 -0.00676751 0.00274149 0.0019591 0.999994 0.419786 
129
54
570.434
0.999924 -0.000961168 -0.0122793 -0.0111378 0.000924495 0.999995 -0.00299192 0.0127404 0.0122821 0.00298034 0.99992 0.455534 
149
56
1084.45
0.999987 -0.000495418 -0.00513971 0.0206835 0.000514371 0.999993 0.00368701 -0.0334363 0.00513785 -0.0036896 0.99998 0.456786 
148
54
1099.37
0.999981 -0.000722509 -0.00615052 0.0201676 0.000724202 1 0.000273099 -0.00538739 0.00615032 -0.000277548 0.999981 0.459689 
144
60
973.045
0.999948 -0.00260808 -0.00989857 0.0323732 0.0026052 0.999997 -0.000303968 0.0104159 0.00989933 0.000278164 0.999951 0.456412 
147
59
1159.77
0.999764 0.003148 -0.0214727 0.0607489 -0.00310991 0.999994 0.0018068 -0.0366742 0.0214783 -0.0017396 0.999768 0.421602 
149
56
876.604
0.999999 -0.000478058 0.00143139 0.00682731 0.000478985 1 -0.000647091 -0.00115133 -0.00143108 0.000647776 0.999999 0.456426 
144
66
959.418
0.999996 0.0026718 0.00123097 -0.012787 -0.00267447 0.999994 0.00217213 -0.0112951 -0.00122516 -0.00217541 0.999997 0.457048 
150
68
1117.42
0.999994 -0.00254966 0.00231089 -0.0142598 0.0025752 0.999935 -0.0111175 0.0130416 -0.00228239 0.0111234 0.999936 0.442826 
150
55
1152.03
0.999922 -0.00279983 0.0121321 -0.0293602 0.00278736 0.999996 0.00104437 0.000618194 -0.0121349 -0.00101047 0.999926 0.435406 
132
49
636.185
0.99999 -0.00122922 -0.00420215 0.00425005 0.00123246 0.999999 0.000769472 0.000176187 0.0042012 -0.000774644 0.999991 0.465876 
146
65
1112.86
0.99998 -0.00337201 0.00535419 -0.0131571 0.00338539 0.999991 -0.00249146 0.0346783 -0.00534575 0.00250953 0.999983 0.460742 
150
43
1026.87
0.999973 -0.00143266 0.00718235 -0.0100812 0.00146399 0.999989 -0.00435931 -0.00308074 -0.00717602 0.00436971 0.999965 0.441806 
150
55
1084.85
0.999947 0.00968369 -0.00345526 -0.0295411 -0.00969061 0.999951 -0.00199212 0.0136013 0.0034358 0.0020255 0.999992 0.453004 
150
57
1190.13
0.999991 -0.00257467 -0.0033083 0.00089027 0.00258026 0.999995 0.00168891 -0.0183294 0.00330394 -0.00169743 0.999993 0.460174 
142
46
933.99
0.993395 -0.00957536 0.114347 0.0212488 0.00940872 0.999954 0.00199694 0.00483415 -0.114361 -0.000907899 0.993439 0.208892 
150
57
1325.12
0.999057 0.00195407 0.0433751 0.00303086 -0.00162901 0.99997 -0.00752817 0.00352344 -0.0433885 0.00745041 0.99903 0.330317 
150
64
1062.75
0.999977 -1.60706e-05 0.00684227 -0.00229871 1.50796e-05 1 0.000144883 -0.00200093 -0.00684228 -0.000144776 0.999977 0.427537 
149
62
1091.46
0.999835 0.000585857 0.0181787 -0.00955223 -0.000596845 1 0.000599037 -0.0169374 -0.0181783 -0.000609788 0.999835 0.446248 
147
58
1171.18
0.999951 -0.00043226 0.00991656 -0.0581663 0.000445329 0.999999 -0.00131565 -0.00595896 -0.00991598 0.00132 0.99995 0.43965 
140
54
788.984
0.999968 0.00437389 0.00663877 -0.00904379 -0.00439564 0.999985 0.00326522 -0.024399 -0.00662439 -0.0032943 0.999973 0.460262 
150
50
1297.32
0.999949 0.000192029 0.010135 -0.0738108 -0.000187979 1 -0.000400565 -0.0558319 -0.0101351 0.00039864 0.999949 0.406627 
150
48
943.002
0.999747 -0.0137627 -0.017765 0.0181991 0.0137561 0.999905 -0.000493828 0.00615701 0.0177702 0.000249325 0.999842 0.456352 
147
50
997.971
0.999993 0.00355067 -0.00110363 -0.0128705 -0.00353985 0.999947 0.00965263 -0.0103232 0.00113785 -0.00964866 0.999953 0.475424 
150
58
1246.87
0.999904 -0.000738394 -0.0138453 0.0013292 0.000636612 0.999973 -0.00735438 0.00263854 0.0138503 0.00734486 0.999877 0.444367 
142
44
1039.43
0.999999 9.20622e-05 -0.00124542 -0.00777879 -0.000103964 0.999954 -0.00955956 0.010295 0.00124448 0.00955968 0.999954 0.438693 
150
56
1160.84
0.999707 0.00099003 0.0241933 -0.0526468 -0.000404386 0.999707 -0.0241998 0.0218427 -0.0242101 0.0241829 0.999414 0.402299 
144
42
1063.51
0.999969 -0.000162759 0.00793405 -0.00408052 7.32299e-05 0.999936 0.0112831 0.0105857 -0.00793538 -0.0112822 0.999905 0.442987 
150
60
1380.54
0.999969 -0.000162759 0.00793405 -0.00408052 7.32299e-05 0.999936 0.0112831 0.0105857 -0.00793538 -0.0112822 0.999905 0.442987 
150
65
1952.78
0.999969 -0.000162759 0.00793405 -0.00408052 7.32299e-05 0.999936 0.0112831 0.0105857 -0.00793538 -0.0112822 0.999905 0.442987 
149
61
1354.71
0.999969 -0.000162759 0.00793405 -0.00408052 7.32299e-05 0.999936 0.0112831 0.0105857 -0.00793538 -0.0112822 0.999905 0.442987 
150
63
1189.32
0.999969 -0.000162759 0.00793405 -0.00408052 7.32299e-05 0.999936 0.0112831 0.0105857 -0.00793538 -0.0112822 0.999905 0.442987 
150
82
1275.41
0.999969 -0.000162759 0.00793405 -0.00408052 7.32299e-05 0.999936 0.0112831 0.0105857 -0.00793538 -0.0112822 0.999905 0.442987 
148
72
1432.71
0.999969 -0.000162759 0.00793405 -0.00408052 7.32299e-05 0.999936 0.0112831 0.0105857 -0.00793538 -0.0112822 0.999905 0.442987 
143
70
1372.23
0.976865 -0.00908687 0.213663 0.0682531 0.00823037 0.999954 0.00489786 0.0969211 -0.213698 -0.00302603 0.976895 0.224311 
141
63
1227.75
0.976865 -0.00908687 0.213663 0.0682531 0.00823037 0.999954 0.00489786 0.0969211 -0.213698 -0.00302603 0.976895 0.224311 
139
77
1168.17
0.976865 -0.00908687 0.213663 0.0682531 0.00823037 0.999954 0.00489786 0.0969211 -0.213698 -0.00302603 0.976895 0.224311 
139
76
1351.33
0.976865 -0.00908687 0.213663 0.0682531 0.00823037 0.999954 0.00489786 0.0969211 -0.213698 -0.00302603 0.976895 0.224311 
142
72
1383.71
0.976865 -0.00908687 0.213663 0.0682531 0.00823037 0.999954 0.00489786 0.0969211 -0.213698 -0.00302603 0.976895 0.224311 
145
66
1253.08
0.976865 -0.00908687 0.213663 0.0682531 0.00823037 0.999954 0.00489786 0.0969211 -0.213698 -0.00302603 0.976895 0.224311 
150
64
1403.25
0.993499 0.00165826 0.113832 0.00693017 -0.00106459 0.999986 -0.00527587 0.00152062 -0.113839 0.00512038 0.993486 0.218913 
150
67
1234.94
0.999922 -0.00732754 0.0100952 0.0104302 0.0073321 0.999973 -0.000414662 -0.0184698 -0.0100919 0.000488649 0.999949 0.444203 
145
61
1123.8
0.999982 -0.00377849 -0.00462526 0.00446528 0.00377161 0.999992 -0.00149552 0.0319381 0.00463088 0.00147805 0.999988 0.460684 
143
57
1099.95
0.999996 -0.0026739 -4.22477e-05 0.00181991 0.00267387 0.999996 -0.000735372 0.001763 4.42138e-05 0.000735256 1 0.453759 
144
72
1223.49
0.999805 0.0123222 0.0154033 -0.0283586 -0.0121428 0.999858 -0.0116888 0.00569844 -0.0155451 0.0114995 0.999813 0.410649 
144
54
1015.46
0.999979 0.00332376 0.00561023 -0.0132571 -0.0033054 0.999989 -0.00327876 0.0264249 -0.00562107 0.00326014 0.999979 0.455882 
144
61
1166.48
0.999958 0.00270959 0.00879449 -0.00128601 -0.00273647 0.999992 0.00304515 0.00649634 -0.00878616 -0.00306909 0.999957 0.448985 
132
43
747.263
0.999991 0.000748817 0.00414322 -0.00602187 -0.000748448 1 -9.04411e-05 -0.00401019 -0.00414329 8.73393e-05 0.999991 0.462023 
140
65
1113.56
0.999991 -0.00160534 -0.00390518 0.0079088 0.00157591 0.99997 -0.00752779 0.0216461 0.00391715 0.00752156 0.999964 0.461263 
133
62
1027.85
0.999995 0.00307398 0.000391142 -0.0142782 -0.00307359 0.999995 -0.000992961 0.00390168 -0.000394192 0.000991754 0.999999 0.460371 
139
63
998.838
0.999982 0.000642594 0.00592975 -0.000989625 -0.000663026 0.999994 0.00344444 -0.00511112 -0.0059275 -0.00344831 0.999976 0.44016 
133
57
847.568
0.999923 -0.00177198 0.0123225 -0.00134864 0.00184924 0.999979 -0.00626154 -0.0331449 -0.0123111 0.00628385 0.999904 0.425341 
135
52
975.548
0.998663 0.00346107 -0.0515853 0.000954478 -0.00328501 0.999988 0.00349744 -0.018622 0.0515969 -0.00332331 0.998662 0.366401 
144
65
955.688
0.998663 0.00346107 -0.0515853 0.000954478 -0.00328501 0.999988 0.00349744 -0.018622 0.0515969 -0.00332331 0.998662 0.366401 
142
65
1142.78
0.998663 0.00346107 -0.0515853 0.000954478 -0.00328501 0.999988 0.00349744 -0.018622 0.0515969 -0.00332331 0.998662 0.366401 
138
63
1235.25
0.998663 0.00346107 -0.0515853 0.000954478 -0.00328501 0.999988 0.00349744 -0.018622 0.0515969 -0.00332331 0.998662 0.366401 
142
71
1250.2
0.981597 -0.00108275 -0.190962 -0.00893784 0.00083906 0.999999 -0.00135699 -0.00981009 0.190963 0.00117179 0.981597 0.0607295 
143
54
1575.78
0.999996 -0.00216496 0.00171755 -0.00768572 0.00216579 0.999998 -0.000478052 0.0180882 -0.00171651 0.00048177 0.999998 0.456063 
143
54
1100.87
0.999947 -0.00844196 -0.00596319 0.0174477 0.00843185 0.999963 -0.00171843 -0.00831419 0.00597748 0.00166806 0.999981 0.439028 
144
60
1052.25
0.999991 0.000675979 -0.00423122 0.00277645 -0.000655515 0.999988 0.004836 -0.00555339 0.00423444 -0.00483318 0.999979 0.456254 
142
69
1115.92
0.999999 -0.000707004 -0.00157209 0.00689352 0.000714365 0.999989 0.0046867 -0.008195 0.00156875 -0.00468781 0.999988 0.45803 
141
55
1129.47
0.999956 0.00154952 0.00930367 -0.0200561 -0.00153876 0.999998 -0.00116279 -0.0154719 -0.00930546 0.00114843 0.999956 0.446894 
138
63
1060.2
0.999998 -8.25592e-05 -0.00180845 0.00287043 7.60669e-05 0.999994 -0.00358975 -0.00294847 0.00180873 0.0035896 0.999992 0.453991 
141
54
996.496
0.999555 -0.00107049 -0.0298081 0.00861599 0.000981048 0.999995 -0.00301505 0.00937848 0.0298112 0.00298447 0.999551 0.385659 
144
60
1095.13
0.999555 -0.00107049 -0.0298081 0.00861599 0.000981048 0.999995 -0.00301505 0.00937848 0.0298112 0.00298447 0.999551 0.385659 
146
64
1323.39
0.999555 -0.00107049 -0.0298081 0.00861599 0.000981048 0.999995 -0.00301505 0.00937848 0.0298112 0.00298447 0.999551 0.385659 
148
66
1489.55
0.999555 -0.00107049 -0.0298081 0.00861599 0.000981048 0.999995 -0.00301505 0.00937848 0.0298112 0.00298447 0.999551 0.385659 
150
65
1290.27
0.999555 -0.00107049 -0.0298081 0.00861599 0.000981048 0.999995 -0.00301505 0.00937848 0.0298112 0.00298447 0.999551 0.385659 
150
65
1256.16
0.999555 -0.00107049 -0.0298081 0.00861599 0.000981048 0.999995 -0.00301505 0.00937848 0.0298112 0.00298447 0.999551 0.385659 
150
66
1530.14
0.983682 -0.00469409 -0.179853 0.0128449 0.00475022 0.999989 -0.000118589 -0.00506313 0.179851 -0.000737684 0.983694 0.084522 
150
62
1649.78
0.999899 0.00036026 0.0141999 -0.0256253 -0.000408715 0.999994 0.00340961 -0.00410377 -0.0141986 -0.00341507 0.999893 0.468976 
150
55
1203.77
0.999965 -9.05458e-05 0.00842463 -0.00485704 0.000155537 0.99997 -0.00771415 -0.00248647 -0.00842368 0.00771518 0.999935 0.439481 
150
54
1247.98
0.999999 0.000536912 0.00125304 -0.00669993 -0.000535535 0.999999 -0.00109854 -0.0158679 -0.00125363 0.00109786 0.999999 0.446181 
145
58
879.393
0.999842 0.00504595 0.0170691 -0.01537 -0.00488648 0.999944 -0.00937156 0.0158662 -0.0171154 0.00928667 0.99981 0.445072 
139
57
1018.23
0.999828 0.00201145 0.0184534 -0.0191415 -0.00193106 0.999989 -0.00437277 3.83388e-05 -0.018462 0.00433638 0.99982 0.451155 
148
52
1364.58
0.999784 0.000225704 -0.0207785 0.0409487 -0.000267433 0.999998 -0.00200553 -0.0277956 0.020778 0.00201065 0.999782 0.436088 
148
44
1226.17
0.999827 -0.00426269 -0.0181081 0.0229612 0.00412187 0.999961 -0.00780703 -0.051158 0.0181407 0.00773104 0.999806 0.430856 
145
46
1401.78
0.999997 0.000133542 -0.00263751 0.0202865 -0.000114909 0.999975 0.00706344 -0.0271052 0.00263839 -0.00706311 0.999972 0.453608 
150
35
1365.94
0.999914 0.0131035 -0.000499371 -0.0154547 -0.013103 0.999914 0.000943973 -0.0375277 0.000511697 -0.000937349 0.999999 0.434116 
137
40
1095.07
0.999993 0.00368731 -0.000572894 -0.0290671 -0.00369168 0.999963 -0.00781957 0.00563351 0.00054404 0.00782163 0.999969 0.45005 
141
41
1223.45
1 -0.000456306 -4.00572e-05 0.000694686 0.000456164 0.999994 -0.00346852 0.00451098 4.16397e-05 0.0034685 0.999994 0.4545 
146
59
1408.02
0.999997 0.00229313 -0.000564384 -0.00197726 -0.00229615 0.999983 -0.00541507 -0.0136965 0.000551957 0.00541635 0.999985 0.447828 
143
58
1154.21
0.99997 0.00676762 0.00380087 0.00698427 -0.00677652 0.999974 0.00233492 -0.00334424 -0.00378497 -0.00236061 0.99999 0.439136 
146
49
1303.33
0.999999 0.000531957 0.00147568 -0.0116081 -0.000534636 0.999998 0.00181543 -0.00680067 -0.00147471 -0.00181621 0.999997 0.45638 
142
62
1422.62
0.999976 0.00577343 0.00381713 -0.0223982 -0.00576761 0.999982 -0.00153491 -0.00203485 -0.00382592 0.00151286 0.999992 0.454123 
128
54
1152.4
0.999998 -0.00184998 2.26859e-06 -0.0136215 0.00184997 0.999997 0.00151693 0.00923798 -5.07487e-06 -0.00151692 0.999999 0.459379 
143
61
885.195
0.999931 0.00316326 0.0113065 -0.019951 -0.00315603 0.999995 -0.000656841 -0.0336638 -0.0113085 0.000621112 0.999936 0.449455 
117
50
491.227
0.999995 0.00210282 0.00230481 0.00598568 -0.00210654 0.999996 0.00161449 -0.0139955 -0.00230141 -0.00161934 0.999996 0.441678 
117
44
506.724
0.999962 -0.0031546 -0.00812122 0.00144343 0.00320736 0.999974 0.00649235 -0.00759199 0.00810053 -0.00651815 0.999946 0.503253 
120
49
654.727
0.99999 0.00394199 0.00216211 -0.00441563 -0.00394532 0.999991 0.00154128 -0.0272226 -0.00215601 -0.0015498 0.999996 0.459224 
120
49
479.581
0.999915 -0.000456788 0.0130382 0.0132767 0.000515809 0.99999 -0.00452371 -0.00900414 -0.013036 0.00453005 0.999905 0.384945 
115
52
655.374
0.985252 -0.0160438 0.170353 0.104419 0.0221049 0.999186 -0.0337424 0.0859645 -0.169673 0.0370104 0.984805 0.128495 
133
44
1831.35
0.999666 0.00932245 0.0240936 -0.102835 -0.00935093 0.999956 0.00106976 -0.0141953 -0.0240825 -0.0012947 0.999709 0.459151 
115
43
513.555
0.999816 0.0106039 0.0159636 -0.0248008 -0.0106582 0.999938 0.00332343 -0.00531642 -0.0159273 -0.00349296 0.999867 0.47981 
116
43
638.82
0.999944 -0.0104228 0.00181777 -0.0348841 0.0104257 0.999944 -0.00160045 0.0210953 -0.00180098 0.00161931 0.999997 0.477175 
124
39
675.756
0.999908 0.00352781 0.0131089 -0.038389 -0.00355696 0.999991 0.00220093 -0.0236277 -0.0131011 -0.00224735 0.999912 0.461395 
128
48
515.511
0.999798 0.00711488 -0.018787 0.15782 -0.00688011 0.999898 0.0125319 -0.120566 0.0188743 -0.0124001 0.999745 0.368588 
130
36
621.029
0.999852 0.00613153 0.0160727 -0.0446728 -0.0061317 0.999981 -3.8838e-05 -0.00250165 -0.0160726 -5.97208e-05 0.999871 0.467609 
117
47
633.196
0.999984 0.00422164 0.00382194 0.0118945 -0.0042221 0.999991 0.00011251 0.00270911 -0.00382143 -0.000128645 0.999993 0.466072 
116
41
718.701
0.999855 -0.00986463 -0.0139123 0.0660685 0.00975987 0.999924 -0.00757807 -0.00529653 0.013986 0.00744119 0.999875 0.439022 
138
42
918.384
0.999991 0.00402096 0.000926128 -0.0252755 -0.00402428 0.999985 0.0036098 0.00587271 -0.000911599 -0.00361349 0.999993 0.473975 
135
46
1008.57
0.999481 0.00467107 0.0318721 -0.0381905 -0.00455299 0.999983 -0.00377621 0.000447615 -0.0318892 0.00362914 0.999485 0.405535 
139
54
1027.6
0.999957 0.00307262 0.00869278 0.029595 -0.00309086 0.999993 0.00208614 -0.0168529 -0.00868631 -0.00211292 0.99996 0.466916 
144
47
986.096
0.999881 -0.00152606 -0.0153495 0.0585751 0.00135603 0.999938 -0.0110817 0.00656653 0.0153654 0.0110596 0.999821 0.443255 
141
51
879.645
0.98397 0.00934034 -0.178088 -0.0168429 -0.00896456 0.999956 0.00291468 -0.00336677 0.178107 -0.00127148 0.98401 0.0862478 
144
64
1579.26
0.99989 -0.00156888 0.0147716 -0.0239376 0.00160395 0.999996 -0.00236265 -0.00703664 -0.0147678 0.00238608 0.999888 0.44511 
131
57
738.804
0.999962 0.00143236 0.00854229 -0.015796 -0.0014233 0.999998 -0.00106589 0.0013143 -0.00854381 0.00105369 0.999963 0.44408 
133
46
889.452
0.999892 0.00928841 0.0114274 -0.0223757 -0.00930434 0.999956 0.00134102 -0.0109472 -0.0114144 -0.0014472 0.999934 0.440816 
134
53
965.928
0.999942 0.00389199 0.010091 0.00394283 -0.00391129 0.999991 0.00189372 -0.0100438 -0.0100835 -0.00193308 0.999947 0.446487 
129
53
832.011
0.999989 -0.00398546 -0.00257356 -0.0041173 0.00398391 0.999992 -0.000606391 0.0138285 0.00257596 0.000596131 0.999997 0.475798 
134
59
762.169
0.999961 -0.00143956 -0.0086834 0.00666848 0.00142738 0.999998 -0.00140904 0.00243357 0.00868541 0.00139659 0.999961 0.482345 
141
53
977.185
0.999893 0.00450549 0.0139291 -0.0655564 -0.00455117 0.999984 0.0032493 -0.00996509 -0.0139142 -0.00331234 0.999898 0.480892 
130
43
758.12
0.999971 -0.000531453 0.00766064 -0.025977 0.000470007 0.999968 0.00802061 -0.0349876 -0.00766465 -0.00801677 0.999938 0.459028 
123
57
506.955
0.999999 -0.000417602 0.00149346 -0.014242 0.000410636 0.999989 0.00466141 -0.0218984 -0.0014954 -0.00466079 0.999988 0.481901 
118
54
540.228
0.999979 -0.00260143 -0.0058756 0.0233047 0.00256522 0.999978 -0.00616073 -0.0143121 0.0058915 0.00614553 0.999964 0.427899 
117
46
602.557
0.999978 -0.000404276 0.00661102 -0.00806177 0.000392611 0.999998 0.00176564 -0.00421971 -0.00661172 -0.00176301 0.999977 0.454306 
131
49
844.875
0.999952 0.00213931 0.00959298 -0.0220624 -0.00214569 0.999997 0.000655434 -0.00380369 -0.00959156 -0.000675985 0.999954 0.448679 
132
55
1021.25
0.999977 0.00064721 0.00675532 -0.00790423 -0.000673384 0.999992 0.00387294 -0.0102337 -0.00675276 -0.0038774 0.99997 0.458693 
124
63
791.485
0.999998 0.0017777 -0.00118125 -0.00123526 -0.00177392 0.999993 0.00319312 -0.0168822 0.00118692 -0.00319102 0.999994 0.496259 
112
53
663.465
0.999983 -0.00563287 0.0016224 0.029336 0.00562947 0.999982 0.00209741 -0.0143509 -0.00163419 -0.00208824 0.999996 0.465429 
121
46
734.621
0.999973 -0.000159854 -0.00737432 0.00170449 0.000195845 0.999988 0.00488005 -0.00218582 0.00737345 -0.00488136 0.999961 0.484427 
117
59
757.643
0.999973 -0.000159854 -0.00737432 0.00170449 0.000195845 0.999988 0.00488005 -0.00218582 0.00737345 -0.00488136 0.999961 0.484427 
131
56
1577.99
0.999506 0.000894821 0.0314187 0.047962 -0.00116516 0.999962 0.00858705 -0.0492602 -0.0314098 -0.00861941 0.999469 0.374467 
132
61
1015.91
0.999454 -0.0164376 -0.0286766 0.18118 0.0159569 0.99973 -0.0169119 0.0428239 0.0289469 0.0164451 0.999446 0.379054 
119
39
626.041
0.99778 -0.00235937 0.0665598 -0.0252927 0.00303369 0.999945 -0.0100319 0.0334986 -0.0665325 0.0102115 0.997732 0.346468 
122
41
789.973
0.99778 -0.00235937 0.0665598 -0.0252927 0.00303369 0.999945 -0.0100319 0.0334986 -0.0665325 0.0102115 0.997732 0.346468 
137
70
1225.12
0.99778 -0.00235937 0.0665598 -0.0252927 0.00303369 0.999945 -0.0100319 0.0334986 -0.0665325 0.0102115 0.997732 0.346468 
138
70
1556.88
0.99778 -0.00235937 0.0665598 -0.0252927 0.00303369 0.999945 -0.0100319 0.0334986 -0.0665325 0.0102115 0.997732 0.346468 
139
70
1494.37
0.99778 -0.00235937 0.0665598 -0.0252927 0.00303369 0.999945 -0.0100319 0.0334986 -0.0665325 0.0102115 0.997732 0.346468 
145
68
1420.35
0.986335 -0.0032038 0.16472 0.0173738 0.00282512 0.999993 0.00253316 -0.00661317 -0.164727 -0.00203319 0.986337 0.107077 
144
84
1373.62
0.999996 -0.00073944 -0.00275247 -0.0234933 0.000735965 0.999999 -0.00126335 -0.0129716 0.0027534 0.00126132 0.999995 0.489677 
141
74
713.352
1 0.00043202 -0.000641193 -0.0120393 -0.000435636 0.999984 -0.00564981 0.0071743 0.000638742 0.00565009 0.999984 0.471993 
136
82
641.692
0.999999 0.000471981 0.00105978 -0.0087603 -0.000469694 0.999998 -0.00215762 0.000948358 -0.00106079 0.00215713 0.999997 0.441156 
134
78
554.966
