1 0 0 0 0 1 0 0 0 0 1 0 
144
136
33.4412
1 0 0 0 0 1 0 0 0 0 1 0 
144
136
178.83
1 0 0 0 0 1 0 0 0 0 1 0 
144
120
102.619
1 0 0 0 0 1 0 0 0 0 1 0 
144
122
121.095
1 0 0 0 0 1 0 0 0 0 1 0 
144
127
137.517
1 0 0 0 0 1 0 0 0 0 1 0 
144
129
91.1942
1 0 0 0 0 1 0 0 0 0 1 0 
144
139
143.353
1 0 0 0 0 1 0 0 0 0 1 0 
144
144
28.4417
1 0.000318517 -0.000542132 0.00163157 -0.000320949 0.99999 -0.00449269 -0.00564929 0.000540696 0.00449286 0.99999 0.300733 
144
121
561.927
0.999989 0.00423009 -0.00225335 0.000687329 -0.00422546 0.999989 0.00205467 -0.0359551 0.00226202 -0.00204513 0.999995 0.278616 
144
105
577.772
0.999998 -0.00157678 0.00111885 -0.000672602 0.00157826 0.999998 -0.0013209 0.017843 -0.00111676 0.00132267 0.999999 0.355103 
143
118
546.622
0.999996 -0.00270818 -0.000872993 0.00234491 0.00271426 0.999972 0.00704028 -0.00357696 0.000853902 -0.00704263 0.999975 0.34642 
144
103
646.4
0.999998 -0.000648386 -0.00196949 0.00914582 0.000649786 1 0.000710562 0.00259873 0.00196903 -0.00071184 0.999998 0.338444 
144
110
574.577
0.999999 0.00125536 0.000693162 -0.00547194 -0.00125066 0.999977 -0.00673952 0.0132902 -0.000701606 0.00673864 0.999977 0.36377 
144
109
670.384
0.999999 0.00125536 0.000693162 -0.00547194 -0.00125066 0.999977 -0.00673952 0.0132902 -0.000701606 0.00673864 0.999977 0.36377 
138
119
703.918
0.999977 0.00622039 0.00255537 -0.0189454 -0.00623139 0.999971 0.00432197 0.00564297 -0.00252841 -0.0043378 0.999987 0.349263 
144
114
653.281
0.999974 0.00625923 0.00352504 -0.0204771 -0.00628147 0.99996 0.00633324 -0.0147607 -0.00348526 -0.00635522 0.999974 0.325263 
144
108
613.24
1 0.000516054 1.21057e-05 -0.000883636 -0.000516029 0.999998 -0.00201676 -4.76312e-05 -1.31464e-05 0.00201675 0.999998 0.353916 
144
119
704.119
0.999993 -0.00338089 -0.00175871 0.0148802 0.00335842 0.999915 -0.0126234 0.0368432 0.00180123 0.0126174 0.999919 0.369383 
138
103
693.465
0.999993 -0.00331957 -0.00187351 0.0103446 0.00331663 0.999993 -0.0015695 0.0126598 0.0018787 0.00156328 0.999997 0.354204 
136
119
512.113
0.999994 0.00290295 0.00202516 -0.00657005 -0.00291737 0.99997 0.0071533 -0.010223 -0.00200433 -0.00715917 0.999972 0.330598 
144
103
565.016
0.999977 -0.00560281 -0.00372968 0.0216021 0.0055992 0.999984 -0.000976638 0.0234432 0.00373509 0.000955733 0.999993 0.362575 
139
108
702.843
0.999997 0.00246062 0.000254387 -0.00551425 -0.00245923 0.999983 -0.00532578 -0.011746 -0.000267487 0.00532514 0.999986 0.327485 
134
114
579.127
0.999999 0.00116746 0.00114975 -0.00357005 -0.00116044 0.999981 -0.00609436 0.0127829 -0.00115684 0.00609302 0.999981 0.355819 
143
118
596.341
0.999999 -0.00123393 -0.000182042 0.00372062 0.00123483 0.999987 0.00504453 -0.00431953 0.000175815 -0.00504475 0.999987 0.334393 
144
113
546.423
0.999865 -0.0158276 -0.0043329 0.0430117 0.0158497 0.999861 0.00512309 -0.00326116 0.00425121 -0.00519108 0.999977 0.330521 
144
108
658.959
0.999989 0.00324102 0.00339811 -0.0187538 -0.00323777 0.999994 -0.000960712 0.00283385 -0.00340121 0.000949699 0.999994 0.359517 
144
100
543.716
0.999996 0.00284317 0.000829673 -0.00696884 -0.00283562 0.999956 -0.00896256 0.0114577 -0.000855118 0.00896017 0.999959 0.345063 
144
102
763.769
1 0.00035669 0.000861534 -0.00494663 -0.000353242 0.999992 -0.00399957 0.0185654 -0.000862954 0.00399926 0.999992 0.371367 
130
106
519.013
0.99999 -0.00432536 0.000574625 0.00666171 0.00432103 0.999964 0.00733345 -0.0158198 -0.000606324 -0.0073309 0.999973 0.321934 
144
112
629.255
0.99999 0.00428941 0.0015138 -0.0103156 -0.00429603 0.999981 0.00440353 -0.0171302 -0.00149489 -0.00440999 0.999989 0.328804 
140
111
595.336
0.999999 -0.00110022 -0.00029223 0.00514391 0.00109841 0.999981 -0.00611955 0.0124496 0.000298957 0.00611923 0.999981 0.358436 
142
113
659.45
0.999961 -0.00884244 0.000755028 0.0152957 0.00884751 0.999936 -0.00701032 -0.0453312 -0.000692992 0.00701673 0.999975 0.250427 
139
111
596.884
1 3.38318e-05 8.51816e-05 -0.00238064 -3.40015e-05 0.999998 0.00199246 0.0113772 -8.5114e-05 -0.00199246 0.999998 0.352945 
141
113
734.047
0.999997 -0.00123465 0.0019972 -0.00354312 0.00122632 0.999991 0.00416844 0.0260697 -0.00200233 -0.00416598 0.999989 0.373818 
141
108
639.014
0.999888 -0.0144091 -0.00409877 0.0340227 0.0143958 0.999891 -0.00326192 0.0133482 0.00414533 0.00320255 0.999986 0.36186 
138
109
588.546
0.991376 -0.00573342 -0.13092 -0.209862 0.0041904 0.999919 -0.0120585 0.043356 0.130978 0.0114059 0.99132 -0.141405 
128
105
4883.57
0.998356 0.0557281 -0.0134378 -0.281119 -0.0559541 0.998287 -0.0170679 -0.261231 0.0124636 0.0177917 0.999764 11.8345 
36
23
787.281
0.991118 0.000261296 -0.132984 -0.0326417 0.000280463 0.999992 0.00405513 0.00164681 0.132984 -0.00405641 0.99111 0.265188 
126
99
2475.92
0.999986 0.00528337 -0.000133867 -0.0110572 -0.0052844 0.999941 -0.00944396 -0.00337286 8.39629e-05 0.00944453 0.999955 0.337519 
132
110
750.296
0.999988 -0.00474324 -0.00109857 0.00492609 0.00474504 0.999987 0.00164519 0.0301368 0.00109076 -0.00165039 0.999998 0.362949 
126
98
475.977
