0.99997 0.00710163 0.00317028 -0.0161279 -0.00709097 0.999969 -0.00336057 0.0142044 -0.00319405 0.00333799 0.999989 0.33453 
128
99
663.784
1 0.000193562 -0.000276788 -0.00257749 -0.000193543 1 6.8151e-05 0.00863869 0.000276801 -6.80974e-05 1 0.41213 
128
104
815.011
0.999986 0.00527967 0.000503659 -0.00865773 -0.00528195 0.999975 0.004638 -0.00491403 -0.000479159 -0.0046406 0.999989 0.393895 
123
94
763.761
0.999999 -0.000294284 -0.00154137 0.00348889 0.00029555 1 0.000821081 -0.0120673 0.00154113 -0.000821536 0.999998 0.394928 
120
95
813.526
0.997747 -0.0493622 -0.0454299 0.317096 0.047025 0.997583 -0.0511518 -0.0194362 0.0478451 0.0489002 0.997657 0.205571 
120
83
797.641
0.999995 0.00185684 -0.00237049 0.00648206 -0.00186308 0.999995 -0.00263376 0.0037847 0.00236559 0.00263817 0.999994 0.393 
111
83
815.481
1 -4.59904e-05 -8.95204e-05 0.00376881 4.61763e-05 0.999998 0.00207756 0.00376637 8.94247e-05 -0.00207756 0.999998 0.378557 
107
78
705.096
0.999974 0.00617582 0.00368045 -0.0139405 -0.00618279 0.999979 0.00188414 0.000690061 -0.00366874 -0.00190684 0.999991 0.392223 
107
94
765.717
0.99999 -0.00396388 -0.00186159 0.0085427 0.00395237 0.999973 -0.00614907 0.0120059 0.00188591 0.00614165 0.999979 0.386025 
105
78
804.896
0.986768 -0.00525645 -0.162052 -0.156505 0.00359077 0.999938 -0.0105698 0.00129939 0.162098 0.00984804 0.986726 -0.0163744 
70
59
2685.55
0.981485 -0.000238645 -0.191537 1.51768 0.000437545 0.999999 0.000996146 0.00587397 0.191537 -0.00106151 0.981485 -0.204359 
40
35
860.649
0.979513 0.00721237 -0.201252 0.83148 -0.00746232 0.999972 -0.000483346 -0.011873 0.201243 0.00197525 0.979539 -0.390358 
72
61
1737.23
0.988686 0.00829418 -0.149769 -0.490893 -0.00990328 0.999901 -0.0100013 -0.0203082 0.149671 0.0113713 0.98867 0.347918 
117
101
5271.34
0.999666 0.0212296 0.0147273 -0.1235 -0.0210164 0.999674 -0.0144841 -0.00101911 -0.01503 0.0141697 0.999787 0.157105 
142
93
805.373
0.998705 -0.0224143 -0.0456802 0.182908 0.0223746 0.999749 -0.00138029 -0.0801431 0.0456996 0.000356433 0.998955 0.248992 
142
87
913.712
0.999983 0.00256978 0.00527928 -0.0227099 -0.00250276 0.999917 -0.0126629 0.0489773 -0.00531138 0.0126495 0.999906 0.430722 
141
93
926.033
0.999986 0.00126593 0.00512106 -0.0292912 -0.00125483 0.999997 -0.00217071 0.0210387 -0.00512379 0.00216425 0.999985 0.418972 
135
91
808.351
0.999153 0.0402301 0.00859214 -0.22122 -0.0396871 0.997639 -0.0560491 0.0162533 -0.0108267 0.0556607 0.998391 0.162162 
132
86
700.81
0.999934 0.00665064 0.00937793 -0.0452688 -0.00662442 0.999974 -0.00282485 0.0256662 -0.00939647 0.00276254 0.999952 0.409393 
127
85
773.652
0.998969 -0.0321619 -0.0320375 0.122843 0.0314224 0.999234 -0.0233262 0.0173837 0.0327632 0.0222954 0.999214 0.349161 
125
87
803.697
0.998511 0.0500682 0.0216572 -0.202375 -0.0493128 0.998201 -0.0341137 0.0715722 -0.0233262 0.0329949 0.999183 0.448306 
123
73
830.319
0.997511 -0.0502784 -0.049427 0.417505 0.0469178 0.996653 -0.0669484 0.0986489 0.0526276 0.0644628 0.996531 0.408349 
117
80
832.135
0.999976 -0.00521312 -0.0045988 0.0228892 0.00519983 0.999982 -0.00289632 0.0370669 0.00461382 0.00287233 0.999985 0.43077 
115
79
807.091
0.998886 -0.0302382 -0.0362143 0.138278 0.029516 0.999358 -0.0203132 -0.0390644 0.0368053 0.0192217 0.999138 0.150147 
103
68
754.747
0.99973 0.0170891 0.0157194 -0.0748479 -0.0167969 0.999687 -0.0185342 0.0703808 -0.0160312 0.0182651 0.999705 0.454884 
106
75
829.698
0.999898 -0.00507157 0.0133726 -0.0656397 0.00526644 0.99988 -0.0145781 0.0688566 -0.0132971 0.014647 0.999804 0.372148 
107
75
722.312
0.999886 -0.00435682 0.0144776 -0.0606577 0.00458281 0.999868 -0.0156132 0.080883 -0.0144076 0.0156778 0.999773 0.374061 
91
61
666.689
0.9819 -0.00853828 -0.18921 -0.120586 0.00935508 0.99995 0.00342421 0.0144595 0.189171 -0.00513231 0.981931 0.240625 
84
61
2292.11
0.967697 0.00337914 -0.252092 0.38085 -0.00152783 0.99997 0.00753915 -0.0139631 0.25211 -0.00691047 0.967674 -0.35511 
26
21
1231.21
0.978673 0.0564967 -0.197503 -0.0411572 -0.0528117 0.998319 0.0238798 0.0346519 0.19852 -0.01294 0.980011 0.397783 
96
47
2521.77
0.999912 0.0100376 0.00870545 -0.0488535 -0.0100319 0.999949 -0.000690767 0.0390522 -0.00871194 0.000603374 0.999962 0.420783 
140
105
734.089
0.999971 0.00628729 0.00432742 -0.0322833 -0.0062743 0.999976 -0.00300726 0.000465531 -0.00434622 0.00298002 0.999986 0.39739 
139
115
736.508
0.999996 0.00238491 0.00134036 -0.0115749 -0.00238292 0.999996 -0.001487 -0.00435301 -0.0013439 0.0014838 0.999998 0.382064 
138
98
813.84
0.999988 -0.00481039 -0.000294524 0.000551844 0.00481211 0.99997 0.00611806 -0.00764048 0.000265084 -0.0061194 0.999981 0.400917 
137
97
702.87
0.999993 -0.00031405 0.00361749 -0.0203928 0.000289888 0.999978 0.0066778 -0.0284886 -0.00361951 -0.00667671 0.999971 0.374084 
142
107
700.984
0.999802 0.0168512 0.0106293 -0.0698929 -0.0167713 0.999831 -0.00756796 0.0142289 -0.010755 0.00738819 0.999915 0.401678 
137
108
660.63
0.999976 0.00663302 0.00204401 -0.00676688 -0.00661149 0.999924 -0.010365 0.055079 -0.00211261 0.0103512 0.999944 0.447592 
135
100
618.542
0.999963 0.0078257 0.00357311 -0.0245419 -0.00781835 0.999967 -0.00206583 0.0184456 -0.00358916 0.00203782 0.999991 0.399786 
135
102
765.137
0.999997 -0.00231164 0.000188531 0.00257878 0.00231009 0.999967 0.00782677 -0.00497952 -0.000206617 -0.00782631 0.999969 0.430989 
137
102
643.685
0.999995 0.0017109 0.00256513 -0.0192345 -0.00170674 0.999997 -0.0016252 0.0136627 -0.0025679 0.00162082 0.999995 0.417988 
135
106
701.148
0.999986 0.00518339 0.00118625 -0.0141286 -0.00517479 0.999961 -0.00713886 0.0328529 -0.00122321 0.00713262 0.999974 0.448439 
136
95
670.154
0.999964 -0.00529177 -0.00657114 0.0329596 0.00527241 0.999982 -0.00296011 0.00687904 0.00658669 0.00292536 0.999974 0.402407 
136
93
735.161
0.999999 -0.000572294 0.00124383 -0.006062 0.000569805 0.999998 0.00200085 0.015281 -0.00124497 -0.00200014 0.999997 0.399808 
134
99
825.722
0.999995 0.0030104 0.00105772 -0.00467732 -0.00301183 0.999995 0.00135309 0.00458653 -0.00105364 -0.00135627 0.999999 0.398565 
150
100
813.468
0.999966 -0.00625157 -0.00543498 0.0157852 0.0062094 0.999951 -0.00774109 0.0538633 0.00548311 0.00770708 0.999955 0.498918 
142
90
826.338
1 -0.000910669 -2.29821e-05 -0.00185712 0.000910562 0.99999 -0.00428192 0.010279 2.68813e-05 0.0042819 0.999991 0.423072 
150
110
841.257
0.999999 0.00133825 -7.20516e-05 -0.00067927 -0.00133826 0.999999 -0.0002015 0.00937496 7.17819e-05 0.000201596 1 0.401031 
150
124
729.948
0.999986 0.00535805 0.000218016 -0.00320118 -0.00535861 0.999982 0.00265885 0.0143361 -0.000203766 -0.00265998 0.999996 0.385538 
150
118
708.429
0.999993 -0.00262195 -0.00271466 0.0172281 0.00261792 0.999995 -0.00148778 0.00967207 0.00271855 0.00148066 0.999995 0.408817 
150
116
734.297
0.999994 0.00174805 0.00307776 -0.0148681 -0.00173483 0.999989 -0.00429231 -0.00283011 -0.00308523 0.00428695 0.999986 0.392431 
150
111
753.147
0.999997 0.00216278 0.00123671 -0.0116136 -0.0021602 0.999996 -0.00208086 0.00985436 -0.0012412 0.00207818 0.999997 0.404778 
150
114
656.884
0.999991 0.00274599 0.00330067 -0.0243493 -0.00275786 0.99999 0.00359679 -0.0028449 -0.00329076 -0.00360586 0.999988 0.392648 
150
108
741.587
0.999999 -0.00120004 -0.000531161 -0.000923049 0.00120091 0.999998 0.00165088 0.0135831 0.000529179 -0.00165152 0.999998 0.427275 
150
115
715.529
0.999974 0.00627163 0.00346612 -0.0239803 -0.00626222 0.999977 -0.00271722 0.00697868 -0.00348308 0.00269544 0.99999 0.422042 
150
110
792.995
1 0.000448369 0.000254004 0.00568827 -0.000447928 0.999998 -0.00173618 -0.0271213 -0.000254782 0.00173607 0.999998 0.347594 
150
111
738.249
0.99999 0.00322958 0.00292842 -0.0218924 -0.00323065 0.999995 0.000361941 0.00133253 -0.00292723 -0.000371398 0.999996 0.409454 
149
123
768.343
0.999997 -0.000732015 -0.00224347 0.0203832 0.000734277 0.999999 0.0010077 0.0302106 0.00224273 -0.00100935 0.999997 0.422769 
145
117
753.582
0.999988 0.00475163 0.000853005 -0.00280032 -0.00475166 0.999989 4.01587e-05 0.00922802 -0.000852805 -4.42115e-05 1 0.420461 
144
109
652.071
0.999996 0.00253018 0.000843491 -0.00449954 -0.00252563 0.999983 -0.00534684 0.010273 -0.000857004 0.00534469 0.999985 0.388032 
145
114
739.576
0.999999 0.000667238 -0.00124198 0.00643288 -0.000668488 0.999999 -0.00100668 -0.0104911 0.0012413 0.00100751 0.999999 0.372292 
144
109
748.272
0.999987 -0.00420281 -0.00282642 0.0123453 0.00420193 0.999991 -0.000318623 0.0135257 0.00282774 0.000306742 0.999996 0.396165 
141
110
777.38
0.995961 0.00414188 0.0896933 -0.0220386 -0.00367421 0.999979 -0.00537863 0.0104159 -0.0897136 0.00502736 0.995955 0.263797 
147
109
2890.79
0.987935 0.112987 0.105917 0.212278 -0.116654 0.992747 0.029071 -0.042948 -0.101864 -0.0410759 0.99395 0.343328 
23
17
459.832
0.970738 -0.0121742 0.239831 -0.574832 0.0104556 0.99991 0.00843694 0.0152359 -0.239912 -0.00568249 0.970778 0.970213 
56
39
2548.04
0.981236 0.0818396 0.174578 -0.419532 -0.0605933 0.990463 -0.123743 0.0229649 -0.18304 0.110842 0.976837 0.478309 
76
40
2720.4
0.999782 0.00527179 0.0201796 0.00566173 -0.00515604 0.99997 -0.00578373 0.0216742 -0.0202095 0.00567842 0.99978 0.36617 
134
106
1029.65
0.999989 -0.00327176 -0.003277 0.0105659 0.00326539 0.999993 -0.00194933 0.0166385 0.00328335 0.00193861 0.999993 0.412061 
132
102
800.357
0.999999 0.00148184 -0.000529407 -0.0042058 -0.00148059 0.999996 0.00234325 0.0138911 0.000532877 -0.00234246 0.999997 0.406512 
127
101
715.024
0.999955 -0.00756721 -0.00569372 0.0319477 0.00756909 0.999971 0.000309007 0.0162154 0.00569121 -0.00035209 0.999984 0.417109 
126
104
772.974
1 -1.33875e-05 -0.000637132 0.000887618 1.02818e-05 0.999988 -0.00487437 0.0199069 0.000637189 0.00487436 0.999988 0.432026 
126
91
702.019
0.999985 -0.00315636 -0.00440698 0.0177093 0.00311517 0.999952 -0.00932307 0.0453798 0.00443619 0.00930921 0.999947 0.438104 
125
98
844.507
0.999999 -0.00119894 -0.000715883 0.000458055 0.00119795 0.999998 -0.00137803 0.0254862 0.000717534 0.00137717 0.999999 0.410489 
121
104
642.926
0.999996 -8.2307e-05 -0.00280359 0.0101455 8.29873e-05 1 0.000242527 0.0306553 0.00280357 -0.000242758 0.999996 0.407961 
126
104
680.973
0.999997 0.00228538 0.000303163 -0.00530489 -0.00228433 0.999992 -0.00341501 0.0228641 -0.000310965 0.00341431 0.999994 0.416002 
121
101
645.626
1 -0.000350129 2.11342e-05 -0.00238743 0.000350266 0.999976 -0.00689122 0.0182104 -1.87209e-05 0.00689123 0.999976 0.402053 
120
98
671.486
0.999983 -0.00286452 -0.00513278 0.0216607 0.00283825 0.999983 -0.00511807 0.0391857 0.00514735 0.00510341 0.999974 0.423841 
118
88
681.558
0.999999 -0.000448267 -0.00131723 -0.00387709 0.000447866 1 -0.000304931 0.0365984 0.00131737 0.000304341 0.999999 0.44306 
118
93
683.395
0.999997 0.000166378 -0.00262855 0.0195443 -0.00017187 0.999998 -0.00208913 0.0363026 0.00262819 0.00208958 0.999994 0.431767 
119
88
698.041
0.999994 -0.00281108 -0.00222617 0.008789 0.00280218 0.999988 -0.00398904 0.0126592 0.00223736 0.00398278 0.99999 0.411647 
118
97
700.599
0.999995 0.00111936 -0.00304945 0.0187732 -0.00117716 0.999818 -0.0190173 0.0827291 0.00302761 0.0190208 0.999815 0.450728 
115
90
702.802
0.999997 0.00225001 -0.000292693 -0.00257865 -0.002251 0.999992 -0.00344478 0.0360023 0.00028494 0.00344543 0.999994 0.396918 
118
81
587.785
0.999995 -3.98819e-06 -0.00302128 0.0135596 -3.69987e-07 0.999999 -0.00144249 0.0377618 0.00302128 0.00144249 0.999994 0.409399 
116
85
779.67
0.989832 -0.00555127 0.142131 -0.00383551 0.00586343 0.999981 -0.00177757 0.000632138 -0.142119 0.00259287 0.989846 0.201935 
137
97
4183.59
0.998951 0.000383411 0.0457828 0.0104575 6.8726e-05 0.999951 -0.00987371 0.00833715 -0.0457844 0.0098665 0.998903 0.285048 
142
103
1713.86
0.999991 -0.00260312 -0.00322073 0.0123975 0.00259406 0.999993 -0.00281382 0.0258819 0.00322803 0.00280545 0.999991 0.406336 
132
93
787.877
0.999983 -0.00480596 -0.00337189 0.0308093 0.00480383 0.999988 -0.000639752 0.0387521 0.00337493 0.000623543 0.999994 0.436521 
138
91
763.361
0.999996 0.00170106 -0.0023803 0.00238836 -0.00169932 0.999998 0.000732487 -0.00309546 0.00238155 -0.000728439 0.999997 0.388242 
140
103
832.962
0.999998 0.00174779 0.000502257 0.00396334 -0.00174138 0.99992 -0.0124894 0.0523596 -0.000524046 0.0124885 0.999922 0.443826 
143
101
843.288
0.999993 0.0021761 0.00307103 -0.0145394 -0.00217013 0.999996 -0.0019467 -0.00429585 -0.00307525 0.00194002 0.999993 0.389469 
147
105
925.097
0.999991 0.00245418 0.00344201 -0.0224251 -0.00247134 0.999985 0.00498868 -0.0261857 -0.00342972 -0.00499714 0.999982 0.356025 
148
88
1093.25
0.999995 -0.00276698 -0.00149011 0.00899753 0.00276692 0.999996 -4.60455e-05 0.0223413 0.00149023 4.19223e-05 0.999999 0.420558 
141
91
939.266
0.99999 0.00212636 0.00388294 -0.018982 -0.00212735 0.999998 0.000251075 -0.0171735 -0.0038824 -0.000259333 0.999992 0.379797 
141
100
929.239
0.999972 -0.00740675 -0.00106244 0.0239685 0.00739074 0.99987 -0.014354 0.0520474 0.00116862 0.0143457 0.999896 0.435595 
141
88
1002.31
0.999999 -0.00109133 -0.000136729 0.00771338 0.00109143 0.999999 0.000756899 -0.0022524 0.000135903 -0.000757048 1 0.395013 
142
91
1001.13
0.999911 0.00522626 0.012256 -0.0111353 -0.00559763 0.99952 0.0304652 -0.0167893 -0.0120909 -0.0305311 0.999461 0.392715 
138
95
1152.65
0.9845 -0.00930419 0.175139 -1.1134 0.0129511 0.999722 -0.0196917 -0.00994189 -0.174907 0.0216547 0.984347 -5.23603 
38
22
940.728
0.949905 -0.0127797 0.312279 -3.35843 -0.00403364 0.998579 0.0531356 -0.824112 -0.312514 -0.0517334 0.948503 4.64329 
39
24
1314.33
0.999926 0.00288958 0.0118361 3.89403 -0.00188521 0.996464 -0.0840052 0.892175 -0.012037 0.0839766 0.996395 1.49649 
55
31
1492.52
0.99117 -0.120948 0.0543433 -0.390414 0.124444 0.990005 -0.0663579 0.013611 -0.0457743 0.0725347 0.996315 2.45822 
37
25
517.132
0.929847 0.213412 0.299732 -10.6629 -0.194407 0.976575 -0.0922313 4.01196 -0.312394 0.027491 0.949555 26.3275 
16
14
627.082
0.929847 0.213412 0.299732 -10.6629 -0.194407 0.976575 -0.0922313 4.01196 -0.312394 0.027491 0.949555 26.3275 
16
15
385.308
0.977366 0.0282293 -0.209662 2.20143 -0.0566278 0.989802 -0.130709 -0.155984 0.203834 0.139623 0.968998 -2.57312 
24
23
1061.81
0.97751 0.0475982 0.205447 0.00531045 -0.0473489 0.99886 -0.00613239 0.257298 -0.205505 -0.00373322 0.978649 0.635347 
35
19
1208.53
0.986077 -0.0114165 0.165896 -0.134209 0.0213941 0.998059 -0.0584814 0.00339395 -0.164907 0.0612164 0.984408 0.615909 
41
24
882.984
0.992264 -0.0676221 0.10411 0.348093 0.0660994 0.99765 0.0180113 0.111381 -0.105084 -0.0109904 0.994403 0.792291 
41
19
894.965
0.992264 -0.0676221 0.10411 0.348093 0.0660994 0.99765 0.0180113 0.111381 -0.105084 -0.0109904 0.994403 0.792291 
10
2
894.965
0.908627 0.190397 0.37168 1.44336 -0.130154 0.974801 -0.18117 1.8355 -0.396808 0.11624 0.910512 31.0088 
37
20
1282.01
0.990531 0.0243761 0.135106 -0.186826 -0.0222003 0.999599 -0.017588 0.0045643 -0.135481 0.0144221 0.990675 0.419906 
150
122
4778.59
0.999981 0.00466389 0.00400099 -0.02757 -0.00465746 0.999988 -0.00161504 0.0120632 -0.00400847 0.00159638 0.999991 0.398958 
149
103
676.805
0.999999 -0.00123489 0.00067527 0.0141539 0.00123498 0.999999 -0.00012967 0.0292962 -0.00067511 0.000130504 1 0.429931 
147
103
758.982
0.999945 0.00708182 0.00773289 -0.0355022 -0.00706388 0.999972 -0.00234516 -0.020529 -0.00774928 0.00229041 0.999967 0.351955 
150
104
755.561
0.999894 0.00799229 0.0121826 -0.0740454 -0.00785335 0.999904 -0.0114105 0.0281447 -0.0122726 0.0113137 0.999861 0.383531 
147
105
770.387
0.999998 -0.00167327 0.000503683 0.00623042 0.00167536 0.99999 -0.00417898 0.0418243 -0.000496686 0.00417982 0.999991 0.450597 
147
107
828.858
0.999987 0.00410688 0.00304809 -0.0192407 -0.00411327 0.999989 0.00209331 0.00811935 -0.00303946 -0.00210582 0.999993 0.400066 
150
106
798.508
0.999997 -0.00170716 0.00183952 -0.0181398 0.00170581 0.999998 0.00073271 0.0117747 -0.00184077 -0.00072957 0.999998 0.420138 
148
106
823.084
0.999995 0.00179624 0.00252949 -0.00493828 -0.0017889 0.999994 -0.00289746 -0.00770096 -0.00253468 0.00289292 0.999993 0.398135 
144
113
749.525
0.999992 -0.00312758 0.00237293 -0.0121784 0.00315078 0.999947 -0.00983695 0.0542897 -0.00234204 0.00984435 0.999949 0.463941 
145
100
687.894
0.999989 -0.00394284 -0.0026261 0.012557 0.0039412 0.999992 -0.000630879 0.0183064 0.00262857 0.000620522 0.999996 0.397864 
147
105
782.754
0.999997 -0.0021493 -0.00130616 0.0116119 0.00215367 0.999992 0.00335047 0.00392669 0.00129895 -0.00335328 0.999994 0.386204 
135
92
741.464
0.998755 0.0481708 -0.0129666 -0.226167 -0.0486273 0.998111 -0.0375511 0.0447585 0.0111332 0.0381349 0.999211 0.302581 
136
89
1829.48
0.989705 0.0878573 -0.112985 0.14909 -0.0859973 0.996069 0.0212418 -0.0947479 0.114407 -0.0113066 0.99337 -0.853851 
43
30
653.809
0.955944 -0.17106 0.238557 -3.06558 0.15452 0.984193 0.0865336 -1.21365 -0.249589 -0.0458594 0.967265 1.15414 
16
15
678.822
0.946914 0.166293 0.275137 -2.2643 -0.0796383 0.950485 -0.300392 2.28127 -0.311467 0.262534 0.913271 0.371979 
26
16
844.629
0.978207 -0.0183204 -0.206823 -0.0542247 0.0152606 0.999749 -0.0163801 -0.150189 0.207071 0.0128669 0.978241 0.456857 
25
17
716
0.999995 -0.00186158 -0.00269641 0.0187414 0.00186727 0.999996 0.00210899 0.0115381 0.00269247 -0.00211401 0.999994 0.370618 
133
80
701.296
0.999982 0.00466994 0.00373047 -0.0243621 -0.00464016 0.999958 -0.00795173 0.0256115 -0.00376745 0.00793428 0.999961 0.395057 
135
87
769.423
0.999994 0.0030112 0.0016453 -0.00984696 -0.00300976 0.999995 -0.00087674 0.0176015 -0.00164794 0.000871783 0.999998 0.397513 
148
100
787.201
0.999993 0.00257719 0.00287845 -0.0204514 -0.00258368 0.999994 0.00225229 0.00637802 -0.00287263 -0.00225971 0.999993 0.396655 
150
99
798.374
0.996504 -0.0571499 -0.0609414 0.252655 0.0544682 0.99751 -0.0447945 0.0233846 0.0633496 0.0413186 0.997136 0.348573 
150
96
889.717
0.999988 -0.00453188 -0.00198345 0.0136936 0.00451412 0.99995 -0.00886823 0.0297606 0.00202354 0.00885917 0.999959 0.410761 
145
90
823.979
0.999356 -0.00521639 -0.0355101 0.0121358 0.00516623 0.999986 -0.00150419 0.0156619 0.0355174 0.00131976 0.999368 0.342645 
146
87
1385.32
0.471854 -0.165804 0.865946 -1.91337 0.188956 0.978355 0.0843647 1.04211 -0.861191 0.123818 0.49297 1.514 
11
10
443.766
0.471854 -0.165804 0.865946 -1.91337 0.188956 0.978355 0.0843647 1.04211 -0.861191 0.123818 0.49297 1.514 
5
10
443.766
0.822456 -0.560215 0.0986152 -3.03595 0.563556 0.826044 -0.00748954 0.891151 -0.0772647 0.061735 0.995097 6.63135 
20
15
337.845
0.991661 -0.126571 -0.0242391 0.339927 0.126231 0.991886 -0.0151057 0.0599905 0.0259543 0.0119201 0.999592 -2.29207 
54
21
774.377
0.994077 -0.0514486 -0.0957324 -0.00321198 0.0426307 0.994848 -0.091979 0.401951 0.0999714 0.087353 0.991148 -2.76935 
35
17
760.52
0.990487 -0.00104766 -0.137605 -0.387735 -0.000923339 0.999898 -0.014259 0.00752031 0.137605 0.0142505 0.990385 0.04253 
100
92
4826.83
0.999997 -0.000233163 0.00233283 -0.00805655 0.00023919 0.999997 -0.00258368 0.00391923 -0.00233222 0.00258423 0.999994 0.399351 
148
103
792.613
0.999985 0.00349662 0.00425455 -0.0196589 -0.00348822 0.999992 -0.00198021 -0.0145986 -0.00426144 0.00196534 0.999989 0.387412 
145
105
825.639
0.999998 0.000870675 0.00159992 -0.0116307 -0.00086485 0.999993 -0.00363755 -0.00734962 -0.00160307 0.00363616 0.999992 0.376117 
134
103
790.054
0.999772 0.020608 0.00562203 -0.0590517 -0.020593 0.999784 -0.00271938 0.0106127 -0.00567686 0.00260299 0.99998 0.395736 
125
89
703.456
0.999992 0.00151062 0.00371875 -0.0165324 -0.00152373 0.999993 0.00352618 -0.0169097 -0.0037134 -0.00353182 0.999987 0.347943 
132
98
728.41
0.999996 0.00205612 0.00167799 -0.0108636 -0.00205682 0.999998 0.000416045 -0.0122216 -0.00167713 -0.000419494 0.999999 0.377703 
129
97
693.085
0.999996 -0.00274478 0.00101308 -0.00388828 0.00275371 0.999956 -0.00892508 0.0434362 -0.000988537 0.00892783 0.99996 0.448091 
128
88
808.137
0.999999 -0.00119396 0.00106653 -0.00428522 0.0011979 0.999992 -0.00370303 0.0125941 -0.0010621 0.00370431 0.999993 0.393401 
128
91
728.293
0.999993 0.00290498 0.00232896 -0.012155 -0.00291196 0.999991 0.0030004 -3.31477e-05 -0.00232022 -0.00300716 0.999993 0.381974 
129
96
750.945
0.999994 0.00227016 0.00268455 -0.0108016 -0.00227489 0.999996 0.00175687 0.00202605 -0.00268055 -0.00176297 0.999995 0.406139 
129
95
814.263
0.999993 0.00247537 0.00286155 -0.0191455 -0.00246671 0.999992 -0.00302554 0.00550894 -0.00286902 0.00301846 0.999991 0.421318 
119
98
646.355
0.999918 0.0105848 0.0072023 -0.0498974 -0.0104779 0.999837 -0.0147136 0.0627894 -0.00735686 0.0146369 0.999866 0.431189 
120
81
699.829
0.999985 0.00345795 0.00425338 -0.0189684 -0.00345019 0.999992 -0.0018313 0.00236041 -0.00425968 0.0018166 0.999989 0.377218 
113
81
626.156
0.999987 -0.00481336 -0.00171328 0.0117954 0.00480087 0.999962 -0.00721769 0.0748003 0.00174796 0.00720938 0.999972 0.449297 
112
83
658.001
0.999986 0.00284383 0.00455892 -0.0280272 -0.00283469 0.999994 -0.00201085 0.00338597 -0.00456461 0.0019979 0.999988 0.377256 
110
81
633.659
