1 9.77287e-05 -0.000347996 -0.00633703 -9.82268e-05 0.999999 -0.00143158 0.00264215 0.000347856 0.00143162 0.999999 0.427137 
148
97
748.779
1 -1.52621e-05 -2.94867e-05 -0.00351036 1.52495e-05 1 -0.000425184 -0.00232316 2.94931e-05 0.000425183 1 0.445326 
150
85
803.993
0.999999 3.3016e-05 -0.0010785 0.00553699 -3.33427e-05 1 -0.00030295 -0.00475026 0.00107849 0.000302986 0.999999 0.457758 
150
82
747.579
0.999969 -0.00220142 0.00751807 -0.0216629 0.0015914 0.996777 0.0802024 0.00275453 -0.0076704 -0.080188 0.99675 0.553229 
149
58
1004.19
0.976238 -0.00387057 0.216667 -0.00105405 0.0215105 0.996633 -0.079116 0.00877523 -0.215631 0.0818967 0.973035 -0.0813358 
144
65
1317.53
0.976238 -0.00387057 0.216667 -0.00105405 0.0215105 0.996633 -0.079116 0.00877523 -0.215631 0.0818967 0.973035 -0.0813358 
150
62
1093.05
0.976238 -0.00387057 0.216667 -0.00105405 0.0215105 0.996633 -0.079116 0.00877523 -0.215631 0.0818967 0.973035 -0.0813358 
147
55
962.267
0.976238 -0.00387057 0.216667 -0.00105405 0.0215105 0.996633 -0.079116 0.00877523 -0.215631 0.0818967 0.973035 -0.0813358 
150
66
1054.24
0.99971 0.00485152 0.0235723 0.12758 -0.00458121 0.999923 -0.0115077 0.0453968 -0.0236263 0.0113964 0.999656 0.343765 
150
57
724.227
1 -5.17107e-05 9.29531e-06 -0.000268463 5.17208e-05 0.999999 -0.0010858 -0.0112631 -9.23915e-06 0.00108581 0.999999 0.46942 
148
88
538.146
0.999999 -3.76637e-05 -0.00106494 -0.00777779 3.79891e-05 1 0.000305614 0.00613591 0.00106493 -0.000305654 0.999999 0.47712 
148
78
701.63
1 9.68852e-06 -0.000301736 -0.00600753 -1.00829e-05 0.999999 -0.00130707 -0.0121179 0.000301723 0.00130707 0.999999 0.44795 
147
80
859.985
1 0.00021063 -0.000105126 0.00452184 -0.000210706 1 -0.000727596 -0.00466388 0.000104973 0.000727618 1 0.483658 
140
80
584.914
0.999999 7.62723e-05 -0.00135095 0.00978067 -7.5661e-05 1 0.000452528 -0.00234447 0.00135099 -0.000452425 0.999999 0.467266 
142
82
584.185
0.999994 -8.75515e-06 -0.00332496 -0.00436682 8.28078e-07 0.999997 -0.00238411 -0.00100209 0.00332497 0.00238409 0.999992 0.455514 
140
77
801.644
0.999998 0.000483696 -0.00170941 0.003611 -0.000479298 0.999997 0.00257222 -0.00247524 0.00171065 -0.0025714 0.999995 0.452568 
141
61
916.461
0.995951 -0.00458477 0.0897851 0.0308216 0.005791 0.999896 -0.0131788 0.00188726 -0.0897153 0.0136454 0.995874 0.303213 
141
44
755.657
0.995951 -0.00458477 0.0897851 0.0308216 0.005791 0.999896 -0.0131788 0.00188726 -0.0897153 0.0136454 0.995874 0.303213 
150
67
997.824
0.995951 -0.00458477 0.0897851 0.0308216 0.005791 0.999896 -0.0131788 0.00188726 -0.0897153 0.0136454 0.995874 0.303213 
145
55
912.282
0.995951 -0.00458477 0.0897851 0.0308216 0.005791 0.999896 -0.0131788 0.00188726 -0.0897153 0.0136454 0.995874 0.303213 
142
64
941.833
0.995951 -0.00458477 0.0897851 0.0308216 0.005791 0.999896 -0.0131788 0.00188726 -0.0897153 0.0136454 0.995874 0.303213 
144
66
908.434
0.989226 -0.000613749 0.146394 0.0146424 0.00113866 0.999993 -0.00350186 0.00780511 -0.146391 0.00363082 0.98922 0.153954 
144
70
924.239
0.999999 0.0010326 -0.000861675 -0.0143838 -0.00103336 0.999999 -0.000878427 0.00953304 0.000860767 0.000879316 0.999999 0.475755 
141
78
505.625
0.999998 -3.38457e-05 -0.00216001 -0.00137747 3.09429e-05 0.999999 -0.00134389 -0.00027123 0.00216006 0.00134382 0.999997 0.452355 
140
70
530.247
0.999992 0.00105825 0.0038842 0.0102724 -0.00104482 0.999993 -0.00345695 0.00795273 -0.00388783 0.00345286 0.999986 0.549321 
130
75
475.914
1 0.000218715 -0.000222976 -0.00433756 -0.000218959 0.999999 -0.0010913 0.00356146 0.000222737 0.00109135 0.999999 0.465158 
136
67
680.726
1 -0.000287074 0.000734232 -0.00102092 0.000286584 1 0.000667878 -0.000894912 -0.000734424 -0.000667668 1 0.548796 
143
75
460.339
1 -0.000692164 -0.000653424 -0.0793427 0.000692364 1 0.000306029 0.0914129 0.000653212 -0.000306481 1 0.43348 
141
67
377.49
0.999998 -0.00109695 0.00136562 -0.00301938 0.00110319 0.999989 -0.00457559 -0.00222606 -0.00136059 0.00457709 0.999989 0.453615 
132
75
347.473
0.996225 0.00216735 0.0867801 -0.00360097 -0.00263243 0.999983 0.00524517 0.0131565 -0.0867673 -0.00545382 0.996214 0.317122 
144
54
628.036
0.996225 0.00216735 0.0867801 -0.00360097 -0.00263243 0.999983 0.00524517 0.0131565 -0.0867673 -0.00545382 0.996214 0.317122 
145
66
856.477
0.996225 0.00216735 0.0867801 -0.00360097 -0.00263243 0.999983 0.00524517 0.0131565 -0.0867673 -0.00545382 0.996214 0.317122 
142
60
864.537
0.977076 -0.00109968 0.212889 0.0527774 -2.13216e-05 0.999986 0.00526333 0.00157966 -0.212891 -0.00514721 0.977062 -0.0836046 
147
68
1098.26
0.978051 -0.00151297 0.20836 -0.0178893 0.00349747 0.999952 -0.0091563 -0.004503 -0.208336 0.00968406 0.978009 -0.109012 
150
60
1082.84
0.978051 -0.00151297 0.20836 -0.0178893 0.00349747 0.999952 -0.0091563 -0.004503 -0.208336 0.00968406 0.978009 -0.109012 
150
69
1082.76
0.996717 0.0045375 0.0808424 0.0212574 -0.00416424 0.99998 -0.00478515 0.00771084 -0.0808624 0.00443279 0.996715 0.352042 
146
43
859.085
0.999994 0.000221588 -0.00332142 -0.00498062 -0.000211784 0.999996 0.00295178 -0.0019225 0.00332206 -0.00295106 0.99999 0.459969 
146
75
558.526
1 0.000193375 0.000666421 -0.0288553 -0.000194037 0.999999 0.000994421 -0.0262686 -0.000666229 -0.00099455 0.999999 0.44986 
145
76
536.152
0.999999 0.000194629 -0.00158807 -0.00499588 -0.000192536 0.999999 0.00131787 -0.00895914 0.00158833 -0.00131756 0.999998 0.466927 
137
87
607.096
1 -9.9019e-05 0.000294495 0.00245056 9.94685e-05 0.999999 -0.00152675 0.00617647 -0.000294343 0.00152678 0.999999 0.444326 
143
72
491.169
1 -0.000216696 -0.000551107 0.00696607 0.000216432 1 -0.000479477 0.00206259 0.000551211 0.000479358 1 0.452044 
144
70
590.856
0.983369 0.000468859 0.181619 -0.00275245 -0.00177155 0.999974 0.0070105 -0.00320377 -0.181611 -0.00721565 0.983344 0.0820503 
150
65
1079.09
0.983369 0.000468859 0.181619 -0.00275245 -0.00177155 0.999974 0.0070105 -0.00320377 -0.181611 -0.00721565 0.983344 0.0820503 
150
69
994.475
0.983369 0.000468859 0.181619 -0.00275245 -0.00177155 0.999974 0.0070105 -0.00320377 -0.181611 -0.00721565 0.983344 0.0820503 
150
71
883.213
0.983369 0.000468859 0.181619 -0.00275245 -0.00177155 0.999974 0.0070105 -0.00320377 -0.181611 -0.00721565 0.983344 0.0820503 
150
75
946.177
0.983369 0.000468859 0.181619 -0.00275245 -0.00177155 0.999974 0.0070105 -0.00320377 -0.181611 -0.00721565 0.983344 0.0820503 
150
59
1210.37
0.983369 0.000468859 0.181619 -0.00275245 -0.00177155 0.999974 0.0070105 -0.00320377 -0.181611 -0.00721565 0.983344 0.0820503 
150
66
1032.87
0.983369 0.000468859 0.181619 -0.00275245 -0.00177155 0.999974 0.0070105 -0.00320377 -0.181611 -0.00721565 0.983344 0.0820503 
150
61
1054.59
0.999457 0.00257003 0.0328558 -0.0642993 -0.0026677 0.999992 0.00292902 0.00799928 -0.032848 -0.00301508 0.999456 0.418455 
150
49
641.926
1 0.000272039 -2.23431e-06 -0.0146247 -0.000272039 1 -2.78946e-05 -0.00387068 2.22672e-06 2.78952e-05 1 0.482737 
148
102
870.378
0.999999 -0.000278538 -0.00130606 0.0171672 0.000386055 0.996545 0.0830586 0.0243956 0.00127841 -0.0830591 0.996544 0.530236 
146
49
803.954
0.990523 -0.00189541 0.137332 0.0210345 0.0114438 0.997567 -0.0687719 -0.00782979 -0.136867 0.0696918 0.988135 0.12048 
150
68
903.159
1 -1.04348e-05 0.000343309 -0.00793334 1.03524e-05 1 0.000239914 -0.00489735 -0.000343312 -0.000239911 1 0.461483 
150
96
434.086
1 -0.000145808 -0.000500077 -0.0169265 0.000145331 1 -0.000953626 -0.022961 0.000500216 0.000953554 0.999999 0.49532 
150
92
647.475
1 -0.000182762 0.000837555 0.0100338 0.000184989 0.999996 -0.00265908 0.0109694 -0.000837066 0.00265924 0.999996 0.466559 
150
100
567.974
1 -0.000105003 -8.41443e-05 0.00136905 0.000104842 0.999998 -0.00190624 -0.00366413 8.43443e-05 0.00190624 0.999998 0.474015 
144
97
707.515
1 3.1497e-05 0.000653153 0.00179706 -3.19868e-05 1 0.000749889 -0.00449789 -0.000653129 -0.00074991 1 0.513355 
147
95
680.537
0.999999 0.00019752 0.00105807 -0.0162835 -0.00019827 1 0.000708064 -0.0125806 -0.00105793 -0.000708274 0.999999 0.425027 
150
98
889.523
0.999778 0.000898912 -0.0210484 -0.0288019 -0.00101782 0.999984 -0.00563902 -0.0147927 0.021043 0.00565919 0.999763 0.378089 
150
63
540.235
0.999778 0.000898912 -0.0210484 -0.0288019 -0.00101782 0.999984 -0.00563902 -0.0147927 0.021043 0.00565919 0.999763 0.378089 
150
66
1070.16
0.999778 0.000898912 -0.0210484 -0.0288019 -0.00101782 0.999984 -0.00563902 -0.0147927 0.021043 0.00565919 0.999763 0.378089 
148
68
1067.5
0.999778 0.000898912 -0.0210484 -0.0288019 -0.00101782 0.999984 -0.00563902 -0.0147927 0.021043 0.00565919 0.999763 0.378089 
150
71
961.461
0.974729 -0.00108749 -0.223389 0.0338434 -0.0021993 0.999893 -0.0144639 0.00954814 0.223381 0.0145897 0.974622 -0.0540937 
150
67
1020.8
0.974729 -0.00108749 -0.223389 0.0338434 -0.0021993 0.999893 -0.0144639 0.00954814 0.223381 0.0145897 0.974622 -0.0540937 
150
68
1071.06
0.999911 -0.00105956 -0.0133257 0.0200795 0.00113319 0.999984 0.00551896 -0.0165663 0.0133197 -0.00553357 0.999896 0.441452 
150
63
615.533
1 -5.80746e-05 -0.000155091 0.00451052 5.80829e-05 1 5.31405e-05 -0.00414227 0.000155088 -5.31495e-05 1 0.4636 
148
95
537.891
1 0.000196993 -0.000109022 -0.0343196 -0.000196991 1 1.44614e-05 -0.0103313 0.000109025 -1.44399e-05 1 0.481181 
146
91
399.195
1 0.00031605 -2.422e-05 -0.0152383 -0.000316063 1 -0.000558375 -0.0142295 2.40435e-05 0.000558383 1 0.477006 
150
92
691.879
1 -0.000178174 8.23464e-06 0.00906502 0.000178181 1 -0.000803789 -0.00169429 -8.09142e-06 0.000803791 1 0.466035 
150
94
466.405
0.998732 0.00207875 -0.0502944 -0.00781728 -0.000922052 0.999735 0.0230107 0.00116319 0.0503289 -0.0229352 0.998469 0.382103 
146
57
770.947
0.998732 0.00207875 -0.0502944 -0.00781728 -0.000922052 0.999735 0.0230107 0.00116319 0.0503289 -0.0229352 0.998469 0.382103 
150
79
1024.04
0.998732 0.00207875 -0.0502944 -0.00781728 -0.000922052 0.999735 0.0230107 0.00116319 0.0503289 -0.0229352 0.998469 0.382103 
150
67
957.125
0.998732 0.00207875 -0.0502944 -0.00781728 -0.000922052 0.999735 0.0230107 0.00116319 0.0503289 -0.0229352 0.998469 0.382103 
150
62
988.698
0.986152 -0.000191274 -0.165841 -0.00886218 -0.00192562 0.999919 -0.0126037 -0.0024322 0.16583 0.0127485 0.986072 0.101104 
150
67
1013.12
0.999993 0.000307264 0.00383767 -0.00881858 -0.000317637 0.999996 0.00270252 0.00835722 -0.00383682 -0.00270372 0.999989 0.432658 
146
62
623.587
1 -0.000260746 -0.000159536 -0.0116284 0.000260671 1 -0.000470554 -0.0180232 0.000159659 0.000470513 1 0.470156 
150
82
726.065
0.999999 -2.53156e-05 0.00105039 0.0356231 2.6726e-05 0.999999 -0.00134274 0.00658061 -0.00105036 0.00134276 0.999999 0.451726 
150
88
485.84
0.999997 0.000252489 0.00237689 -0.0129294 -0.00024983 0.999999 -0.00111871 0.0118091 -0.00237717 0.00111812 0.999997 0.467759 
146
86
547.035
0.987621 0.0033287 -0.156824 -0.0023972 -0.00295777 0.999992 0.0025986 0.0043841 0.156832 -0.00210258 0.987623 0.150252 
147
66
886.912
0.987621 0.0033287 -0.156824 -0.0023972 -0.00295777 0.999992 0.0025986 0.0043841 0.156832 -0.00210258 0.987623 0.150252 
147
67
1150.61
0.987621 0.0033287 -0.156824 -0.0023972 -0.00295777 0.999992 0.0025986 0.0043841 0.156832 -0.00210258 0.987623 0.150252 
142
57
1005.37
0.987621 0.0033287 -0.156824 -0.0023972 -0.00295777 0.999992 0.0025986 0.0043841 0.156832 -0.00210258 0.987623 0.150252 
149
67
982.264
0.987621 0.0033287 -0.156824 -0.0023972 -0.00295777 0.999992 0.0025986 0.0043841 0.156832 -0.00210258 0.987623 0.150252 
150
74
1003.54
0.987621 0.0033287 -0.156824 -0.0023972 -0.00295777 0.999992 0.0025986 0.0043841 0.156832 -0.00210258 0.987623 0.150252 
150
68
972.256
0.987621 0.0033287 -0.156824 -0.0023972 -0.00295777 0.999992 0.0025986 0.0043841 0.156832 -0.00210258 0.987623 0.150252 
150
66
1100.47
0.978126 -0.0124368 -0.207642 0.00904928 -0.00301322 0.997259 -0.0739256 -0.00566651 0.207992 0.0729342 0.975408 -0.0492539 
150
56
1238.94
0.999969 -0.00393902 0.00677153 -0.00937312 0.00337505 0.996678 0.0813689 0.0331109 -0.00706955 -0.0813435 0.996661 0.513086 
150
47
761.962
1 3.69786e-06 -0.000256142 0.0221767 -3.68438e-06 1 5.2624e-05 -0.0110036 0.000256142 -5.26231e-05 1 0.457454 
150
91
732.407
1 6.31755e-05 0.000763675 -0.00955961 -6.32906e-05 1 0.000150688 -0.00211024 -0.000763666 -0.000150736 1 0.476456 
146
96
477.87
1 0.000248436 -0.000640231 -0.0264391 -0.000248586 1 -0.00023469 0.00406002 0.000640173 0.000234849 1 0.520336 
144
85
732.634
1 -0.00014521 -0.000790355 -0.00236978 0.000145675 1 0.000588174 -0.000231441 0.000790269 -0.000588289 1 0.486927 
150
78
703.33
1 1.20681e-05 -8.2847e-05 -0.012844 -1.20078e-05 1 0.000727509 0.00484419 8.28558e-05 -0.000727508 1 0.458749 
150
96
831.618
0.999999 0.000156412 -0.00118226 -0.00629671 -0.000156774 1 -0.000306128 -0.00163343 0.00118221 0.000306313 0.999999 0.436167 
150
81
825.481
1 0.000162371 -0.000502548 0.005901 -0.000162662 1 -0.000579702 -0.0144379 0.000502454 0.000579784 1 0.468879 
150
73
721.859
1 -0.00022662 0.000120172 -0.00511161 0.000226605 1 0.000121918 -0.00950116 -0.000120199 -0.000121891 1 0.470268 
148
76
890.39
1 -0.000449929 0.000296332 0.0066161 0.000449704 1 0.000760474 0.00839351 -0.000296674 -0.000760341 1 0.466305 
149
67
762.599
0.989351 0.000257486 -0.145552 0.0213358 0.000203138 0.999995 0.00314981 -0.00873899 0.145552 -0.00314583 0.989346 0.164919 
150
68
972.918
0.989351 0.000257486 -0.145552 0.0213358 0.000203138 0.999995 0.00314981 -0.00873899 0.145552 -0.00314583 0.989346 0.164919 
148
71
961.255
0.989351 0.000257486 -0.145552 0.0213358 0.000203138 0.999995 0.00314981 -0.00873899 0.145552 -0.00314583 0.989346 0.164919 
150
65
1011.21
0.995954 0.00486285 -0.089729 -0.0335105 -0.00397633 0.999942 0.0100561 9.68278e-05 0.0897727 -0.00965861 0.995915 0.286746 
150
57
673.097
0.998545 0.00524948 -0.0536723 -0.0162939 -0.00472945 0.999941 0.00981131 -0.00551587 0.0537206 -0.0095432 0.99851 0.353193 
149
61
834.683
0.998545 0.00524948 -0.0536723 -0.0162939 -0.00472945 0.999941 0.00981131 -0.00551587 0.0537206 -0.0095432 0.99851 0.353193 
148
58
1041.07
0.998545 0.00524948 -0.0536723 -0.0162939 -0.00472945 0.999941 0.00981131 -0.00551587 0.0537206 -0.0095432 0.99851 0.353193 
143
74
926.787
0.998545 0.00524948 -0.0536723 -0.0162939 -0.00472945 0.999941 0.00981131 -0.00551587 0.0537206 -0.0095432 0.99851 0.353193 
148
62
940.611
0.998545 0.00524948 -0.0536723 -0.0162939 -0.00472945 0.999941 0.00981131 -0.00551587 0.0537206 -0.0095432 0.99851 0.353193 
150
63
981.227
0.977399 0.00445964 -0.211354 -0.125648 -0.0022582 0.999941 0.0106562 -0.0849426 0.211389 -0.00993805 0.977352 -0.430646 
150
62
989.133
0.977399 0.00445964 -0.211354 -0.125648 -0.0022582 0.999941 0.0106562 -0.0849426 0.211389 -0.00993805 0.977352 -0.430646 
150
69
1024.79
0.977399 0.00445964 -0.211354 -0.125648 -0.0022582 0.999941 0.0106562 -0.0849426 0.211389 -0.00993805 0.977352 -0.430646 
150
70
1030.44
0.977399 0.00445964 -0.211354 -0.125648 -0.0022582 0.999941 0.0106562 -0.0849426 0.211389 -0.00993805 0.977352 -0.430646 
150
72
1044.55
0.977399 0.00445964 -0.211354 -0.125648 -0.0022582 0.999941 0.0106562 -0.0849426 0.211389 -0.00993805 0.977352 -0.430646 
150
62
858.824
0.977399 0.00445964 -0.211354 -0.125648 -0.0022582 0.999941 0.0106562 -0.0849426 0.211389 -0.00993805 0.977352 -0.430646 
149
65
894.007
0.999443 -0.00189255 -0.0333317 0.0264213 0.00208023 0.999982 0.00559688 -0.011038 0.0333205 -0.0056631 0.999429 0.419034 
150
66
744.995
1 -0.00020243 0.000108622 0.00902837 0.000202404 1 0.000234833 -0.00188233 -0.000108669 -0.000234811 1 0.462294 
150
96
469.012
0.980443 0.00177409 -0.196797 0.00409651 -0.00137526 0.999997 0.00216324 0.00514648 0.1968 -0.00185028 0.980442 0.0491802 
150
77
1009.46
1 -0.000380319 -7.7693e-05 0.024229 0.000380313 1 -7.83859e-05 -0.0235085 7.77228e-05 7.83563e-05 1 0.469547 
145
83
695.289
0.999998 -0.000171019 0.00179361 -0.0075973 0.00016941 1 0.000897031 -0.021069 -0.00179376 -0.000896725 0.999998 0.466434 
139
96
613.577
1 -3.29801e-05 0.000166254 -0.0258151 3.31005e-05 1 -0.000724334 0.0077529 -0.00016623 0.000724339 1 0.476753 
150
97
821.069
1 -5.16731e-05 -3.23467e-05 0.00566645 5.16815e-05 1 0.000258899 -0.00815098 3.23333e-05 -0.000258901 1 0.464033 
150
86
628.662
1 -0.000115468 0.000316279 0.0433987 0.000115253 1 0.000682137 -0.0179396 -0.000316358 -0.0006821 1 0.465317 
150
91
532
0.999999 9.1779e-05 0.00135569 0.00898861 -9.05029e-05 1 -0.000941311 0.00255734 -0.00135577 0.000941188 0.999999 0.460601 
150
88
621.938
0.999999 9.45916e-05 0.00125533 0.024787 -9.51426e-05 1 0.000438915 -0.0164838 -0.00125529 -0.000439034 0.999999 0.437922 
148
91
523.406
0.993629 0.00125503 0.112689 0.00248735 -0.00228071 0.999957 0.00897337 0.00861423 -0.112673 -0.00917322 0.99359 0.250424 
150
53
798.874
0.993629 0.00125503 0.112689 0.00248735 -0.00228071 0.999957 0.00897337 0.00861423 -0.112673 -0.00917322 0.99359 0.250424 
146
69
998.061
0.973946 -0.00118928 0.226776 -0.00248081 0.0013157 0.999999 -0.000406319 -0.000850098 -0.226775 0.000694102 0.973947 -0.0641634 
144
76
888.811
0.973946 -0.00118928 0.226776 -0.00248081 0.0013157 0.999999 -0.000406319 -0.000850098 -0.226775 0.000694102 0.973947 -0.0641634 
150
69
892.476
0.973946 -0.00118928 0.226776 -0.00248081 0.0013157 0.999999 -0.000406319 -0.000850098 -0.226775 0.000694102 0.973947 -0.0641634 
150
70
955.323
0.973946 -0.00118928 0.226776 -0.00248081 0.0013157 0.999999 -0.000406319 -0.000850098 -0.226775 0.000694102 0.973947 -0.0641634 
150
66
1052.72
0.973946 -0.00118928 0.226776 -0.00248081 0.0013157 0.999999 -0.000406319 -0.000850098 -0.226775 0.000694102 0.973947 -0.0641634 
150
75
978.892
0.973946 -0.00118928 0.226776 -0.00248081 0.0013157 0.999999 -0.000406319 -0.000850098 -0.226775 0.000694102 0.973947 -0.0641634 
149
74
913.677
0.983645 0.00128959 0.180114 -0.000927837 -0.00148669 0.999998 0.000959331 -0.000171681 -0.180112 -0.00121141 0.983645 0.0638918 
150
74
870.165
1 4.90355e-05 0.000604212 -0.00115203 -5.03222e-05 0.999998 0.00212966 -0.000354948 -0.000604106 -0.00212969 0.999998 0.463257 
150
92
600.661
1 3.31578e-05 -0.000938311 -0.00327736 -3.37835e-05 1 -0.000666915 -0.00485532 0.000938288 0.000666947 0.999999 0.459124 
146
90
637.292
1 0.000136057 0.000339045 -0.000573478 -0.000135973 1 -0.000247918 -0.00352266 -0.000339078 0.000247872 1 0.463488 
149
89
722.035
0.995427 0.00112826 0.0955175 -0.00220372 -0.00103239 0.999999 -0.00105316 0.00142344 -0.0955185 0.000949733 0.995427 0.282547 
150
77
782.891
0.999216 -0.00101166 0.0395828 0.0257925 0.00118332 0.99999 -0.00431345 0.018042 -0.039578 0.0043569 0.999207 0.366634 
150
62
809.923
1 0.000202027 -0.00045977 0.00757854 -0.000202666 0.999999 -0.00138937 0.00213984 0.000459488 0.00138946 0.999999 0.474651 
150
91
771.627
1 -7.92061e-05 0.000181597 -0.00145443 7.91981e-05 1 4.38707e-05 -0.00431197 -0.000181601 -4.38563e-05 1 0.457508 
147
89
700.637
1 -0.000145185 0.000301892 -0.0200187 0.000146127 0.999995 -0.00312377 0.00592939 -0.000301437 0.00312381 0.999995 0.441042 
146
91
608.222
1 6.70843e-05 -1.12539e-05 -0.00614944 -6.70948e-05 1 -0.000936697 0.0106939 1.11911e-05 0.000936697 1 0.436827 
150
95
681.696
1 -5.88793e-05 0.000163904 0.0129554 5.87656e-05 1 0.000693802 -0.00614836 -0.000163945 -0.000693792 1 0.470003 
149
92
759.161
1 -6.51244e-05 0.000399742 -0.000512197 6.39102e-05 0.999995 0.0030366 -0.0030132 -0.000399938 -0.00303657 0.999995 0.488584 
150
82
707.728
1 -3.02727e-05 0.000679731 -0.0014801 3.04964e-05 1 -0.000329064 -0.000985127 -0.000679721 0.000329085 1 0.462612 
150
90
866.127
1 5.21358e-05 0.000239779 0.00652613 -5.18975e-05 1 -0.000993462 -0.0131694 -0.000239831 0.000993449 0.999999 0.469427 
150
75
908.596
0.999997 -7.37243e-05 -0.00251139 -0.00909597 6.73625e-05 0.999997 -0.00253319 0.00181518 0.00251156 0.00253301 0.999994 0.467692 
143
82
759.921
0.999995 -0.00017301 0.0030681 0.0139879 0.000174203 1 -0.000388781 0.00912117 -0.00306803 0.000389314 0.999995 0.458414 
142
79
708.965
0.999997 0.000147137 0.00235656 -0.00821994 -0.00014781 1 0.00028555 -0.00215066 -0.00235652 -0.000285898 0.999997 0.441666 
136
73
748.785
1 -0.000155756 0.00019912 0.00632686 0.000155342 0.999998 0.0020736 0.00223696 -0.000199442 -0.00207357 0.999998 0.473308 
136
63
980.79
0.999301 0.000739241 -0.0373669 -0.00623936 0.000326205 0.999594 0.028499 -0.00564156 0.0373728 -0.0284912 0.998895 0.367675 
145
40
1005.83
0.999301 0.000739241 -0.0373669 -0.00623936 0.000326205 0.999594 0.028499 -0.00564156 0.0373728 -0.0284912 0.998895 0.367675 
150
56
904.83
0.999301 0.000739241 -0.0373669 -0.00623936 0.000326205 0.999594 0.028499 -0.00564156 0.0373728 -0.0284912 0.998895 0.367675 
139
71
861.47
0.999301 0.000739241 -0.0373669 -0.00623936 0.000326205 0.999594 0.028499 -0.00564156 0.0373728 -0.0284912 0.998895 0.367675 
145
58
925.123
0.999301 0.000739241 -0.0373669 -0.00623936 0.000326205 0.999594 0.028499 -0.00564156 0.0373728 -0.0284912 0.998895 0.367675 
144
66
962.758
0.999211 -0.0072143 -0.0390611 -0.0103095 0.00668765 0.999885 -0.0135967 0.0136115 0.0391547 0.0133248 0.999144 0.353149 
139
47
576.702
1 0.000303925 -0.000255074 -4.66501e-05 -0.000304129 1 -0.000798373 -0.00218778 0.000254831 0.000798451 1 0.440836 
137
72
644.246
1 -0.000515509 -0.000394525 -0.0652313 0.000514925 0.999999 -0.00147727 0.106123 0.000395286 0.00147706 0.999999 0.49035 
138
53
462.295
0.999997 -0.00177882 0.00192243 0.0191129 0.00177908 0.999998 -0.000134911 0.00730538 -0.00192219 0.000138331 0.999998 0.446667 
138
58
658.722
0.99998 -0.00314882 -0.00547723 0.0414865 0.00313459 0.999992 -0.00260549 0.0492451 0.00548539 0.00258827 0.999982 0.454434 
139
49
597.974
0.99998 -0.00314882 -0.00547723 0.0414865 0.00313459 0.999992 -0.00260549 0.0492451 0.00548539 0.00258827 0.999982 0.454434 
145
65
904.564
0.99998 -0.00314882 -0.00547723 0.0414865 0.00313459 0.999992 -0.00260549 0.0492451 0.00548539 0.00258827 0.999982 0.454434 
144
65
802.326
0.99998 -0.00314882 -0.00547723 0.0414865 0.00313459 0.999992 -0.00260549 0.0492451 0.00548539 0.00258827 0.999982 0.454434 
148
63
1130.3
0.99998 -0.00314882 -0.00547723 0.0414865 0.00313459 0.999992 -0.00260549 0.0492451 0.00548539 0.00258827 0.999982 0.454434 
150
63
1020.91
0.99998 -0.00314882 -0.00547723 0.0414865 0.00313459 0.999992 -0.00260549 0.0492451 0.00548539 0.00258827 0.999982 0.454434 
150
64
931.298
0.99998 -0.00314882 -0.00547723 0.0414865 0.00313459 0.999992 -0.00260549 0.0492451 0.00548539 0.00258827 0.999982 0.454434 
146
65
1013.8
0.992955 0.00229542 -0.118471 -0.0520963 -0.00291854 0.999983 -0.0050864 0.0168535 0.118458 0.00539633 0.992944 0.200794 
145
45
922.766
0.992955 0.00229542 -0.118471 -0.0520963 -0.00291854 0.999983 -0.0050864 0.0168535 0.118458 0.00539633 0.992944 0.200794 
131
75
312.184
0.999998 -0.000267149 0.00193615 0.00280691 0.00025881 0.999991 0.00430606 0.0062305 -0.00193729 -0.00430555 0.999989 0.471152 
139
64
610.73
0.999998 -0.000267149 0.00193615 0.00280691 0.00025881 0.999991 0.00430606 0.0062305 -0.00193729 -0.00430555 0.999989 0.471152 
143
69
351.111
0.999986 0.000569169 -0.00531242 -0.0671099 -0.000606947 0.999975 -0.00711237 0.0380312 0.00530824 0.0071155 0.999961 0.460262 
142
65
569.356
0.999986 0.000569169 -0.00531242 -0.0671099 -0.000606947 0.999975 -0.00711237 0.0380312 0.00530824 0.0071155 0.999961 0.460262 
131
64
177.544
0.984942 -0.00081776 -0.172883 0.00387279 0.000986334 0.999999 0.000889172 0.00239548 0.172882 -0.0010463 0.984942 0.114342 
138
51
908.807
0.986272 5.25324e-06 -0.165131 -0.0015774 -0.000386238 0.999997 -0.00227506 -0.00442928 0.165131 0.0023076 0.986269 0.124715 
141
55
784.615
0.999999 -8.86606e-05 -0.0014361 -0.0181326 8.87055e-05 1 3.11923e-05 0.0107162 0.0014361 -3.13197e-05 0.999999 0.442848 
141
68
510.121
1 -6.15557e-05 -7.99528e-05 0.0235011 6.15492e-05 1 -8.06416e-05 -0.0196336 7.99578e-05 8.06367e-05 1 0.47028 
132
71
419.012
1 0.000609 0.000367537 -0.0181126 -0.0006091 1 0.000271509 -0.0057815 -0.000367372 -0.000271733 1 0.46316 
144
76
438.127
1 -0.000187102 -4.97878e-05 -0.000676383 0.00018704 0.999999 -0.00123707 -0.00562577 5.00192e-05 0.00123706 0.999999 0.451565 
140
73
438.749
0.999995 0.000978665 0.00312448 -0.00583888 -0.000983154 0.999998 0.00143562 -0.00714531 -0.00312307 -0.00143869 0.999994 0.444894 
142
80
362.135
1 0.00012888 -6.28071e-05 -0.0104401 -0.000128914 1 -0.000541755 -0.0107564 6.27373e-05 0.000541763 1 0.430559 
137
74
368.433
0.999998 0.00203171 -0.000357137 -0.0122447 -0.00203212 0.999997 -0.00113062 -0.0352924 0.000354839 0.00113134 0.999999 0.463804 
146
76
468.032
0.996798 -0.00632038 -0.0797102 -0.00495261 0.00621469 0.999979 -0.00157392 0.0267352 0.0797185 0.00107351 0.996817 0.32742 
141
53
589.921
0.996798 -0.00632038 -0.0797102 -0.00495261 0.00621469 0.999979 -0.00157392 0.0267352 0.0797185 0.00107351 0.996817 0.32742 
150
70
1051.93
0.996798 -0.00632038 -0.0797102 -0.00495261 0.00621469 0.999979 -0.00157392 0.0267352 0.0797185 0.00107351 0.996817 0.32742 
148
59
941.7
0.996798 -0.00632038 -0.0797102 -0.00495261 0.00621469 0.999979 -0.00157392 0.0267352 0.0797185 0.00107351 0.996817 0.32742 
150
65
1042.97
0.996798 -0.00632038 -0.0797102 -0.00495261 0.00621469 0.999979 -0.00157392 0.0267352 0.0797185 0.00107351 0.996817 0.32742 
146
66
1008.96
0.996798 -0.00632038 -0.0797102 -0.00495261 0.00621469 0.999979 -0.00157392 0.0267352 0.0797185 0.00107351 0.996817 0.32742 
147
61
998.312
0.991749 0.00410498 -0.128131 -0.0273982 -0.00358473 0.999984 0.00429069 -0.000682222 0.128147 -0.00379598 0.991748 0.195996 
150
63
807.866
1 -2.09091e-05 -0.000899246 -0.00162518 2.05209e-05 1 -0.000431729 -0.00306658 0.000899255 0.000431711 1 0.46204 
150
111
578.588
1 0.000379105 -0.00050848 0.000350773 -0.000379521 1 -0.000818872 -0.00353226 0.00050817 0.000819064 1 0.475259 
150
108
590.59
1 -0.000565165 -2.9448e-06 0.00470885 0.000565167 1 0.000710357 -0.0112331 2.54333e-06 -0.000710359 1 0.46873 
146
100
483.634
1 -0.000647624 -0.000330353 0.0497795 0.000647541 1 -0.000251157 0.00318456 0.000330516 0.000250943 1 0.465421 
146
103
430.581
0.999998 0.0002894 0.00187278 0.0298642 -0.00028817 1 -0.000657465 0.000390691 -0.00187297 0.000656924 0.999998 0.413763 
146
100
364.549
1 -9.85131e-05 4.69318e-05 0.00159731 9.85571e-05 1 -0.00093802 -0.00272903 -4.68393e-05 0.000938024 1 0.434073 
149
104
680.654
0.999999 0.000120466 0.0012004 -0.00166114 -0.0001204 1 -5.47952e-05 -0.000291489 -0.00120041 5.46506e-05 0.999999 0.460091 
150
101
607.561
1 -5.32689e-05 -0.000749397 0.00176719 5.18445e-05 0.999998 -0.00190066 -0.00616661 0.000749496 0.00190062 0.999998 0.444976 
150
105
489.268
1 4.06783e-05 8.96699e-05 0.00354056 -4.06966e-05 1 0.000204024 -0.00174732 -8.96616e-05 -0.000204027 1 0.4679 
150
103
591.274
1 8.54646e-05 -0.000281429 -0.00561926 -8.55562e-05 1 -0.000325507 -0.00022582 0.000281402 0.000325531 1 0.4555 
150
107
924.071
0.999998 -0.000363768 -0.0018089 4.34273e-05 0.000361688 0.999999 -0.00115024 -0.00541867 0.00180932 0.00114959 0.999998 0.469635 
148
97
427.695
1 1.94781e-05 -0.000102734 0.0109818 -1.9518e-05 1 -0.000388752 0.00444672 0.000102727 0.000388754 1 0.497994 
146
93
684.929
1 0.000155365 0.000299951 -0.00321177 -0.000155155 1 -0.000700435 -0.005064 -0.000300059 0.000700389 1 0.439254 
147
102
876.733
0.99274 0.00379811 -0.120224 -0.00428221 -0.00294096 0.999969 0.00730626 -0.00464913 0.120248 -0.00689964 0.99272 0.216614 
150
75
762.965
0.99274 0.00379811 -0.120224 -0.00428221 -0.00294096 0.999969 0.00730626 -0.00464913 0.120248 -0.00689964 0.99272 0.216614 
147
68
995.937
