1 0 0 0 0 1 0 0 0 0 1 0 
87
56
97.3697
0.999998 0.0010358 -0.00174076 -0.0804217 -0.00103127 0.999996 0.00260045 -0.118864 0.00174344 -0.00259865 0.999995 0.804546 
86
57
135.922
0.999995 -0.00104483 -0.00295832 -0.0193831 0.00104575 0.999999 0.000310055 -0.00848347 0.002958 -0.000313147 0.999996 0.792307 
87
55
195.542
0.999995 -0.00104483 -0.00295832 -0.0193831 0.00104575 0.999999 0.000310055 -0.00848347 0.002958 -0.000313147 0.999996 0.792307 
86
53
119.765
0.999995 -0.00104483 -0.00295832 -0.0193831 0.00104575 0.999999 0.000310055 -0.00848347 0.002958 -0.000313147 0.999996 0.792307 
85
50
114.155
0.999999 -0.000691544 -0.000734543 -0.0180745 0.000691095 1 -0.000611706 -0.00781301 0.000734966 0.000611198 1 0.767193 
86
64
114.259
0.999998 -0.000792967 0.00184875 -0.103954 0.000792284 1 0.000370207 0.0133711 -0.00184904 -0.000368741 0.999998 1.20416 
86
58
144.296
1 -0.000187441 0.000321934 -0.0632899 0.000187792 0.999999 -0.00109008 0.0548626 -0.000321729 0.00109014 0.999999 0.701895 
88
53
136.129
0.999999 0.00035297 0.0013273 -0.00669084 -0.000348277 0.999994 -0.00353414 -0.08532 -0.00132854 0.00353367 0.999993 0.865758 
88
51
129.499
0.999991 -0.00284747 -0.00321869 -0.108583 0.00283966 0.999993 -0.00242934 0.0672082 0.00322559 0.00242018 0.999992 1.21268 
86
58
124.221
0.999999 0.000151454 0.00156282 0.28626 -0.000153355 0.999999 0.00121687 -0.123536 -0.00156263 -0.00121711 0.999998 1.01093 
86
49
122.703
0.999999 -0.000803949 -0.000977727 -0.00623263 0.000804325 1 0.00038435 0.0276877 0.000977417 -0.000385136 0.999999 0.722601 
85
58
123.354
0.999999 -0.000803949 -0.000977727 -0.00623263 0.000804325 1 0.00038435 0.0276877 0.000977417 -0.000385136 0.999999 0.722601 
90
61
137.385
0.999991 0.00338185 -0.00240496 0.0696048 -0.00337696 0.999992 0.00203286 -0.0333497 0.00241182 -0.00202472 0.999995 0.175331 
86
46
113.528
0.999991 0.00338185 -0.00240496 0.0696048 -0.00337696 0.999992 0.00203286 -0.0333497 0.00241182 -0.00202472 0.999995 0.175331 
85
52
140.378
0.999998 -0.00133486 0.00173579 -0.21845 0.00133545 0.999999 -0.00034277 0.0525298 -0.00173533 0.000345087 0.999998 1.3362 
85
59
134.157
0.999997 0.000310535 0.0022369 0.131528 -0.000302169 0.999993 -0.00373917 0.176909 -0.00223805 0.00373848 0.999991 1.17626 
89
56
172.847
0.999997 -0.00147868 -0.00172418 0.0184034 0.00148078 0.999998 0.00121848 0.0111173 0.00172237 -0.00122103 0.999998 0.577374 
90
55
172.219
0.999999 -0.000813896 -0.00143381 -0.0142099 0.000816867 0.999998 0.00207276 0.0682228 0.00143212 -0.00207393 0.999997 1.15728 
85
49
181.788
