0.999816 0.00160903 -0.0191089 0.00232721 -0.00160124 0.999999 0.0004229 0.000346635 0.0191096 -0.000392224 0.999817 -0.0298597 
150
77
0.999798 -0.00065278 0.0200892 0.0150348 0.000640563 1 0.000614529 -0.0036787 -0.0200896 -0.000601537 0.999798 0.140215 
150
72
0.999485 0.00627679 0.0314781 0.0166338 -0.00616869 0.999975 -0.00353006 0.00232192 -0.0314995 0.00333407 0.999498 -0.0775218 
150
59
0.999136 -0.000159289 0.0415546 -0.00198598 0.000140583 1 0.000453072 0.00210709 -0.0415547 -0.000446839 0.999136 0.148979 
150
64
0.998715 -0.00257 0.0506174 0.0325186 0.00233111 0.999986 0.00477793 0.0290329 -0.050629 -0.00465379 0.998707 -1.35598 
150
55
0.999093 0.000783899 0.0425822 -0.00087927 -0.000430373 0.999965 -0.00831073 0.00027537 -0.0425873 0.00828486 0.999058 -0.0307077 
150
62
0.999487 -0.000987927 0.0320201 0.00181776 0.000915798 0.999997 0.00226721 0.00925291 -0.0320222 -0.00223672 0.999485 0.149624 
150
61
0.998961 0.00283758 0.0454792 -0.00964342 -0.00296083 0.999992 0.0026429 -0.0018127 -0.0454714 -0.00277481 0.998962 0.149926 
150
68
0.999346 -0.010399 0.0346418 0.0215718 0.0104248 0.999946 -0.000564202 -0.00953118 -0.0346341 0.000924968 0.9994 0.150971 
150
55
0.999042 0.000728989 0.0437551 0.0203346 -0.000477223 0.999983 -0.00576415 0.0114297 -0.0437586 0.00573775 0.999026 -0.15722 
150
60
0.999325 0.00342847 0.0365749 -0.00253533 -0.00321096 0.999977 -0.00600401 -0.00369838 -0.0365946 0.00588251 0.999313 0.143599 
150
68
0.999356 -0.00310262 0.0357522 -0.00511497 0.00295126 0.999986 0.00428561 -0.00106092 -0.035765 -0.00417734 0.999351 0.159974 
150
58
0.999297 -0.00144252 0.0374524 -0.00824732 0.0016138 0.999988 -0.00454339 -0.00615239 -0.0374454 0.00460063 0.999288 0.14443 
150
64
0.999016 0.00212216 0.04429 -0.00698719 -0.00222748 0.999995 0.0023287 0.000525273 -0.0442848 -0.00242506 0.999016 0.151552 
150
59
0.998619 0.00338227 0.0524219 0.00295416 -0.0032097 0.999989 -0.00337579 -0.000441469 -0.0524327 0.00320287 0.998619 0.142054 
150
61
0.999119 0.000305442 0.0419604 -0.0147448 -0.000496473 0.99999 0.0045423 -0.00329708 -0.0419586 -0.00455913 0.999109 0.170739 
150
63
0.999153 -0.00529257 0.0408001 -0.000881733 0.00537988 0.999983 -0.00203036 -0.000818317 -0.0407887 0.00224814 0.999165 0.147286 
150
51
0.999636 0.00553682 0.0264083 -0.000663501 -0.00547967 0.999982 -0.00223623 -0.00734745 -0.0264202 0.00209071 0.999649 0.136942 
150
56
0.999667 0.00634708 0.0250155 0.00252608 -0.00661152 0.999923 0.0105028 0.00101464 -0.0249469 -0.0106647 0.999632 -0.0235701 
150
55
0.999168 -0.00484158 0.0405046 0.0194386 0.00447011 0.999947 0.00925659 -0.00793356 -0.0405473 -0.00906782 0.999136 0.152543 
150
53
0.998886 0.000814282 0.047177 0.0216678 -0.00114838 0.999974 0.00705519 -0.00514059 -0.0471701 -0.00710151 0.998862 0.152037 
150
57
0.999447 0.00308207 0.0331133 0.0143548 -0.00291799 0.999983 -0.0050023 -0.00380042 -0.0331282 0.0049029 0.999439 0.145676 
150
50
0.998963 -0.00462761 0.0452916 -0.010884 0.00476457 0.999984 -0.00291646 -0.0226869 -0.0452774 0.00312924 0.99897 -0.6131 
150
57
0.999372 0.00272136 0.0353305 -0.0149314 -0.00241546 0.999959 -0.00869821 -0.01444 -0.0353527 0.00860741 0.999338 0.141539 
150
52
0.99944 0.00260442 0.0333582 -0.00941729 -0.0024837 0.99999 -0.00366001 0.00487815 -0.0333674 0.00357511 0.999437 0.146028 
150
61
0.999695 0.00600609 0.0239616 -0.0184354 -0.00628974 0.999911 0.0117799 -0.000366995 -0.0238887 -0.0119271 0.999643 0.142997 
150
59
0.998377 -0.00465021 0.0567574 0.0236635 0.00447419 0.999985 0.00322802 -0.00194902 -0.0567716 -0.00296884 0.998383 0.15141 
147
61
0.99914 -0.00146987 0.0414483 0.0109195 0.00130205 0.999991 0.00407553 -0.00559116 -0.0414539 -0.00401806 0.999132 0.157981 
147
59
0.999604 -0.00834313 0.026884 -0.0177107 0.00809177 0.999923 0.00944492 0.0239182 -0.0269608 -0.00922364 0.999594 -0.204145 
150
53
0.999643 0.0059497 0.0260403 -0.0036052 -0.00598143 0.999981 0.00114086 0.0170006 -0.026033 -0.00129621 0.99966 0.137287 
150
46
0.998899 -0.00143007 0.0468964 -0.000892178 0.00152007 0.999997 -0.00188359 -0.0186964 -0.0468936 0.0019528 0.998898 -0.130502 
150
54
0.99923 -0.00174893 0.0392053 0.0310171 0.00135947 0.999949 0.00995829 0.00272432 -0.0392208 -0.00989732 0.999182 0.160293 
147
50
0.999274 3.83352e-06 0.0380971 0.0138696 -7.18262e-05 0.999998 0.00178335 0.0009501 -0.038097 -0.00178479 0.999272 0.158478 
146
54
0.999259 0.00131256 0.0384559 -0.00963339 -0.00143443 0.999994 0.00314166 0.0102648 -0.0384515 -0.0031945 0.999255 0.159902 
146
57
0.999253 0.00496234 0.0383147 -0.00534781 -0.0050263 0.999986 0.00157328 -0.00731224 -0.0383064 -0.00176468 0.999264 0.140131 
144
51
0.998975 0.00137668 0.0452529 3.50413e-05 -0.00129687 0.999998 -0.00179306 -0.00196993 -0.0452553 0.00173254 0.998974 -0.0452087 
144
62
0.999205 -4.5846e-05 0.0398742 -0.00292037 -0.000389802 0.99994 0.0109177 -0.00482571 -0.0398723 -0.0109246 0.999145 0.175338 
145
60
0.999109 0.000211567 0.0422014 0.0054271 8.90613e-06 0.999986 -0.00522404 0.000852146 -0.042202 0.00521976 0.999095 -0.111066 
146
60
0.998842 0.00139481 0.0480965 -6.30616e-06 -0.00147108 0.999998 0.00155042 0.000434436 -0.0480943 -0.00161937 0.998841 -0.0105038 
145
61
0.998571 0.000238808 0.0534478 -0.0014306 -0.000524839 0.999986 0.00533762 -0.00111924 -0.0534457 -0.00535804 0.998556 -0.0318698 
145
55
0.999287 -0.00104162 0.0377405 -0.00832535 0.000595024 0.99993 0.0118425 -0.0125745 -0.0377501 -0.0118116 0.999217 -0.272524 
148
56
0.999623 -0.000803581 0.0274458 0.00160706 0.000573102 0.999965 0.00840446 -0.00097238 -0.0274515 -0.00838556 0.999588 -0.0283258 
147
60
0.999051 0.00332168 0.0434369 0.010999 -0.00340749 0.999992 0.0019017 -0.0276413 -0.0434302 -0.0020479 0.999054 -0.260657 
144
57
0.999368 2.73198e-05 0.0355453 0.00573529 -3.51505e-05 1 0.000219677 0.00418467 -0.0355453 -0.000220788 0.999368 -0.145006 
142
58
0.998763 -0.000601009 0.0497128 -0.000682435 0.000723566 0.999997 -0.00244735 0.000261531 -0.0497112 0.00248029 0.998761 -0.0315797 
140
60
0.998875 0.000527661 0.0474256 -0.00470854 -0.000456555 0.999999 -0.00151012 -0.00098269 -0.0474263 0.00148677 0.998874 0.142293 
142
56
0.998968 0.00419876 0.0452307 0.00869081 -0.00427398 0.99999 0.00156646 0.00956593 -0.0452236 -0.00175816 0.998975 -0.189803 
139
58
0.999096 0.00102912 0.0425005 0.00450797 -0.000742382 0.999977 -0.00676183 -0.00107196 -0.0425065 0.00672416 0.999074 0.135958 
144
60
0.999541 -0.000234432 0.0302927 -0.00279253 0.000675826 0.999894 -0.0145616 -0.00339722 -0.0302861 0.0145753 0.999435 0.138287 
139
63
0.999264 2.93332e-05 0.0383556 -0.0054916 0.000308101 0.999961 -0.00879157 -0.00277881 -0.0383544 0.00879692 0.999225 -0.140334 
144
63
0.999189 -0.000540412 0.0402742 0.00128322 0.000873134 0.999966 -0.00824429 0.00156589 -0.0402684 0.00827276 0.999155 -0.160136 
144
65
0.99939 -0.00017424 0.0349209 0.00267227 0.0001762 1 -5.30264e-05 1.6912e-05 -0.0349209 5.91471e-05 0.99939 -0.19337 
144
58
0.999325 0.00162346 0.0366917 -0.00917836 -0.00131906 0.999965 -0.00831899 -0.00266651 -0.0367039 0.00826498 0.999292 0.166638 
144
67
0.999022 -0.00370175 0.044068 -0.00441041 0.00359753 0.999991 0.00244417 -0.000536843 -0.0440767 -0.00228324 0.999026 -0.128096 
144
56
0.999111 -0.00857562 0.0412689 -0.0217727 0.00867154 0.99996 -0.00214562 -0.000172018 -0.0412488 0.00250158 0.999146 -0.162323 
144
55
0.999431 -0.000133414 0.0337376 0.00328592 6.92504e-05 0.999998 0.001903 0.00247312 -0.0337378 -0.00189958 0.999429 0.20686 
145
56
0.999661 -0.0155653 0.0208901 0.0143416 0.0157492 0.999838 -0.00866574 0.000978796 -0.0207518 0.0089918 0.999744 0.144068 
148
48
0.999098 -0.00712831 0.0418671 0.0137445 0.00732909 0.999962 -0.00464408 -0.00487092 -0.0418324 0.00494674 0.999112 0.138008 
148
45
0.999189 0.00205773 0.0402099 0.00271166 -0.00178289 0.999975 -0.00686992 0.00129922 -0.0402231 0.00679266 0.999168 -0.133619 
148
44
0.9987 -0.00430298 0.0507986 -0.00136693 0.00379492 0.999942 0.0100936 0.000281443 -0.0508391 -0.00988765 0.998658 -0.123537 
147
51
0.99955 -0.00406274 0.0297301 0.0038067 0.00389927 0.999977 0.0055543 0.00245242 -0.029752 -0.00543588 0.999543 -0.0735607 
147
46
0.999707 -0.000340285 0.0241914 0.000654343 0.000671607 0.999906 -0.013689 0.00778899 -0.0241845 0.0137013 0.999614 -0.318881 
150
55
0.999237 -0.00230148 0.0389868 0.00183776 0.0020362 0.999975 0.00684287 -0.000567021 -0.0390016 -0.00675826 0.999216 0.15254 
150
50
0.999127 -0.00336803 0.0416498 0.00222665 0.0034421 0.999993 -0.00170671 0.001289 -0.0416438 0.00184858 0.999131 -0.157901 
150
49
0.999573 0.00525502 0.0287435 0.0130062 -0.00566668 0.999882 0.0142592 -0.00640833 -0.0286651 -0.014416 0.999485 -0.171683 
150
56
0.998894 -0.00291102 0.0469235 0.0310843 0.00245093 0.999948 0.00985967 -0.00649955 -0.0469498 -0.00973376 0.99885 0.152749 
150
55
0.998917 -0.00478742 0.04629 -0.41851 0.00467427 0.999986 0.00255232 0.181425 -0.0463016 -0.00233319 0.998925 -2.24361 
150
50
0.998967 -0.000681178 0.0454333 -0.00903987 0.000990602 0.999976 -0.00678833 0.0109766 -0.0454276 0.00682632 0.998944 -0.092275 
150
42
0.998237 -0.00667964 0.0589833 -0.0193552 0.00655582 0.999976 0.00229239 0.00535402 -0.0589972 -0.00190166 0.998256 -0.140817 
150
41
0.99898 0.000201 0.0451609 -0.00439777 -0.000294483 0.999998 0.00206337 -0.00424387 -0.0451604 -0.00207456 0.998978 -0.300268 
150
57
0.999082 0.00196417 0.0427973 0.00678084 -0.00185564 0.999995 -0.00257534 0.00668728 -0.0428021 0.00249356 0.99908 0.137152 
150
57
0.999378 0.00267027 0.035176 -0.000821737 -0.0028123 0.999988 0.00398879 -0.000440454 -0.0351649 -0.00408524 0.999373 -0.0993145 
149
65
0.999075 0.000296991 0.0430015 0.0156665 -0.000402821 0.999997 0.00245243 0.000958663 -0.0430007 -0.00246749 0.999072 -0.10011 
150
52
0.999389 0.00024388 0.0349561 0.0113308 -0.000164551 0.999997 -0.00227224 0.0098662 -0.0349566 0.0022651 0.999386 -0.0914258 
150
52
0.999136 -0.000104467 0.0415548 0.00392493 9.46844e-05 1 0.00023738 0.00129841 -0.0415548 -0.00023324 0.999136 -0.0570762 
150
53
0.999688 0.00347086 0.0247457 -0.00297189 -0.0033843 0.999988 -0.00353898 0.000525817 -0.0247577 0.00345413 0.999688 -0.0752065 
150
53
0.999639 0.00130046 0.0268196 0.0257583 -0.00144215 0.999985 0.00526453 -0.00111704 -0.0268124 -0.00530131 0.999626 -0.130055 
150
58
0.999872 0.00475292 0.0152848 0.00694923 -0.00478559 0.999986 0.00210133 0.00317312 -0.0152746 -0.0021742 0.999881 -0.0744098 
146
64
0.999721 -0.00286858 0.0234297 0.000655555 0.00292005 0.999993 -0.00216303 0.00240612 -0.0234234 0.00223084 0.999723 -0.026257 
146
60
0.999956 0.00160943 0.00919563 -0.00488517 -0.00163839 0.999994 0.00314303 -0.000415612 -0.00919051 -0.00315796 0.999953 -0.0608038 
144
59
0.999867 -0.00222286 0.0161348 -0.00568357 0.00223214 0.999997 -0.000556952 -0.00211365 -0.0161335 0.000592893 0.99987 -0.0965216 
144
63
1 -0.000114329 -0.000129716 -0.016412 0.000114361 1 0.000244694 -0.000496962 0.000129688 -0.000244709 1 0.13994 
144
55
0.999998 -0.000316288 -0.00196484 0.00980465 0.000317042 1 0.000383048 0.000134787 0.00196472 -0.00038367 0.999998 -0.0746684 
144
67
0.999999 -0.00051084 0.00156154 0.0283993 0.000515014 0.999996 -0.00267378 0.00476164 -0.00156017 0.00267458 0.999995 -0.106824 
144
63
0.999999 -0.000463327 0.00135103 0.010948 0.000465589 0.999998 -0.00167436 0.00117659 -0.00135025 0.00167499 0.999998 -0.144856 
144
60
0.999996 0.0011818 0.00252803 0.0131057 -0.00118351 0.999999 0.000677651 -0.00719712 -0.00252722 -0.00068064 0.999997 -0.107705 
144
59
0.999982 0.00312627 0.00516596 -0.00504032 -0.00314145 0.999991 0.0029323 -0.00407742 -0.00515674 -0.00294847 0.999982 0.130532 
139
64
0.999999 -0.000339865 0.00138126 -0.0303142 0.000339871 1 -4.56837e-06 0.000768885 -0.00138125 5.03781e-06 0.999999 -1.86864 
143
72
1 -0.0001255 -0.000812616 0.0345506 0.000124232 0.999999 -0.00156008 0.0348654 0.000812811 0.00155998 0.999998 -0.220817 
144
71
0.999999 -0.000149089 0.00156661 -0.00595639 0.000153503 0.999996 -0.00281766 -0.00165618 -0.00156618 0.00281789 0.999995 0.158315 
140
65
0.999999 0.00133295 -0.00028369 0.00179831 -0.00133267 0.999999 0.000967271 -0.000674036 0.000284979 -0.000966892 0.999999 -0.0593974 
140
88
0.999971 0.000950771 0.00751835 0.000146786 -0.000892371 0.999969 -0.00776728 0.000735517 -0.0075255 0.00776035 0.999942 -0.0431785 
139
71
0.999992 0.0025827 0.00320444 0.000599526 -0.00257167 0.999991 -0.00344134 -0.00454733 -0.0032133 0.00343307 0.999989 0.142279 
143
85
1 0.000418321 -0.000379128 -0.00197775 -0.000418616 1 -0.00077656 -0.0027456 0.000378803 0.000776718 1 0.141384 
142
80
0.999953 0.00131329 0.00958631 0.0016226 -0.00122898 0.999961 -0.00879583 -0.00110583 -0.00959748 0.00878364 0.999915 -0.088877 
137
60
0.999996 0.00144579 0.00259481 -0.00826576 -0.00143638 0.999992 -0.00362479 -0.000750272 -0.00260003 0.00362104 0.99999 0.096706 
139
60
0.999996 0.00144579 0.00259481 -0.00826576 -0.00143638 0.999992 -0.00362479 -0.000750272 -0.00260003 0.00362104 0.99999 0.096706 
137
70
0.998808 0.00304803 0.0487065 -0.0340486 -0.00317602 0.999992 0.0025507 -0.00306703 -0.0486983 -0.00270235 0.99881 0.0329601 
137
60
0.998808 0.00304803 0.0487065 -0.0340486 -0.00317602 0.999992 0.0025507 -0.00306703 -0.0486983 -0.00270235 0.99881 0.0329601 
134
71
0.998808 0.00304803 0.0487065 -0.0340486 -0.00317602 0.999992 0.0025507 -0.00306703 -0.0486983 -0.00270235 0.99881 0.0329601 
137
95
