0.999994 0.00340269 0.00108 -0.00413605 -0.0033944 0.999965 -0.00758686 0.0259697 -0.00110578 0.00758314 0.999971 0.282651 
138
90
673.606
0.999999 -0.00106014 0.000493984 -0.00398119 0.00105926 0.999998 0.00178046 -0.00285288 -0.000495871 -0.00177994 0.999998 0.320427 
130
89
801.242
0.999941 0.00800849 0.00732893 -0.0333165 -0.0080212 0.999966 0.00170625 0.0126058 -0.00731502 -0.00176494 0.999972 0.350099 
127
82
798.473
0.999994 -0.00054052 0.00341424 -0.00839773 0.000539312 1 0.000354683 0.00687934 -0.00341443 -0.00035284 0.999994 0.342033 
132
93
775.815
0.999999 -0.000109366 0.00130335 -0.00576101 0.000123454 0.999942 -0.0108137 0.0243972 -0.00130209 0.0108138 0.999941 0.338546 
125
78
830.297
0.999795 -0.020172 -0.00146757 0.0453079 0.0201568 0.999749 -0.00972951 0.0378519 0.00166347 0.00969794 0.999952 0.335561 
120
70
826.728
0.99991 0.0122016 -0.00556603 -0.0140543 -0.0121826 0.99992 0.00343339 -0.0216613 0.00560748 -0.00336528 0.999979 0.276441 
118
73
807.976
0.999995 -0.000430634 -0.00306864 0.00443616 0.000435575 0.999999 0.00160972 0.00836067 0.00306794 -0.00161105 0.999994 0.338664 
111
79
766.334
0.999993 -0.00353127 0.0012849 0.00243897 0.00354162 0.999961 -0.00814599 0.00858801 -0.00125609 0.00815048 0.999966 0.318243 
105
64
713.59
0.99275 0.00352438 -0.120148 -0.277505 -0.00541092 0.999867 -0.0153792 -0.000898611 0.120078 0.0159178 0.992637 0.0118032 
79
64
3652.16
0.984443 0.0105847 -0.175388 -0.350976 -0.0095607 0.999932 0.00668225 -0.00345097 0.175447 -0.00490147 0.984477 0.0726851 
55
53
2298.01
0.983777 -0.00233094 -0.179379 -0.497881 0.00221509 0.999997 -0.000846091 -0.00103237 0.17938 0.000435025 0.98378 0.154251 
87
73
3892.24
0.992141 0.00540638 -0.12501 -1.07686 -0.00755875 0.999831 -0.0167497 0.115793 0.124898 0.017563 0.992014 0.329776 
121
106
5297.13
0.999935 -0.0113505 0.000464774 0.0249384 0.0113507 0.999935 -0.0005341 0.0241102 -0.000458682 0.000539341 1 0.366815 
143
78
771.453
0.999875 -0.0139147 -0.00746309 0.0335155 0.0138206 0.999826 -0.0125052 0.0351852 0.0076358 0.0124005 0.999894 0.342339 
144
81
873.804
0.999964 0.00420997 0.00731087 -0.0345889 -0.00415153 0.999959 -0.00799039 0.00972284 -0.00734421 0.00795975 0.999941 0.332124 
143
80
894.606
0.999974 0.00635765 0.00345248 -0.0157031 -0.00632763 0.999943 -0.00863995 0.036745 -0.00350721 0.00861788 0.999957 0.340743 
139
77
832.338
0.99957 -0.016488 -0.0242475 0.153884 0.0164552 0.999863 -0.00155171 -0.0945221 0.0242698 0.00115204 0.999705 0.112224 
136
74
867.454
0.99997 -0.000100504 0.00778516 -0.0593136 0.000117686 0.999998 -0.00220665 0.036542 -0.00778492 0.0022075 0.999967 0.361615 
129
74
721.777
0.99629 -0.0525366 -0.0681643 0.323368 0.0493279 0.997632 -0.0479339 0.0535016 0.0705212 0.0443936 0.996522 0.332688 
127
77
785.645
0.999928 0.00258446 0.0117581 -0.037849 -0.00217024 0.999381 -0.0351059 0.0877924 -0.0118415 0.0350779 0.999314 0.286387 
125
77
810.156
0.999418 0.0335042 0.00643877 -0.149837 -0.0330622 0.997678 -0.0595513 0.011355 -0.00841904 0.0593038 0.998204 0.0986 
123
72
546.302
0.999965 0.000984471 0.0083189 -0.0484896 -0.00090926 0.999959 -0.00903994 0.0692401 -0.00832746 0.00903206 0.999925 0.36727 
120
72
775.238
0.996731 -0.0593309 -0.0548432 0.556943 0.056531 0.997084 -0.0512674 0.0346343 0.057725 0.0479995 0.997178 0.393791 
119
70
820.398
0.999817 0.00725444 -0.0176804 0.267839 -0.00851286 0.997356 -0.0721732 -0.0336565 0.0171101 0.0723105 0.997235 -0.0605292 
116
69
553.311
0.998991 0.0408463 0.0186768 -0.189782 -0.0402313 0.998672 -0.0321971 -0.00365329 -0.0199671 0.0314133 0.999307 0.175393 
111
68
747.098
0.998665 0.0501048 0.0125897 -0.145321 -0.0497585 0.998411 -0.0264625 -0.00365342 -0.0138956 0.0258007 0.999571 0.141976 
105
59
659.875
0.983378 0.00227609 -0.181558 -0.20614 -0.00200044 0.999997 0.00170136 -0.0197108 0.181561 -0.00130988 0.983379 0.164463 
93
70
4330.88
0.966633 -0.0112411 -0.255918 0.133559 0.0101803 0.999933 -0.00546949 -0.00475453 0.255962 0.00268168 0.966683 -0.133342 
35
24
1588.99
0.968755 -0.0145493 -0.247594 -0.0672692 0.0111286 0.999822 -0.0152095 0.121145 0.247771 0.0119789 0.968745 0.435566 
107
80
3802.82
1 -0.000269927 -0.000318835 0.00796614 0.000270834 0.999996 0.00284863 0.038954 0.000318065 -0.00284871 0.999996 0.346726 
144
87
819.044
0.999995 0.00123836 -0.00276574 0.000806165 -0.00126729 0.999944 -0.0104822 0.0226846 0.00275261 0.0104856 0.999941 0.339577 
139
99
718.909
0.99993 0.00985788 0.00661568 -0.0620399 -0.00985123 0.999951 -0.00103673 -0.000163256 -0.00662558 0.000971485 0.999978 0.326166 
140
84
640.48
0.99999 0.00333582 0.00280632 -0.0145671 -0.0033371 0.999994 0.000451381 0.0223338 -0.00280479 -0.000460742 0.999996 0.337134 
136
86
687.177
0.999995 0.00149102 0.00277581 -0.00744647 -0.00148509 0.999997 -0.0021358 0.0253209 -0.00277899 0.00213167 0.999994 0.333029 
139
84
704.432
0.99994 0.00832774 0.00708833 -0.0376567 -0.00827125 0.999934 -0.00796236 0.023977 -0.00715417 0.00790326 0.999943 0.343073 
142
91
740.336
0.999994 -0.000806875 -0.00325774 -0.00645044 0.000759759 0.999895 -0.0144382 0.0523989 0.00326905 0.0144357 0.99989 0.371087 
135
89
668.626
0.999988 0.00458901 0.0014045 -0.0128536 -0.00458497 0.999985 -0.00286491 0.0206491 -0.00141763 0.00285844 0.999995 0.338761 
139
88
726.124
0.999905 0.0113851 0.00778066 -0.029979 -0.0113769 0.999935 -0.00110032 0.035601 -0.00779268 0.0010117 0.999969 0.345222 
142
87
735.723
0.999994 0.00332469 0.000720276 -0.00529482 -0.00332257 0.99999 -0.00292923 0.009255 -0.000730008 0.00292682 0.999995 0.322382 
141
93
668.805
0.999996 0.00169122 -0.00215737 0.00596316 -0.00170248 0.999985 -0.00522666 -0.000310858 0.0021485 0.00523031 0.999984 0.32504 
130
93
648.39
0.999933 -0.0100511 -0.00580822 0.0254947 0.00990462 0.999645 -0.0247154 0.0786442 0.00605457 0.0246562 0.999678 0.344113 
138
84
675.576
1 -0.000327517 -0.000428512 -0.00732165 0.000328192 0.999999 0.00157545 0.0192264 0.000427995 -0.00157559 0.999999 0.344896 
133
83
787.611
0.99999 -0.00430699 -0.00123498 -0.000189698 0.00431119 0.999985 0.00341744 0.0181972 0.00122024 -0.00342273 0.999993 0.365252 
144
84
762.281
0.999998 -0.000721793 -0.00183519 0.00366046 0.000718339 0.999998 -0.00188201 -0.0098031 0.00183655 0.00188068 0.999997 0.328481 
139
85
859.182
1 -0.000816948 0.000319037 -0.0123708 0.00081906 0.999977 -0.00667607 0.0199301 -0.000313576 0.00667633 0.999978 0.353979 
150
103
753.854
0.999999 0.00110927 -0.00106487 0.00510513 -0.00110676 0.999997 0.00235137 -0.00225183 0.00106748 -0.00235019 0.999997 0.308383 
150
101
622.327
0.999993 0.00167896 0.00344646 -0.0105656 -0.00169518 0.999987 0.00470724 0.00542797 -0.00343852 -0.00471305 0.999983 0.336338 
150
100
667.726
0.99997 0.00533742 0.00558398 -0.0287101 -0.00533154 0.999985 -0.00106655 0.0121238 -0.00558959 0.00103675 0.999984 0.348147 
150
100
681.552
0.999994 -0.00294158 -0.00208159 0.0122965 0.00293265 0.999987 -0.00428409 -0.000559919 0.00209416 0.00427795 0.999989 0.334754 
150
113
683.844
0.999998 0.00193248 0.000987272 -0.0101665 -0.00193145 0.999998 -0.00105145 0.000320803 -0.000989302 0.00104954 0.999999 0.320567 
148
104
649.873
0.999981 -0.00316373 -0.00522694 0.0193654 0.00317021 0.999994 0.0012332 0.0139995 0.00522301 -0.00124974 0.999986 0.334147 
148
102
639.999
0.999951 -0.0073523 -0.00658355 0.02072 0.00734863 0.999973 -0.000581984 0.0167443 0.00658765 0.000533576 0.999978 0.346705 
150
104
705.832
0.999992 -4.83416e-05 0.00388496 -0.0254066 5.4415e-05 0.999999 -0.00156323 -0.0130962 -0.00388488 0.00156343 0.999991 0.314506 
149
97
753.681
0.999992 -0.00190991 -0.00354223 0.00970127 0.00189347 0.999987 -0.00463743 0.00277046 0.00355104 0.00463068 0.999983 0.32087 
150
108
677.471
0.999958 -0.00400051 -0.00823189 0.0287723 0.00399819 0.999992 -0.000298864 0.00789759 0.00823302 0.000265939 0.999966 0.334258 
146
96
654.795
0.999994 -0.00307922 -0.00146964 0.00833592 0.00308322 0.999992 0.00272859 0.00953717 0.00146123 -0.00273311 0.999995 0.32419 
146
91
741.512
0.999878 -0.0073318 -0.0137842 0.0558735 0.00728707 0.999968 -0.00329258 0.00855141 0.0138079 0.00319173 0.9999 0.312924 
150
87
580.137
0.999987 -0.000169898 -0.00509532 0.0110908 0.00010678 0.999923 -0.0123852 0.0234019 0.00509703 0.0123845 0.99991 0.318735 
150
94
721.371
0.999871 0.011093 0.0116186 -0.0540587 -0.0110413 0.999929 -0.00449655 0.00514455 -0.0116677 0.00436769 0.999922 0.331604 
149
92
765.177
1 0.000295646 0.000345819 -0.00503122 -0.000297304 0.999988 0.00480574 -0.0122461 -0.000344394 -0.00480584 0.999988 0.31215 
148
96
741.843
0.994412 0.00446471 0.105476 -0.00195594 -0.00324228 0.999926 -0.0117582 0.0333622 -0.105521 0.0113506 0.994352 0.231761 
141
96
2458.4
0.970678 -0.0222566 0.239351 -0.414012 0.027567 0.999442 -0.018861 1.00382 -0.238798 0.0249062 0.97075 6.58987 
44
21
1467.96
0.970161 -0.00388281 0.242431 -0.254231 0.00530751 0.999972 -0.00522389 0.00632607 -0.242404 0.00635472 0.970155 0.327378 
66
32
1548.86
0.979957 -0.014578 0.198677 -0.310257 0.013051 0.999874 0.00899318 0.0190937 -0.198783 -0.00621999 0.980024 0.281017 
74
37
1137.18
0.999729 -0.00390395 0.0229645 0.0276216 0.0040395 0.999975 -0.00585907 0.0239996 -0.0229411 0.00595025 0.999719 0.299337 
138
86
1026.5
1 -0.000536783 0.000601122 -0.00567253 0.000538497 0.999996 -0.00285394 0.0241818 -0.000599587 0.00285426 0.999996 0.342344 
138
90
718.447
0.999998 0.00141651 0.00102069 -0.00625181 -0.00141795 0.999998 0.00140224 0.012164 -0.0010187 -0.00140368 0.999998 0.325958 
138
95
727.243
0.99999 -0.00247582 -0.00379552 0.0142977 0.00248566 0.999994 0.00258957 -0.0063723 0.00378909 -0.00259898 0.999989 0.315533 
138
91
649.596
0.999998 -0.00192457 0.000813478 -0.00555193 0.001932 0.999956 -0.00922558 0.0327352 -0.000795686 0.00922713 0.999957 0.347403 
137
98
779.202
0.999989 -0.00392297 -0.00269062 0.00918798 0.00391089 0.999982 -0.00448033 -0.0107031 0.00270815 0.00446975 0.999986 0.299852 
137
91
743.754
0.999998 0.00129631 -0.00126744 0.00211627 -0.00130209 0.999989 -0.00456795 0.0467895 0.00126151 0.00456959 0.999989 0.356174 
132
92
685.304
0.999986 -0.00432081 -0.00309988 0.0123867 0.00432066 0.999991 -5.51723e-05 0.0197666 0.00310009 4.1778e-05 0.999995 0.337054 
129
92
682.099
0.999998 0.00125217 -0.00174198 0.00263514 -0.00126575 0.999969 -0.00781696 0.0538781 0.00173214 0.00781914 0.999968 0.364312 
128
88
722.486
0.999996 -0.00123341 -0.00240432 0.00487606 0.00121231 0.999961 -0.00875741 0.0288424 0.00241503 0.00875446 0.999959 0.349965 
122
91
713.592
0.999998 -0.000264163 0.0019104 -0.00648137 0.000269242 0.999996 -0.00265888 0.000173082 -0.00190969 0.00265939 0.999995 0.30648 
122
84
627.482
0.999997 -0.000732073 0.00226197 -0.00705183 0.000730265 0.999999 0.00079981 0.00490345 -0.00226255 -0.000798156 0.999997 0.317318 
122
86
641.349
0.999969 -0.00189695 -0.00762019 0.0177411 0.00191344 0.999996 0.00215826 0.0143211 0.00761607 -0.00217277 0.999969 0.345333 
120
89
655.274
0.999995 0.00259733 0.00150899 -0.00923461 -0.00259428 0.999995 -0.00202126 -0.0117247 -0.00151423 0.00201734 0.999997 0.317036 
116
81
635.589
0.999982 -0.0014406 -0.00574947 0.0302073 0.00139022 0.999961 -0.00875571 0.0336288 0.00576186 0.00874756 0.999945 0.328245 
114
78
584.912
0.999958 -0.00479045 -0.00785102 0.0285216 0.0047635 0.999983 -0.00344761 0.0303949 0.0078674 0.00341007 0.999963 0.333941 
115
74
585.787
0.999804 0.0196193 -0.00263958 -0.0291563 -0.0196351 0.999789 -0.00609349 0.0557744 0.00251948 0.00614413 0.999978 0.331752 
116
73
631.487
0.98508 0.00635029 0.171983 0.00701025 -0.00592944 0.999978 -0.00296067 0.0299043 -0.171998 0.00189674 0.985096 0.230467 
132
94
3555.33
0.998068 8.56655e-05 0.0621339 -0.00566935 0.000520677 0.999952 -0.0097424 -0.0138227 -0.0621317 0.00975592 0.99802 0.209328 
132
84
1502.99
0.999998 -0.00211629 0.000527594 0.0038885 0.00211797 0.999993 -0.00320162 0.0388797 -0.000520815 0.00320273 0.999995 0.37166 
129
75
699.388
0.999977 0.00569427 0.00357325 -0.00856105 -0.0056904 0.999983 -0.00109075 0.0309461 -0.0035794 0.00107039 0.999993 0.340429 
130
80
601.155
0.999994 -0.00261756 0.00205341 -0.00193914 0.00261806 0.999997 -0.000237154 0.00272884 -0.00205278 0.000242528 0.999998 0.326505 
132
85
628.243
0.99999 0.00374399 0.00225798 -0.0198471 -0.00373947 0.999991 -0.00200205 -0.000463298 -0.00226546 0.00199358 0.999995 0.333867 
135
82
749.448
0.999976 0.00170187 0.00674405 -0.0192216 -0.00167898 0.999993 -0.00339856 -0.00340895 -0.00674979 0.00338715 0.999971 0.317001 
139
91
808.076
0.999728 0.00182678 0.0232482 -0.0385032 -0.0021938 0.999873 0.0157712 -0.160777 -0.0232165 -0.0158179 0.999605 0.122816 
143
70
806.785
0.999955 0.00675801 0.00668256 -0.0357942 -0.00679355 0.999963 0.00530983 -0.0115912 -0.00664643 -0.00535499 0.999964 0.314969 
150
80
966.312
0.999994 -0.0033275 -8.37166e-05 0.00823208 0.00332739 0.999994 -0.00131881 -0.00748898 8.81044e-05 0.00131852 0.999999 0.318409 
138
86
885.74
0.999959 -0.00617521 -0.00657045 0.0304995 0.00604062 0.999775 -0.0203104 0.0570826 0.00669439 0.0202699 0.999772 0.323936 
139
75
1024.15
0.999783 0.0171987 0.0117115 -0.04026 -0.0173063 0.999808 0.00914286 -0.0509713 -0.011552 -0.00934356 0.99989 0.305162 
146
93
937.67
0.999861 -0.00425799 0.0161423 -0.00107963 0.00367072 0.999336 0.0362379 -0.0260044 -0.0162859 -0.0361736 0.999213 0.318851 
136
86
1133.39
0.999351 -0.0315201 -0.0174407 0.438642 0.0310199 0.99912 -0.0282458 0.128437 0.0183156 0.0276865 0.999449 -0.100114 
62
26
2276.65
0.962433 0.00556377 0.271463 -1.06345 0.00236278 0.999581 -0.0288638 -0.553398 -0.27151 0.0284208 0.962016 1.16108 
58
29
1659.23
0.9993 0.00273191 0.0372971 1.78536 -0.00356491 0.999745 0.0222862 -0.195523 -0.0372267 -0.0224035 0.999056 0.818426 
51
28
2362.81
0.986246 -0.014386 0.164656 0.559985 0.0254186 0.997555 -0.0650943 -0.0714131 -0.163317 0.0683843 0.984201 0.490031 
40
20
1246.71
0.971032 -0.00647457 0.238861 -0.219991 0.00988151 0.999866 -0.0130685 0.0058784 -0.238744 0.0150503 0.970966 0.381742 
49
31
1304.72
0.97914 0.0129558 0.202773 0.185263 -0.0104007 0.999853 -0.0136609 -0.00968063 -0.20292 0.0112669 0.97913 -0.156835 
79
41
3780.48
0.964197 0.0480669 0.260794 0.0429407 -0.0488343 0.998801 -0.00354057 0.189887 -0.260652 -0.00932191 0.965388 0.349749 
52
29
1429.3
0.0910935 0.961087 -0.260795 0.533785 -0.0265943 0.264138 0.964118 -1.84763 0.995487 -0.0808893 0.0496207 3.06541 
15
13
666.798
0.962713 -0.153276 0.222913 -0.0173331 0.176105 0.98058 -0.0863077 -0.0245643 -0.205355 0.122346 0.97101 0.0723089 
21
16
382.085
0.96771 -0.210209 0.139101 0.0788933 0.203042 0.977076 0.0640111 0.0453707 -0.149368 -0.0337009 0.988207 0.257005 
17
12
470.613
0.998119 0.0564796 0.0238505 2.55171 -0.0567202 0.998345 0.00953302 0.683513 -0.0232726 -0.0108679 0.99967 5.97264 
60
20
746.64
0.961478 -0.273316 -0.0292885 0.159964 0.120279 0.514125 -0.84924 2.39938 0.247168 0.813003 0.527194 4.37957 
37
18
1399.64
0.987331 0.00821625 0.158463 0.00525228 -0.00720429 0.99995 -0.00695945 0.0165246 -0.158512 0.00572967 0.98734 0.194179 
149
102
3415.33
0.999981 0.00472567 0.00392466 -0.0185036 -0.0047242 0.999989 -0.000383516 0.00283889 -0.00392643 0.000364968 0.999992 0.323566 
150
103
729.032
0.999991 0.0023916 0.00346764 -0.0165997 -0.00239347 0.999997 0.000536729 0.0261387 -0.00346635 -0.000545023 0.999994 0.353198 
150
99
696.366
0.999673 0.0198536 0.0160989 -0.0765759 -0.0197933 0.999797 -0.003895 -0.0163924 -0.016173 0.00357508 0.999863 0.289162 
150
91
655.28
1 -0.000390669 0.000307425 -0.000312347 0.000392318 0.999985 -0.00538246 0.00343186 -0.000305318 0.00538258 0.999985 0.331159 
150
98
762.08
0.999999 -0.000401541 -0.00146594 0.00552206 0.000398355 0.999998 -0.00217298 0.0155797 0.00146681 0.00217239 0.999997 0.332551 
150
93
693.354
0.999886 0.0110949 0.0102347 -0.0610215 -0.0110662 0.999935 -0.00286574 0.0346301 -0.0102658 0.00275216 0.999944 0.347839 
149
92
862.831
0.999919 0.0118257 0.00472274 -0.0357978 -0.0117896 0.999902 -0.00759401 0.0552224 -0.00481208 0.00753771 0.99996 0.378579 
146
89
661.391
0.999999 -0.000334065 -0.00147114 0.0100775 0.00033107 0.999998 -0.00203574 -0.0188452 0.00147182 0.00203525 0.999997 0.308548 
149
91
786.11
0.999976 0.00341696 0.0060255 -0.027133 -0.00334842 0.99993 -0.0113475 0.0296709 -0.00606385 0.011327 0.999917 0.329914 
146
97
751.571
0.999963 -0.00746592 0.00420626 -0.0118145 0.00749903 0.999941 -0.00791175 0.0562675 -0.00414694 0.007943 0.99996 0.358663 
145
102
727.383
0.999906 0.00431617 0.0130006 -0.0730789 -0.00444974 0.999937 0.0102628 -0.0601243 -0.0129555 -0.0103197 0.999863 0.215804 
148
88
804.502
0.998063 0.00243866 -0.0621598 -0.000620238 -0.00221216 0.999991 0.00371241 -0.00623491 0.0621682 -0.00356771 0.998059 0.271937 
145
86
1552.31
0.991705 0.0354567 -0.123544 -0.393568 -0.0241022 0.995447 0.0922179 -0.0272395 0.126252 -0.0884753 0.988045 -0.274834 
60
28
2115.42
0.985248 -0.00849554 -0.170922 -0.29564 0.00541884 0.999815 -0.0184591 0.0464811 0.171047 0.0172606 0.985112 -0.207799 
18
15
501.893
0.99455 -0.101786 0.0225972 0.291463 0.101117 0.994451 0.0290141 -0.0249922 -0.025425 -0.026571 0.999324 0.176661 
28
15
101.593
0.967982 -0.0172087 -0.25043 -0.126178 0.0150449 0.999831 -0.0105521 0.0399709 0.250569 0.00644657 0.968077 0.212877 
86
48
2454.71
0.999664 0.0192581 0.0173583 -0.0758859 -0.0191265 0.999787 -0.00771663 0.0499051 -0.0175033 0.00738203 0.99982 0.338747 
138
93
713.649
0.999999 -0.000477281 -0.00127986 0.00521863 0.000469002 0.999979 -0.00646106 0.0126825 0.00128292 0.00646046 0.999978 0.316097 
136
94
757.516
0.999997 -0.0020928 0.00102522 -0.00261044 0.00209238 0.999998 0.000406128 0.00706846 -0.00102607 -0.000403982 0.999999 0.319351 
135
85
734.845
0.999983 -0.00441899 -0.0039125 0.0198563 0.00442773 0.999988 0.00222934 0.0157176 0.0039026 -0.00224663 0.99999 0.339159 
145
90
758.344
0.999998 0.000982548 -0.00152864 -0.000299036 -0.000988478 0.999992 -0.00388311 0.00984152 0.00152481 0.00388462 0.999991 0.324181 
150
97
882.288
0.999999 -0.00149865 -0.00030648 0.0112643 0.00149612 0.999966 -0.00811045 0.0136943 0.000318624 0.00810998 0.999967 0.322462 
150
88
905.076
0.999019 -0.00414723 -0.0440805 0.00912709 0.00415663 0.999991 0.000121679 0.0101005 0.0440796 -0.000304786 0.999028 0.287203 
150
95
1278.28
0.966514 -0.135857 -0.2177 0.0609289 0.112155 0.986682 -0.117813 0.0888795 0.230807 0.089452 0.968879 -0.187818 
18
12
569.059
0.99492 -0.0859829 0.0523635 -1.25165 0.0839885 0.995697 0.0391694 0.0537904 -0.0555061 -0.0345725 0.99786 2.65304 
22
16
668.078
0.973605 0.014757 -0.227763 -0.323622 -0.0105055 0.999747 0.0198674 -0.0972881 0.227999 -0.0169502 0.973514 -0.446189 
35
25
1495.66
0.991403 0.0111161 -0.130374 -0.636086 -0.0101495 0.999916 0.00807657 0.0144041 0.130453 -0.00668391 0.991432 -0.172193 
62
33
2728.9
0.990345 0.128091 -0.0530086 0.289324 -0.122779 0.988011 0.0935894 -0.485338 0.064361 -0.0861774 0.994199 1.90911 
46
22
1141.22
0.992111 -0.00146972 -0.125353 -0.712019 0.00056559 0.999974 -0.00724798 -0.0170403 0.12536 0.00711991 0.992086 -0.159738 
122
91
5719.87
0.999994 0.00229801 0.0024914 -0.00847964 -0.00228345 0.99998 -0.00582958 0.024815 -0.00250475 0.00582385 0.99998 0.343867 
150
92
849.915
0.999981 -0.00523966 -0.00333112 0.0180259 0.00522188 0.999972 -0.00532384 0.0136272 0.00335892 0.00530634 0.99998 0.334495 
150
92
811.04
0.999984 0.00286193 0.00481682 -0.0162222 -0.00283622 0.999982 -0.00533565 0.00156086 -0.004832 0.0053219 0.999974 0.324917 
141
97
861.943
0.999999 -0.000212268 0.00107067 -0.00265865 0.000212606 1 -0.000315806 0.00880892 -0.00107061 0.000316033 0.999999 0.333253 
140
89
771.017
0.999912 0.0117938 0.00603825 -0.0360844 -0.011811 0.999926 0.00282078 0.00823118 -0.00600454 -0.00289185 0.999978 0.32663 
130
88
779.2
0.999999 -0.00104723 0.0012845 -0.000533234 0.00105226 0.999992 -0.00392459 0.0248587 -0.00128038 0.00392594 0.999991 0.340585 
135
84
686.972
0.999997 0.000737222 0.0025011 -0.0147608 -0.000716553 0.999966 -0.00825476 0.0260209 -0.0025071 0.00825294 0.999963 0.346904 
132
83
795.92
0.999993 0.00157598 0.00335429 -0.0133349 -0.00156197 0.99999 -0.00417416 0.0135671 -0.00336083 0.00416889 0.999986 0.341023 
132
83
706.215
0.997947 0.0521112 0.037231 -0.715546 -0.0473109 0.991662 -0.11987 0.118137 -0.0431672 0.117863 0.992091 0.31704 
130
78
749.762
0.999989 -0.00415703 0.00197235 -0.00250184 0.00415482 0.999991 0.00112489 0.00412678 -0.00197701 -0.00111668 0.999997 0.320931 
132
95
735.35
0.998116 0.0476735 0.038631 -0.216285 -0.0430188 0.99261 -0.11347 0.0432805 -0.043755 0.111594 0.99279 0.0996528 
132
77
877.871
0.999999 -0.00130193 0.000405164 -0.00113378 0.00130379 0.999988 -0.0046346 -0.00186736 -0.000399125 0.00463512 0.999989 0.326104 
129
82
758.353
0.999975 0.00409575 0.00571055 -0.0213781 -0.00409022 0.999991 -0.000979106 0.00521223 -0.00571451 0.000955725 0.999983 0.311459 
129
89
674.433
0.999993 0.00216636 0.00312508 -0.0130612 -0.00217796 0.999991 0.00371377 0.00506044 -0.00311701 -0.00372055 0.999988 0.325335 
119
80
704.201
0.999997 0.000962821 0.0024434 -0.00671784 -0.000959405 0.999999 -0.00139876 0.01281 -0.00244474 0.00139641 0.999996 0.338542 
114
80
653.157
0.999999 -0.000264234 0.00152523 -0.00248646 0.000273103 0.999983 -0.0058172 0.00821051 -0.00152366 0.00581761 0.999982 0.319146 
111
75
587.269
0.999983 -0.00518473 -0.00266067 0.0194124 0.0051654 0.999961 -0.00722079 0.0259894 0.00269801 0.00720693 0.99997 0.34262 
111
82
633.048
0.999731 0.0210128 0.00981035 -0.0551578 -0.0208829 0.999695 -0.0131623 0.065454 -0.0100839 0.0129539 0.999865 0.343195 
111
77
628.659
