1 0 0 0 0 1 0 0 0 0 1 0 
78
49
114.116
1 0.000356279 0.000832688 -0.00482021 -0.000358442 0.999997 0.0025991 -0.0108136 -0.000831759 -0.0025994 0.999996 1.05339 
78
54
124.376
0.999999 0.000311024 -0.00104942 -0.00770466 -0.000309374 0.999999 0.00157186 -0.00448871 0.00104991 -0.00157154 0.999998 0.578372 
81
47
130.776
0.999999 0.000311024 -0.00104942 -0.00770466 -0.000309374 0.999999 0.00157186 -0.00448871 0.00104991 -0.00157154 0.999998 0.578372 
81
52
94.4472
1 -0.000451713 2.88068e-05 -0.00830626 0.000451756 0.999999 -0.00152581 -0.00922738 -2.81175e-05 0.00152583 0.999999 0.986348 
81
50
121.156
1 0.000387918 0.000283817 0.0174697 -0.000387986 1 0.000241387 -0.0562566 -0.000283723 -0.000241497 1 0.763563 
82
55
111.521
0.999999 -0.000228609 -0.00120534 -0.0229585 0.000228379 1 -0.000190673 0.00628112 0.00120538 0.000190398 0.999999 1.06099 
85
47
109.18
1 0.000152314 0.000760714 -0.0216851 -0.000154381 0.999996 0.00271697 -0.00042324 -0.000760298 -0.00271709 0.999996 1.34639 
90
57
125.857
1 0.000152314 0.000760714 -0.0216851 -0.000154381 0.999996 0.00271697 -0.00042324 -0.000760298 -0.00271709 0.999996 1.34639 
90
56
94.8598
0.999998 0.000401565 0.00198731 -0.0265207 -0.000402355 1 0.000397345 -0.102983 -0.00198715 -0.000398144 0.999998 0.834159 
88
53
109.183
0.999998 0.000401565 0.00198731 -0.0265207 -0.000402355 1 0.000397345 -0.102983 -0.00198715 -0.000398144 0.999998 0.834159 
90
58
42.2235
0.999998 -0.000471638 -0.00181447 0.00306148 0.000472891 1 0.000690382 -0.00814398 0.00181415 -0.000691239 0.999998 1.20173 
90
57
136.224
0.999998 0.000161052 -0.00187329 -0.0355125 -0.00016095 1 5.44664e-05 0.0451148 0.0018733 -5.41648e-05 0.999998 0.869314 
90
54
111.202
0.999999 -4.19629e-06 -0.00123492 -0.0646314 4.71666e-06 1 0.000421378 -0.0151386 0.00123491 -0.000421383 0.999999 0.889993 
90
52
92.7914
1 -1.47692e-05 0.00034267 0.114749 1.46015e-05 1 0.000489222 0.0381267 -0.000342677 -0.000489217 1 0.974036 
90
57
104.31
0.999998 0.0001358 0.00194121 0.0297055 -0.00013924 0.999998 0.00177206 -0.0229718 -0.00194096 -0.00177233 0.999997 0.900684 
90
50
102.611
0.999999 -0.000808854 -0.000746454 -0.0449416 0.000808147 0.999999 -0.000946411 0.0357171 0.000747219 0.000945808 0.999999 0.784472 
90
58
138.143
0.999999 -0.000870583 0.00139066 0.176554 0.000871484 0.999999 -0.000646804 0.0312268 -0.0013901 0.000648015 0.999999 0.912619 
90
48
99.9991
0.999996 -0.000470338 -0.00272433 0.0252316 0.000472147 1 0.000663589 -0.00711938 0.00272401 -0.000664873 0.999996 0.792748 
88
57
92.6555
1 -0.000487814 0.000339153 -0.0223418 0.000488256 0.999999 -0.00130472 0.0434492 -0.000338516 0.00130489 0.999999 0.673569 
87
57
110.53
0.999994 -0.000446099 0.00357262 -0.0863145 0.000465201 0.999986 -0.00534769 0.0634924 -0.00357018 0.00534932 0.999979 1.29771 
86
49
147.014
0.999998 -0.000207973 -0.00198025 -0.10791 0.000207056 1 -0.000463354 -0.0099118 0.00198034 0.000462943 0.999998 0.935568 
89
62
93.6947
0.999998 -0.000381894 0.00182996 0.00642483 0.000383112 1 -0.000665725 -0.0731417 -0.00182971 0.000666425 0.999998 1.15507 
87
51
126.346
0.999997 -0.000894588 0.00210049 -0.00316754 0.000896517 0.999999 -0.000917726 0.0697269 -0.00209967 0.000919606 0.999997 0.931379 
86
53
107.077
0.999999 -0.000598603 -0.00137711 0.459102 0.000597223 0.999999 -0.00100222 0.0477302 0.0013777 0.00100139 0.999999 0.897542 
86
51
87.1441
0.999999 -0.000598603 -0.00137711 0.459102 0.000597223 0.999999 -0.00100222 0.0477302 0.0013777 0.00100139 0.999999 0.897542 
88
70
88.5167
1 6.93295e-05 0.000612567 -0.0157197 -6.96213e-05 1 0.000476388 0.0251275 -0.000612534 -0.000476431 1 1.05311 
85
57
122.381
1 -0.00037532 0.000735341 -0.0166201 0.000375533 1 -0.000288567 0.00101279 -0.000735233 0.000288843 1 1.16803 
86
57
93.7618
0.999999 4.50756e-05 -0.00150379 -0.0273716 -4.5266e-05 1 -0.000126576 -0.0313964 0.00150378 0.000126644 0.999999 1.01697 
88
62
127.022
1 -0.000252109 -0.000538944 0.349689 0.000251977 1 -0.000245407 0.121827 0.000539005 0.000245271 1 1.37085 
86
46
146.761
0.999996 0.0002717 -0.00271083 -0.026412 -0.000268799 0.999999 0.0010706 -0.00432867 0.00271111 -0.00106986 0.999996 0.732845 
90
64
149.045
0.999993 -0.000754875 0.00371186 -0.10799 0.000757745 0.999999 -0.000771784 0.108132 -0.00371127 0.000774591 0.999993 1.24884 
86
54
141.31
0.999999 0.000275422 -0.00120127 0.00672063 -0.000274886 1 0.00044622 -0.0187979 0.00120139 -0.000445889 0.999999 0.738482 
88
56
140.121
1 -0.000505544 -0.000768281 -0.195651 0.000505563 1 2.55438e-05 0.190942 0.000768268 -2.59322e-05 1 1.53045 
87
56
138.994
1 7.39881e-05 -0.000340311 -0.0586202 -7.43622e-05 0.999999 -0.00109923 -0.0455328 0.000340229 0.00109926 0.999999 1.23681 
88
54
128.066
1 -0.000863683 -3.13789e-05 -0.0598689 0.000863685 1 6.07525e-05 0.056993 3.13264e-05 -6.07796e-05 1 0.997524 
88
63
107.162
0.999997 0.00075008 0.00217251 -0.0335234 -0.000747227 0.999999 -0.00131405 -0.019941 -0.0021735 0.00131243 0.999997 0.589687 
88
61
110.562
1 -3.32272e-05 -0.000538522 -0.0409165 3.30618e-05 1 -0.000307136 0.00496001 0.000538532 0.000307118 1 1.33743 
88
53
102.146
1 -0.000282674 -0.000203148 0.0438222 0.000282675 1 9.28605e-07 -0.021002 0.000203148 -9.8603e-07 1 0.718048 
84
63
95.838
1 -0.000745124 -0.000508671 -0.0313386 0.000745904 0.999999 0.0015365 0.0427433 0.000507525 -0.00153688 0.999999 0.538423 
85
64
109.238
0.999999 0.000654212 -0.00111243 0.162409 -0.000654726 1 -0.000461507 -0.0898534 0.00111213 0.000462235 0.999999 1.07777 
86
58
92.5449
0.999998 0.000147292 0.00201286 -0.138679 -0.000143558 0.999998 -0.0018551 -0.00474761 -0.00201313 0.00185481 0.999996 1.22314 
88
62
109.374
