1 0 0 0 0 1 0 0 0 0 1 0 
150
133
84.7213
1 0 0 0 0 1 0 0 0 0 1 0 
147
109
386.389
1 0 0 0 0 1 0 0 0 0 1 0 
147
115
292.732
1 -0.000630605 -0.000112315 -0.00343822 0.00063074 0.999999 0.00120553 -0.00440475 0.000111555 -0.0012056 0.999999 0.545977 
150
116
561.143
0.999989 -0.00298009 -0.00371493 0.0444045 0.00297631 0.999995 -0.00102371 0.0326808 0.00371796 0.00101264 0.999993 0.967663 
146
110
442.712
0.999999 0.00142741 0.000796548 -0.0039792 -0.00142726 0.999999 -0.000186701 0.00807867 -0.000796814 0.000185564 1 0.569777 
150
124
705.439
0.999987 -0.00344824 -0.00365918 0.0197494 0.00344652 0.999994 -0.000476214 -3.44372e-05 0.0036608 0.000463597 0.999993 0.531363 
145
116
556.589
0.999998 0.00164951 0.000654821 -0.00138007 -0.0016499 0.999998 0.000594268 0.00214559 -0.00065384 -0.000595347 1 0.571951 
150
123
688.031
0.999997 -0.00151482 -0.0016481 0.0104924 0.0015147 0.999999 -7.10734e-05 0.00650569 0.0016482 6.85768e-05 0.999999 0.616952 
145
120
506.259
0.999985 0.00436119 0.00326318 -0.0216684 -0.00436565 0.99999 0.00136008 -0.00632395 -0.00325721 -0.0013743 0.999994 0.572747 
147
121
588.387
1 -0.000400425 -0.000650038 0.00562478 0.000400709 1 0.000437467 4.68646e-05 0.000649863 -0.000437727 1 0.565095 
150
116
632.561
0.999997 0.00189489 0.00145081 -0.0168792 -0.00189572 0.999998 0.000570521 0.00896323 -0.00144972 -0.00057327 0.999999 0.610185 
150
108
512.023
0.999994 0.00313092 0.00149361 -0.0150901 -0.00312721 0.999992 -0.00248147 0.0358569 -0.00150137 0.00247678 0.999996 0.680141 
150
118
678.808
0.999973 0.00584887 0.00436416 -0.0294272 -0.00584418 0.999982 -0.0010881 0.00769606 -0.00437045 0.00106257 0.99999 0.581116 
150
119
901.893
0.999991 0.00337876 0.00251306 -0.028053 -0.00337405 0.999993 -0.00187654 0.0204231 -0.00251938 0.00186805 0.999995 0.629698 
150
117
777.458
0.999999 0.000892753 0.000603832 -0.00502355 -0.000892685 1 -0.00011185 -0.00123411 -0.000603932 0.000111311 1 0.57374 
150
130
927.468
0.999999 -0.000837178 -0.000917974 0.00634282 0.000836748 1 -0.000468367 -0.000911614 0.000918366 0.000467598 0.999999 0.56871 
150
127
833.786
0.999994 0.00178504 0.00294366 -0.0217288 -0.00178507 0.999998 6.54191e-06 -0.00524416 -0.00294364 -1.17965e-05 0.999996 0.563182 
135
118
387.231
0.999994 0.00277285 0.00195856 -0.015205 -0.00277186 0.999996 -0.000503406 -0.00317925 -0.00195994 0.000497974 0.999998 0.570784 
150
135
660.69
0.999994 0.00277285 0.00195856 -0.015205 -0.00277186 0.999996 -0.000503406 -0.00317925 -0.00195994 0.000497974 0.999998 0.570784 
150
142
728.725
1 0.000102981 -0.000294545 -0.00192333 -0.000102961 1 6.71617e-05 -0.0103981 0.000294552 -6.71313e-05 1 0.599789 
150
142
687.925
0.999987 0.00387392 0.00337244 -0.021952 -0.00387075 0.999992 -0.000944053 -0.000749957 -0.00337607 0.000930987 0.999994 0.574002 
139
128
436.533
0.999987 0.00387392 0.00337244 -0.021952 -0.00387075 0.999992 -0.000944053 -0.000749957 -0.00337607 0.000930987 0.999994 0.574002 
138
115
383.048
