1 0 0 0 0 1 0 0 0 0 1 0 
136
135
7.41421
1 0 0 0 0 1 0 0 0 0 1 0 
134
120
29.5533
1 0 0 0 0 1 0 0 0 0 1 0 
136
132
11.2426
1 0 0 0 0 1 0 0 0 0 1 0 
136
127
26.6084
1 0 0 0 0 1 0 0 0 0 1 0 
136
125
17.6123
1 0 0 0 0 1 0 0 0 0 1 0 
136
131
10.4142
1 0 0 0 0 1 0 0 0 0 1 0 
135
120
40.0219
1 0 0 0 0 1 0 0 0 0 1 0 
136
136
1
1 -0.000246369 0.00017865 0.000522944 0.000246334 1 0.000194633 0.00359814 -0.000178698 -0.000194589 1 0.480006 
135
74
757.354
0.999982 0.00173418 0.00570733 -0.216031 -0.00173586 0.999998 0.000290889 -0.0140975 -0.00570682 -0.000300791 0.999984 0.450114 
115
62
446.533
0.999982 0.00173418 0.00570733 -0.216031 -0.00173586 0.999998 0.000290889 -0.0140975 -0.00570682 -0.000300791 0.999984 0.450114 
108
67
48.5125
0.999988 0.00065102 0.00494162 -0.01501 -0.000661329 0.999998 0.00208476 -0.00686947 -0.00494025 -0.002088 0.999986 0.468983 
112
55
339.149
0.999997 -0.00249151 0.000246995 0.00428563 0.0024915 0.999997 6.49569e-05 0.00600991 -0.000247156 -6.43413e-05 1 0.487094 
124
67
416.99
1 0.000212711 0.000292293 -0.000907982 -0.000211729 0.999994 -0.00335667 -0.00276026 -0.000293005 0.00335661 0.999994 0.507408 
119
75
621.726
0.999995 -0.000708347 -0.00292672 0.022131 0.000706474 1 -0.000641052 -0.0171866 0.00292717 0.000638982 0.999996 0.485018 
135
70
584.446
1 -0.000148438 -0.000938484 0.000139639 0.000148368 1 -7.47031e-05 -0.00151218 0.000938495 7.45639e-05 1 0.501707 
112
76
745.008
0.999945 -0.000835636 -0.0104627 0.00206723 0.000828931 0.999999 -0.00064517 -0.0100777 0.0104632 0.000636461 0.999945 0.499319 
102
60
429.333
0.999945 -0.000835636 -0.0104627 0.00206723 0.000828931 0.999999 -0.00064517 -0.0100777 0.0104632 0.000636461 0.999945 0.499319 
122
77
591.551
0.999996 -0.00118451 -0.00252983 0.00119344 0.00117458 0.999992 -0.00392477 0.00196537 0.00253446 0.00392178 0.999989 0.515959 
122
78
573.375
0.999998 -0.000931673 0.00162771 0.0256785 0.00093121 1 0.000285234 0.00177496 -0.00162798 -0.000283718 0.999999 0.487895 
139
67
514.445
0.999999 0.00103589 -0.000507911 -0.00083801 -0.00103615 0.999999 -0.000518738 -0.00226099 0.000507373 0.000519264 1 0.477317 
125
62
824.539
0.999994 0.00333194 -0.000197934 -0.00918066 -0.00333155 0.999993 0.00191424 -0.0169203 0.000204311 -0.00191357 0.999998 0.481733 
117
64
333.511
0.999994 0.00333194 -0.000197934 -0.00918066 -0.00333155 0.999993 0.00191424 -0.0169203 0.000204311 -0.00191357 0.999998 0.481733 
119
87
548.187
0.999999 -6.29142e-05 -0.00155098 -0.00284481 6.22902e-05 1 -0.000402363 -0.00746211 0.001551 0.000402266 0.999999 0.513778 
122
76
742.156
0.999936 -6.19901e-06 0.0113538 -0.21499 7.5319e-05 0.999981 -0.00608742 0.0128025 -0.0113535 0.00608789 0.999917 0.229975 
125
59
443.82
0.99999 1.33587e-05 -0.00452893 -0.00827658 -1.50718e-05 1 -0.000378231 0.00523318 0.00452893 0.000378295 0.99999 0.497218 
108
60
393.857
0.999998 0.00118448 0.00186006 -0.00292555 -0.00118265 0.999999 -0.000983186 -0.000558523 -0.00186122 0.000980984 0.999998 0.482297 
121
82
547.178
0.999998 -0.000673655 -0.00161811 -0.00382124 0.000668299 0.999994 -0.00330849 -0.0011956 0.00162033 0.0033074 0.999993 0.467548 
126
83
710.662
0.999998 -0.000673655 -0.00161811 -0.00382124 0.000668299 0.999994 -0.00330849 -0.0011956 0.00162033 0.0033074 0.999993 0.467548 
111
80
371.474
0.99998 0.00134156 0.00610173 -0.00683281 -0.00135223 0.999998 0.00174455 -0.000800117 -0.00609937 -0.00175276 0.99998 0.495416 
119
66
375.37
0.999997 -0.000971726 0.00216735 -0.00246488 0.000969515 0.999999 0.00102118 0.00348883 -0.00216834 -0.00101908 0.999997 0.493369 
120
68
693.337
0.99999 -0.00138906 -0.00424142 0.00204392 0.00138887 0.999999 -4.83947e-05 -0.00491585 0.00424149 4.25034e-05 0.999991 0.490455 
128
89
765.765
0.999991 -0.00149655 -0.00389692 0.000400112 0.00147351 0.999981 -0.00590844 0.0153729 0.00390569 0.00590265 0.999975 0.598438 
127
73
678.628
0.999996 -0.0025409 -0.00110134 -0.266297 0.00254001 0.999996 -0.000807213 -0.00295891 0.00110338 0.000804412 0.999999 0.309842 
137
63
842.062
0.999999 -0.00170195 -0.000293431 0.00284952 0.0017044 0.999962 0.00854154 0.0038856 0.000278883 -0.00854202 0.999963 0.545628 
134
61
637.336
0.999996 -0.00259051 -0.00114643 0.00547771 0.00258894 0.999996 -0.00137578 0.00481278 0.00114999 0.00137281 0.999998 0.495202 
122
79
594.932
0.990067 0.00210969 -0.140581 0.00108267 -0.00173433 0.999995 0.00279253 0.000191081 0.140586 -0.00252098 0.990065 0.0991863 
136
83
1190.62
0.990067 0.00210969 -0.140581 0.00108267 -0.00173433 0.999995 0.00279253 0.000191081 0.140586 -0.00252098 0.990065 0.0991863 
138
91
1776.84
0.995954 0.00117701 -0.0898586 -0.0318838 -0.000449217 0.999967 0.00811915 -0.0112993 0.0898652 -0.00804593 0.995921 0.322721 
134
78
1123.88
0.999999 -0.00111498 0.00118768 -0.00346917 0.00111663 0.999998 -0.00139262 -0.0095637 -0.00118613 0.00139395 0.999998 0.490019 
122
83
855.695
0.999996 0.00299493 -4.5747e-05 -0.0150293 -0.00299496 0.999995 -0.000727586 0.0123516 4.35677e-05 0.000727719 1 0.493638 
123
70
839.258
0.999996 0.00299493 -4.5747e-05 -0.0150293 -0.00299496 0.999995 -0.000727586 0.0123516 4.35677e-05 0.000727719 1 0.493638 
121
77
457.63
0.999996 0.00299493 -4.5747e-05 -0.0150293 -0.00299496 0.999995 -0.000727586 0.0123516 4.35677e-05 0.000727719 1 0.493638 
122
82
562.648
1 -0.000139599 -0.000317871 -0.00198824 0.000139622 1 7.23108e-05 -0.00339428 0.000317861 -7.23552e-05 1 0.448788 
113
89
668.362
0.999994 -0.00337726 7.73458e-05 0.011782 0.00337674 0.999976 0.00602071 0.00164744 -9.76775e-05 -0.00602041 0.999982 0.532003 
129
57
498.863
0.999997 -0.000217397 -0.0025391 0.00161486 0.000216427 1 -0.000382319 0.00757603 0.00253919 0.000381769 0.999997 0.482792 
118
76
802.188
0.999997 -0.000217397 -0.0025391 0.00161486 0.000216427 1 -0.000382319 0.00757603 0.00253919 0.000381769 0.999997 0.482792 
117
71
464.887
0.999997 -0.000217397 -0.0025391 0.00161486 0.000216427 1 -0.000382319 0.00757603 0.00253919 0.000381769 0.999997 0.482792 
117
88
744.219
1 -0.000267053 -0.000923369 0.00219985 0.000268302 0.999999 0.00135261 -0.00463989 0.000923007 -0.00135286 0.999999 0.470732 
114
75
498.054
0.999985 0.00109026 0.00530863 -0.00446867 -0.00109425 0.999999 0.000747676 0.00295449 -0.00530781 -0.000753474 0.999986 0.502954 
114
66
751.907
1 0.000428082 0.000616791 -0.00981236 -0.000428339 1 0.000415331 -0.0169882 -0.000616613 -0.000415595 1 0.469313 
124
80
529.425
0.999979 0.00289072 0.00575507 0.00269021 -0.00284909 0.99997 -0.0072288 -0.00893236 -0.00577579 0.00721226 0.999957 0.405534 
137
70
411.517
0.999979 0.00289072 0.00575507 0.00269021 -0.00284909 0.99997 -0.0072288 -0.00893236 -0.00577579 0.00721226 0.999957 0.405534 
116
78
495.682
0.999992 -0.00147486 0.00367397 -0.0169089 0.00144892 0.999974 0.00705452 -0.0272105 -0.00368428 -0.00704915 0.999968 0.478758 
124
61
770.503
1 0.000509493 0.000290082 -0.014322 -0.000509633 1 0.000482958 0.00854923 -0.000289836 -0.000483106 1 0.540113 
127
70
586.865
0.999999 -0.00071003 -0.00150014 0.00421976 0.00070847 0.999999 -0.00104049 -0.00515147 0.00150088 0.00103942 0.999998 0.494916 
119
84
734.557
0.999998 0.000527116 0.00169598 -0.00283904 -0.000526808 1 -0.000182194 0.00374465 -0.00169608 0.000181301 0.999999 0.492474 
127
84
787.829
0.999999 0.00027592 0.00146993 0.00332378 -0.00027641 1 0.000333318 0.00602266 -0.00146984 -0.000333724 0.999999 0.489691 
116
78
726.962
0.999995 -0.000706099 -0.00321109 0.0138078 0.000708571 0.999999 0.000769016 0.00540276 0.00321055 -0.000771287 0.999995 0.533084 
121
66
433.019
1 0.000508696 0.000790862 -0.0032792 -0.000508782 1 0.000107682 -0.0064675 -0.000790807 -0.000108084 1 0.483523 
117
83
354.148
0.999999 -0.00105455 -0.00121553 -0.00571744 0.00105198 0.999997 -0.00211379 -0.000263919 0.00121776 0.00211251 0.999997 0.493488 
123
80
797.867
0.999999 -0.00105455 -0.00121553 -0.00571744 0.00105198 0.999997 -0.00211379 -0.000263919 0.00121776 0.00211251 0.999997 0.493488 
126
98
787.846
0.999998 -0.000648429 -0.00162746 -0.00175534 0.000648462 1 2.02577e-05 0.00679225 0.00162745 -2.1313e-05 0.999999 0.454797 
132
61
890.538
0.999994 0.00139146 0.00325365 -0.00525811 -0.0013989 0.999996 0.0022846 -0.00299046 -0.00325046 -0.00228914 0.999992 0.486647 
114
70
520.321
0.999994 0.00139146 0.00325365 -0.00525811 -0.0013989 0.999996 0.0022846 -0.00299046 -0.00325046 -0.00228914 0.999992 0.486647 
119
77
636.704
0.999994 0.00139146 0.00325365 -0.00525811 -0.0013989 0.999996 0.0022846 -0.00299046 -0.00325046 -0.00228914 0.999992 0.486647 
120
77
401.169
0.999992 -0.00166362 -0.00373322 0.00397614 0.0016641 0.999999 0.00012435 -0.00353778 0.00373301 -0.000130562 0.999993 0.465601 
129
76
646.376
0.999989 0.00150907 0.00445506 -0.00644751 -0.00150763 0.999999 -0.000326657 -0.00318986 -0.00445555 0.000319936 0.99999 0.529187 
112
63
525.164
1 -0.000381245 -0.000341043 0.00311642 0.000381207 1 -0.00011187 -0.00509351 0.000341086 0.00011174 1 0.484034 
138
95
1041.61
1 -0.000381245 -0.000341043 0.00311642 0.000381207 1 -0.00011187 -0.00509351 0.000341086 0.00011174 1 0.484034 
119
74
334.694
0.999998 0.000846074 0.00196175 -0.0139352 -0.000846673 1 0.000304193 -0.00643083 -0.0019615 -0.000305853 0.999998 0.478918 
130
83
853.943
0.999999 -0.00111042 -0.00105798 0.000860628 0.00111699 0.99998 0.00622829 -0.0110831 0.00105104 -0.00622946 0.99998 0.490591 
128
62
507.675
0.999999 -0.00152169 0.000186438 -0.00205939 0.001522 0.999997 -0.00167404 0.0121944 -0.00018389 0.00167432 0.999999 0.462801 
116
66
513.952
0.999999 -0.00152169 0.000186438 -0.00205939 0.001522 0.999997 -0.00167404 0.0121944 -0.00018389 0.00167432 0.999999 0.462801 
111
74
439.15
0.999999 -0.00152169 0.000186438 -0.00205939 0.001522 0.999997 -0.00167404 0.0121944 -0.00018389 0.00167432 0.999999 0.462801 
119
72
330.471
0.999999 -0.00152169 0.000186438 -0.00205939 0.001522 0.999997 -0.00167404 0.0121944 -0.00018389 0.00167432 0.999999 0.462801 
115
70
377.308
0.999991 0.0021332 0.00376599 -0.00830568 -0.00213164 0.999998 -0.000416723 -0.0038634 -0.00376687 0.000408691 0.999993 0.454703 
116
68
572.63
1 -0.000256473 -0.000505818 0.000457862 0.000256461 1 -2.40863e-05 -0.00950586 0.000505824 2.39566e-05 1 0.483554 
135
89
872.09
1 -0.000256473 -0.000505818 0.000457862 0.000256461 1 -2.40863e-05 -0.00950586 0.000505824 2.39566e-05 1 0.483554 
131
77
302.927
1 -0.000256473 -0.000505818 0.000457862 0.000256461 1 -2.40863e-05 -0.00950586 0.000505824 2.39566e-05 1 0.483554 
120
78
360.08
0.999988 0.00141517 0.00474649 -0.0137797 -0.00141412 0.999999 -0.00022445 0.00653008 -0.00474681 0.000217735 0.999989 0.504086 
120
67
564.135
0.99998 0.00211122 0.00590104 -0.00428346 -0.00211666 0.999997 0.000915504 -0.00624828 -0.00589909 -0.000927977 0.999982 0.462973 
123
67
702.472
1 -7.74039e-05 -0.000603342 0.00108485 7.67937e-05 0.999999 -0.00101131 -0.00710066 0.00060342 0.00101127 0.999999 0.489935 
140
95
957.026
0.999996 -0.00147788 -0.00258747 -0.0025411 0.00147444 0.999998 -0.00132888 -0.0016667 0.00258943 0.00132506 0.999996 0.489797 
129
83
824.708
0.999988 0.00136533 0.00462217 0.00867859 -0.00136713 0.999999 0.000388009 -0.000964112 -0.00462164 -0.000394324 0.999989 0.522219 
121
70
304.667
0.999998 -0.00184245 -0.000571994 0.00278921 0.00184645 0.999973 0.00706449 -0.00358435 0.000558962 -0.00706554 0.999975 0.504073 
134
75
878.333
0.999998 -0.00184245 -0.000571994 0.00278921 0.00184645 0.999973 0.00706449 -0.00358435 0.000558962 -0.00706554 0.999975 0.504073 
135
74
525.22
0.999998 -0.00184245 -0.000571994 0.00278921 0.00184645 0.999973 0.00706449 -0.00358435 0.000558962 -0.00706554 0.999975 0.504073 
125
67
518.674
0.999985 0.00184842 0.00521535 -0.00518423 -0.00184811 0.999998 -6.36694e-05 0.0028176 -0.00521546 5.40299e-05 0.999986 0.494195 
124
80
488.922
0.999996 0.0014163 0.00235902 -0.021528 -0.00140919 0.999994 -0.00301544 0.0260659 -0.00236327 0.0030121 0.999993 0.483952 
124
63
384.169
0.999988 0.00039417 0.00493806 -0.0484167 -0.000399144 0.999999 0.0010065 -0.0114817 -0.00493766 -0.00100845 0.999987 0.498568 
129
54
241.282
1 0.000114514 -0.000272038 -0.00486018 -0.000114796 0.999999 -0.00103782 -0.00372597 0.000271919 0.00103785 0.999999 0.518224 
128
83
976.633
0.999989 0.00147687 0.00452817 -0.00738392 -0.00146779 0.999997 -0.00200729 -0.00165167 -0.00453112 0.00200062 0.999988 0.50548 
128
75
753.949
0.999997 0.000888202 0.00234459 -0.0025047 -0.0008873 1 -0.000385537 0.00531959 -0.00234493 0.000383455 0.999997 0.494386 
117
79
524.241
0.999995 -0.00042031 -0.00299958 -0.00187775 0.000420765 1 0.00015103 0.0048083 0.00299951 -0.000152291 0.999995 0.451767 
130
81
821.18
0.999999 0.000305932 0.00112686 0.00113836 -0.00030568 1 -0.00022361 -0.00566368 -0.00112693 0.000223265 0.999999 0.499373 
110
70
468.883
0.999999 0.000305932 0.00112686 0.00113836 -0.00030568 1 -0.00022361 -0.00566368 -0.00112693 0.000223265 0.999999 0.499373 
118
78
392.979
1 -0.000187189 0.000747302 -0.0249595 0.000188034 0.999999 -0.0011315 -0.0351413 -0.00074709 0.00113164 0.999999 0.454654 
119
55
322.922
1 -0.000605875 -0.000753019 0.00112225 0.000604985 0.999999 -0.00118132 0.0044915 0.000753734 0.00118086 0.999999 0.515218 
118
73
645.523
0.999998 -0.00168164 -0.00081052 0.00227563 0.00168673 0.999979 0.00632711 -0.00532349 0.000799863 -0.00632847 0.99998 0.502 
124
70
716.841
0.999998 -0.00168164 -0.00081052 0.00227563 0.00168673 0.999979 0.00632711 -0.00532349 0.000799863 -0.00632847 0.99998 0.502 
124
67
378.108
0.999937 -0.00519218 -0.0099656 0.0204493 0.00518939 0.999986 -0.000305578 -0.0172892 0.00996706 0.000253843 0.99995 0.503113 
134
56
581.738
0.999937 -0.00519218 -0.0099656 0.0204493 0.00518939 0.999986 -0.000305578 -0.0172892 0.00996706 0.000253843 0.99995 0.503113 
118
75
298.059
0.999995 -0.00146938 -0.00271987 0.00500443 0.00148868 0.999974 0.00710737 -0.0089552 0.00270936 -0.00711138 0.999971 0.49056 
120
52
462.14
0.999971 0.00143459 0.00753714 -0.0410868 -0.00143229 0.999999 -0.000310761 -0.034762 -0.00753757 0.000299956 0.999972 0.482894 
115
67
399.999
0.999994 -0.00167534 -0.00300051 0.00396304 0.00167857 0.999998 0.00107358 -0.00439434 0.0029987 -0.00107861 0.999995 0.5056 
119
71
706.031
0.999994 -0.00167534 -0.00300051 0.00396304 0.00167857 0.999998 0.00107358 -0.00439434 0.0029987 -0.00107861 0.999995 0.5056 
113
63
482.966
1 -0.000116701 0.00032098 0.011912 0.000116414 1 0.000895824 -0.012828 -0.000321084 -0.000895787 1 0.454182 
113
65
338.896
0.999988 -0.00423185 -0.0023052 0.00489034 0.00423369 0.999991 0.000793482 0.0172589 0.00230182 -0.000803232 0.999997 0.543701 
102
56
461.382
0.999999 -0.000577691 -0.000897986 -0.00368518 0.000577029 1 -0.000737471 -0.00180403 0.000898411 0.000736952 0.999999 0.429547 
131
76
782.204
0.999997 0.00191155 0.00175824 -0.00310538 -0.00189755 0.999967 -0.00792544 -0.00214354 -0.00177333 0.00792208 0.999967 0.487697 
125
77
789.674
0.999999 -0.000740549 -0.001296 -0.00142385 0.000739741 1 -0.00062405 -0.00303131 0.00129646 0.000623091 0.999999 0.436777 
128
70
644.326
0.999882 -0.00362731 -0.014894 0.0408163 0.00359358 0.999991 -0.0022908 -0.00511324 0.0149022 0.00223701 0.999886 0.433413 
119
53
607.48
0.999984 -0.00151262 -0.00545413 -0.000917644 0.00151677 0.999999 0.000757882 -0.00799703 0.00545297 -0.000766143 0.999985 0.502645 
110
73
530.356
0.999992 0.00096174 0.00385343 -0.00463889 -0.000960229 0.999999 -0.000394082 -0.00150691 -0.00385381 0.000390379 0.999992 0.502453 
124
66
583.937
0.999999 -0.00137624 -0.000577523 0.00367435 0.00137744 0.999997 0.00207675 -0.00488824 0.000574663 -0.00207754 0.999998 0.494183 
114
70
609.844
0.999994 0.000729016 0.00323615 0.00334112 -0.000731886 0.999999 0.000885637 -0.00216896 -0.0032355 -0.000888 0.999994 0.481875 
123
71
696.233
0.999998 0.00192328 0.000726757 -0.00456035 -0.00192392 0.999998 0.000882475 -0.00870984 -0.000725058 -0.000883871 0.999999 0.483376 
130
78
815.546
0.999998 0.00192328 0.000726757 -0.00456035 -0.00192392 0.999998 0.000882475 -0.00870984 -0.000725058 -0.000883871 0.999999 0.483376 
123
71
630.455
0.999998 0.00192328 0.000726757 -0.00456035 -0.00192392 0.999998 0.000882475 -0.00870984 -0.000725058 -0.000883871 0.999999 0.483376 
108
70
765.654
0.999998 0.00192328 0.000726757 -0.00456035 -0.00192392 0.999998 0.000882475 -0.00870984 -0.000725058 -0.000883871 0.999999 0.483376 
117
80
471.185
0.999995 0.00284435 0.00114571 -0.00851687 -0.00284682 0.999994 0.00216497 -0.00834784 -0.00113954 -0.00216822 0.999997 0.469862 
135
59
815.586
0.999989 -0.00130501 -0.00439751 -0.00900185 0.0013033 0.999999 -0.00039093 -0.016091 0.00439802 0.000385195 0.99999 0.467432 
138
52
623.967
0.999926 -0.00299601 -0.0118023 0.0237896 0.0029953 0.999996 -7.85852e-05 -0.0278498 0.0118025 4.32279e-05 0.99993 0.508099 
127
66
526.22
0.999992 -0.00277336 0.00294827 -0.0255194 0.00277857 0.999995 -0.00176547 -0.0139197 -0.00294336 0.00177364 0.999994 0.489973 
110
67
295.927
0.999978 -0.00157309 -0.00644889 0.00247342 0.00156864 0.999999 -0.000694866 -0.0102942 0.00644997 0.000684735 0.999979 0.464409 
133
80
913.351
0.999999 8.83279e-05 -0.00119753 0.000432149 -8.54108e-05 0.999997 0.00243576 -0.0115287 0.00119775 -0.00243565 0.999996 0.484478 
123
69
846.61
0.999989 1.27769e-05 -0.00472126 0.00349547 -6.70013e-06 0.999999 0.00128712 -0.0117068 0.00472127 -0.00128707 0.999988 0.479139 
128
81
812.345
0.999898 -0.00998298 -0.0102563 0.0177568 0.00993203 0.999938 -0.00500622 0.0118564 0.0103056 0.00490384 0.999935 0.48275 
114
59
639.546
0.999898 -0.00998298 -0.0102563 0.0177568 0.00993203 0.999938 -0.00500622 0.0118564 0.0103056 0.00490384 0.999935 0.48275 
112
65
506.101
0.999993 0.000627086 -0.00367738 -0.00147929 -0.000621054 0.999998 0.00164131 -0.000335972 0.00367841 -0.00163902 0.999992 0.480157 
125
73
1092.4
0.999997 8.42634e-05 0.00241729 -0.00077048 -8.33086e-05 1 -0.000395062 -0.000436886 -0.00241733 0.000394859 0.999997 0.490379 
116
63
421.946
0.999996 -0.00214271 -0.00195377 0.00206613 0.00214185 0.999998 -0.000442479 0.00450141 0.00195472 0.000438293 0.999998 0.515896 
108
64
812.717
0.999977 -0.0024399 0.00626666 0.0564759 0.00245237 0.999995 -0.0019831 -0.0378726 -0.00626179 0.00199842 0.999978 0.3945 
116
56
516.353
0.999999 -0.00102006 -0.000248511 0.00606839 0.00101973 0.999999 -0.001333 0.00438881 0.00024987 0.00133275 0.999999 0.451962 
125
79
890.381
0.999999 -0.00116231 -0.00109172 0.000927033 0.00116262 0.999999 0.000280503 0.00246422 0.00109139 -0.000281772 0.999999 0.481598 
116
69
872.071
1 -0.000660914 0.000557521 0.000220395 0.000660975 1 -0.000108935 -0.00541083 -0.000557449 0.000109303 1 0.485901 
121
77
861.876
0.999985 0.000381179 0.00546008 -0.0114131 -0.000374409 0.999999 -0.00124071 0.00901393 -0.00546055 0.00123865 0.999984 0.495356 
131
60
828.645
0.999985 0.000381179 0.00546008 -0.0114131 -0.000374409 0.999999 -0.00124071 0.00901393 -0.00546055 0.00123865 0.999984 0.495356 
106
72
427.691
0.999987 -0.00456831 0.00228835 0.00518786 0.00457192 0.999988 -0.0015774 0.0249973 -0.00228111 0.00158784 0.999996 0.501 
106
59
576.556
0.999981 -0.00238562 -0.00569204 0.00648331 0.00239747 0.999995 0.00207625 0.0030073 0.00568706 -0.00208985 0.999982 0.492845 
113
65
613.821
0.999981 -0.00238562 -0.00569204 0.00648331 0.00239747 0.999995 0.00207625 0.0030073 0.00568706 -0.00208985 0.999982 0.492845 
115
71
620.584
0.999974 -0.0051059 -0.00509076 0.0190811 0.00509593 0.999985 -0.00196961 0.000821108 0.00510074 0.00194361 0.999985 0.511132 
127
58
809.607
0.999974 -0.0051059 -0.00509076 0.0190811 0.00509593 0.999985 -0.00196961 0.000821108 0.00510074 0.00194361 0.999985 0.511132 
122
64
834.639
0.999995 -0.00102427 0.00288811 -0.0246587 0.00100237 0.999971 0.00757365 -0.0261482 -0.00289578 -0.00757072 0.999967 0.468879 
112
50
453.127
0.999995 -0.00102427 0.00288811 -0.0246587 0.00100237 0.999971 0.00757365 -0.0261482 -0.00289578 -0.00757072 0.999967 0.468879 
130
65
530.886
0.999989 0.00107783 -0.00463016 -0.00061578 -0.00109815 0.99999 -0.00438824 -0.0259034 0.00462539 0.00439327 0.99998 0.46774 
126
45
714.551
0.999991 -0.00406464 -0.000745935 0.00683792 0.00406151 0.999983 -0.00415853 0.0171901 0.000762825 0.00415546 0.999991 0.498054 
117
74
678.786
0.999997 0.00107944 0.00205744 -0.00862722 -0.00108146 0.999999 0.000982184 -0.00481582 -0.00205638 -0.000984407 0.999997 0.49473 
107
66
551.634
1 -0.000486318 -0.000678434 0.000962367 0.000486064 1 -0.000374774 0.00140494 0.000678616 0.000374444 1 0.482699 
120
61
799.626
0.999999 -0.00118829 5.48884e-05 0.00608972 0.00118832 0.999999 -0.000492813 0.00597385 -5.43027e-05 0.000492878 1 0.496811 
134
72
894.958
0.999977 0.00343829 0.005775 -0.00273537 -0.00343999 0.999994 0.000284712 -0.0149348 -0.00577398 -0.000304571 0.999983 0.491509 
118
64
910.971
0.999977 0.00343829 0.005775 -0.00273537 -0.00343999 0.999994 0.000284712 -0.0149348 -0.00577398 -0.000304571 0.999983 0.491509 
108
70
555.808
0.999874 0.00469433 -0.0151527 0.1611 -0.00466854 0.999988 0.00173733 -0.0148651 0.0151606 -0.00166637 0.999884 0.0799863 
121
48
508.867
1 0.000481944 0.000600821 -0.00423013 -0.000482174 1 0.000383348 -0.00539889 -0.000600636 -0.000383638 1 0.50105 
119
80
799.319
0.999999 -0.00130705 -0.000755103 0.00398886 0.00130485 0.999995 -0.00290441 0.00093459 0.000758895 0.00290342 0.999995 0.483824 
110
77
658.421
1 0.00077852 0.000258919 -0.00179748 -0.000778761 0.999999 0.000929318 -0.00848929 -0.000258195 -0.000929519 1 0.476374 
111
68
543.322
1 0.000538188 0.000829286 -0.000837315 -0.000539025 0.999999 0.00100961 -0.005036 -0.000828742 -0.00101006 0.999999 0.484067 
108
58
634.201
1 0.000211308 -6.75781e-05 0.00361033 -0.000211228 0.999999 0.00118639 -0.0027485 6.78287e-05 -0.00118638 0.999999 0.488802 
116
56
832.695
0.999988 0.00116508 0.00476527 -0.0271581 -0.0011546 0.999997 -0.00220163 0.0252839 -0.00476782 0.0021961 0.999986 0.495577 
116
62
579.61
0.999973 0.000837311 0.00729289 -0.00702519 -0.000769141 0.999956 -0.00934527 0.0202844 -0.0073004 0.00933941 0.99993 0.485852 
113
58
938.682
0.999999 -0.000388418 -0.00102456 -0.000173551 0.000388636 1 0.000212961 -0.00426902 0.00102448 -0.000213359 0.999999 0.498756 
106
72
709.601
0.999985 0.00100175 -0.00537503 -0.0050998 -0.000964193 0.999975 0.00698567 -0.00669462 0.00538189 -0.00698038 0.999961 0.489332 
105
53
333.911
0.999998 0.00178613 -0.00107493 -0.00930536 -0.00178355 0.999996 0.00239652 -0.00895731 0.00107921 -0.0023946 0.999997 0.41479 
111
57
353.87
0.99999 0.000866049 0.00433963 -0.0109823 -0.00085832 0.999998 -0.00178255 -0.00353032 -0.00434117 0.00177881 0.999989 0.471332 
121
62
645.69
0.999984 -0.00500112 -0.00275997 0.0109471 0.00498464 0.99997 -0.00594309 0.0116494 0.00278961 0.00592923 0.999979 0.465924 
108
65
495.502
1 -0.000198471 -0.000208348 -0.0115554 0.000198473 1 9.88833e-06 0.00296778 0.000208346 -9.92968e-06 1 0.48794 
116
66
614.377
0.999958 -0.00692579 -0.00591927 0.0107425 0.006947 0.999969 0.00357132 0.0231031 0.00589436 -0.00361229 0.999976 0.508 
110
52
661.835
0.999995 -0.00081104 -0.00296196 0.00304016 0.000814268 0.999999 0.00108896 -0.00453735 0.00296107 -0.00109137 0.999995 0.50009 
117
76
670.821
0.999997 -0.00240816 -0.000568544 -0.000803852 0.00240655 0.999993 -0.00282575 0.00726495 0.000575345 0.00282437 0.999996 0.494672 
104
62
869.881
0.999996 0.00265433 0.00111096 -0.00807153 -0.00265559 0.999996 0.00113665 -0.00922763 -0.00110794 -0.0011396 0.999999 0.482086 
103
73
682.907
0.999981 -0.000184425 -0.00611494 0.0136397 0.0001971 0.999998 0.00207231 -0.0337938 0.00611455 -0.00207348 0.999979 0.548996 
98
54
428.585
0.999999 0.000943202 0.00119899 -0.00607926 -0.000943591 1 0.000323881 -0.000369274 -0.00119869 -0.000325012 0.999999 0.495059 
113
66
715.203
0.999995 0.000176036 0.00319291 -0.00188867 -0.00016985 0.999998 -0.00193746 -6.17781e-07 -0.00319325 0.00193691 0.999993 0.492787 
115
80
964.436
0.999997 -0.000793857 0.00233242 -0.00103656 0.000798112 0.999998 -0.001824 0.00258491 -0.00233096 0.00182586 0.999996 0.499226 
113
71
852.875
0.99997 -0.00329503 -0.00706742 0.00940939 0.00328604 0.999994 -0.00128332 0.00403314 0.00707161 0.00126006 0.999974 0.512927 
101
60
527.569
0.999942 0.00351617 0.0101862 -0.055151 -0.00351192 0.999994 -0.000435412 -0.0151012 -0.0101877 0.000399613 0.999948 0.4772 
104
53
631.905
0.999942 0.00351617 0.0101862 -0.055151 -0.00351192 0.999994 -0.000435412 -0.0151012 -0.0101877 0.000399613 0.999948 0.4772 
99
77
480.185
0.999996 0.00103592 0.00278435 -0.00148037 -0.00103481 0.999999 -0.000400335 -0.00519493 -0.00278476 0.000397452 0.999996 0.491375 
94
52
437.132
0.999998 -0.000226289 -0.00207213 -0.00042677 0.000225937 1 -0.000170434 -0.000950688 0.00207217 0.000169965 0.999998 0.496793 
117
75
684.058
0.999993 0.0033734 0.00176165 -0.0140328 -0.00337962 0.999988 0.00353909 -0.0106695 -0.00174969 -0.00354502 0.999992 0.489904 
106
64
831.718
0.999993 -0.00245124 -0.00287525 0.0653386 0.00244333 0.999993 -0.00275263 0.0539108 0.00288198 0.00274558 0.999992 0.587253 
112
50
345.576
0.999973 -0.00296548 -0.00678148 0.021677 0.00295602 0.999995 -0.00140485 -0.0169216 0.00678561 0.00138477 0.999976 0.484836 
113
69
980.068
0.999992 -0.00345137 -0.00217728 0.0133222 0.00344234 0.999986 -0.00413949 0.0226267 0.00219154 0.00413196 0.999989 0.493743 
115
52
522.86
0.999998 0.00104462 0.00188055 -0.00170019 -0.00104624 0.999999 0.000860099 -0.00415512 -0.00187965 -0.000862064 0.999998 0.48903 
106
74
748.386
0.999975 0.00552699 0.00448609 -0.0186467 -0.00556819 0.999942 0.00922437 -0.0332908 -0.00443485 -0.00924912 0.999947 0.489777 
107
54
753.69
0.999975 0.00552699 0.00448609 -0.0186467 -0.00556819 0.999942 0.00922437 -0.0332908 -0.00443485 -0.00924912 0.999947 0.489777 
101
68
401.907
1 -0.000107477 -0.000175846 0.00153731 0.000107571 1 0.000533776 -0.00798599 0.000175789 -0.000533795 1 0.496782 
97
55
462.691
1 -0.000660584 -0.000400665 -0.00228733 0.000659752 0.999998 -0.00207282 0.00122513 0.000402034 0.00207255 0.999998 0.49546 
119
84
1064.95
1 -0.000312663 0.000109795 -0.000441826 0.000312699 1 -0.000328669 0.00996267 -0.000109692 0.000328703 1 0.501029 
101
56
723.419
0.999999 -0.000690701 -0.0011444 -0.000964453 0.000689675 0.999999 -0.000896819 -0.00170841 0.00114502 0.000896029 0.999999 0.482571 
108
60
980.78
0.999999 0.000457172 -0.00148275 0.0030936 -0.000457322 1 -0.000100475 -0.0130491 0.0014827 0.000101153 0.999999 0.522036 
99
56
478.613
0.999999 -8.73049e-05 0.00131226 -0.00605338 9.16341e-05 0.999995 -0.00329936 -0.0036657 -0.00131197 0.00329947 0.999994 0.496486 
111
67
978.039
0.999998 0.000398125 0.00201735 -0.00918335 -0.000398036 1 -4.44304e-05 -0.00599587 -0.00201737 4.36273e-05 0.999998 0.453003 
112
64
369.554
