0.999999 0.00117495 0.000723781 -0.000225344 -0.00117449 0.999999 -0.000644859 0.124879 -0.000724538 0.000644008 1 0.19453 
126
84
408.066
0.999999 0.00117495 0.000723781 -0.000225344 -0.00117449 0.999999 -0.000644859 0.124879 -0.000724538 0.000644008 1 0.19453 
107
73
128.687
1 0.000136728 -4.52429e-05 -0.00256347 -0.000136767 1 -0.000857866 -0.00167098 4.51256e-05 0.000857872 1 0.656048 
115
87
557.548
0.999999 -4.37296e-05 -0.00101883 -0.0121069 4.37549e-05 1 2.47651e-05 -0.0124797 0.00101883 -2.48097e-05 0.999999 0.597265 
118
80
264.115
0.999999 -4.37296e-05 -0.00101883 -0.0121069 4.37549e-05 1 2.47651e-05 -0.0124797 0.00101883 -2.48097e-05 0.999999 0.597265 
114
79
125.599
0.999999 -0.000238971 -0.00120585 -8.1502e-05 0.0002407 0.999999 0.00143369 0.00347476 0.00120551 -0.00143398 0.999998 0.636998 
97
79
376.829
0.999999 -0.000238971 -0.00120585 -8.1502e-05 0.0002407 0.999999 0.00143369 0.00347476 0.00120551 -0.00143398 0.999998 0.636998 
101
69
93.5031
1 -0.000109652 -3.92276e-05 -0.00236711 0.00010966 1 0.000206919 -0.00647228 3.92049e-05 -0.000206923 1 0.655701 
109
79
436.398
1 -5.51083e-05 -0.000336254 -0.00107118 5.50839e-05 1 -7.27683e-05 0.000493218 0.000336258 7.27498e-05 1 0.651242 
108
75
561.084
1 -1.01931e-06 -6.37866e-05 -0.00454473 1.02173e-06 1 3.79213e-05 0.000630041 6.37866e-05 -3.79214e-05 1 0.659083 
103
71
254.201
1 8.95579e-05 0.000481171 -0.00339177 -8.91915e-05 1 -0.000761521 0.000377081 -0.000481239 0.000761478 1 0.651131 
110
72
203.195
1 -3.0172e-05 -0.000207807 -0.0103032 3.01847e-05 1 6.09261e-05 -0.00958427 0.000207805 -6.09324e-05 1 0.646315 
112
70
566.598
1 -6.3231e-05 0.00024008 -0.00132092 6.32489e-05 1 -7.45167e-05 -0.00598654 -0.000240075 7.45319e-05 1 0.66749 
117
72
181.02
1 -6.3231e-05 0.00024008 -0.00132092 6.32489e-05 1 -7.45167e-05 -0.00598654 -0.000240075 7.45319e-05 1 0.66749 
100
69
261.5
0.999999 0.000624676 0.000984368 -0.00479548 -0.000623677 0.999999 -0.00101515 0.00612729 -0.000985002 0.00101454 0.999999 0.658887 
121
70
367.791
0.999996 -0.000452524 -0.00282915 -0.0131506 0.000456448 0.999999 0.00138638 -0.014352 0.00282852 -0.00138766 0.999995 0.697884 
122
68
359.18
1 0.00012443 -3.60705e-05 0.00828724 -0.00012443 1 -2.14552e-05 -0.0102406 3.60678e-05 2.14596e-05 1 0.704081 
114
72
346.501
1 1.36333e-05 0.000161675 -0.00245051 -1.36658e-05 1 0.000201024 -0.00428762 -0.000161672 -0.000201026 1 0.663217 
113
80
448.348
0.999999 0.000411988 0.00124135 -0.0091125 -0.00041185 1 -0.000110873 0.00142987 -0.0012414 0.000110362 0.999999 0.671406 
126
76
783.771
0.999997 0.000227431 -0.00262528 0.00389913 -0.000226583 1 0.000323356 0.012061 0.00262535 -0.00032276 0.999997 0.702794 
124
69
1087.66
1 -0.000234299 0.000326491 0.00377666 0.000234111 1 0.000574337 -0.00341646 -0.000326625 -0.000574261 1 0.66668 
119
75
814.698
1 2.84805e-05 0.000913073 -0.0079762 -2.83132e-05 1 -0.000183231 -0.00974486 -0.000913079 0.000183205 1 0.68625 
121
80
866.062
0.999999 -0.000392893 -0.00132599 -0.00133205 0.000395195 0.999998 0.00173634 -0.00543161 0.0013253 -0.00173686 0.999998 0.665983 
116
78
591.804
0.999999 7.44023e-05 0.00157448 -0.00657779 -7.26942e-05 0.999999 -0.00108489 -0.00392202 -0.00157456 0.00108477 0.999998 0.653908 
104
78
280.897
1 -0.000125699 -0.000289077 -0.000219469 0.00012578 1 0.000281187 -0.0140394 0.000289042 -0.000281224 1 0.650798 
108
71
702.657
1 -5.50694e-05 -0.000396879 -0.00408969 5.53075e-05 1 0.000600062 0.00674649 0.000396846 -0.000600084 1 0.637164 
114
65
437.588
0.999997 0.000121778 0.00237214 0.00186004 -0.000121775 1 -1.3918e-06 -0.00672728 -0.00237214 1.10293e-06 0.999997 0.655986 
106
67
383.372
1 -2.0547e-05 9.50421e-05 -0.00382352 2.05128e-05 1 0.000360054 -0.00402787 -9.50495e-05 -0.000360052 1 0.661709 
105
69
134.227
1 -0.000623141 -0.000139668 -0.00927985 0.000623125 1 -0.000116792 0.00464149 0.000139741 0.000116705 1 0.393529 
122
69
418.469
1 0.00037461 2.23692e-05 0.00607799 -0.000374614 1 0.000201349 -0.0105178 -2.22938e-05 -0.000201357 1 0.655836 
115
73
404.847
1 0.00037461 2.23692e-05 0.00607799 -0.000374614 1 0.000201349 -0.0105178 -2.22938e-05 -0.000201357 1 0.655836 
89
67
92.3014
1 9.1707e-05 0.00015925 0.00155199 -9.15032e-05 0.999999 -0.00127904 -0.00249751 -0.000159367 0.00127902 0.999999 0.636182 
106
72
211.513
1 9.1707e-05 0.00015925 0.00155199 -9.15032e-05 0.999999 -0.00127904 -0.00249751 -0.000159367 0.00127902 0.999999 0.636182 
98
71
164.822
1 9.1707e-05 0.00015925 0.00155199 -9.15032e-05 0.999999 -0.00127904 -0.00249751 -0.000159367 0.00127902 0.999999 0.636182 
120
70
219.961
1 7.69192e-05 0.000432946 0.00258045 -7.68904e-05 1 -6.65289e-05 0.0013258 -0.000432951 6.64956e-05 1 0.66856 
109
77
420.372
1 -4.6967e-05 -0.000467743 -0.00673695 4.70587e-05 1 0.000195995 0.00592681 0.000467733 -0.000196017 1 0.629529 
108
82
407.58
0.999991 -0.00112676 -0.00400715 -0.00168532 0.0011352 0.999997 0.0021058 -0.00409793 0.00400476 -0.00211034 0.99999 0.646594 
121
66
375.808
1 -0.000217795 0.00037915 0.00671398 0.000217942 1 -0.000385741 0.00359346 -0.000379066 0.000385823 1 0.631362 
105
74
416.4
1 -0.000211575 0.000644602 -0.0104518 0.000211302 1 0.000423678 0.00147695 -0.000644692 -0.000423542 1 0.655775 
108
73
360.587
1 -0.000211575 0.000644602 -0.0104518 0.000211302 1 0.000423678 0.00147695 -0.000644692 -0.000423542 1 0.655775 
100
74
127.794
1 -0.000211575 0.000644602 -0.0104518 0.000211302 1 0.000423678 0.00147695 -0.000644692 -0.000423542 1 0.655775 
102
74
188.019
1 -0.000211575 0.000644602 -0.0104518 0.000211302 1 0.000423678 0.00147695 -0.000644692 -0.000423542 1 0.655775 
108
64
142.339
1 -0.000211575 0.000644602 -0.0104518 0.000211302 1 0.000423678 0.00147695 -0.000644692 -0.000423542 1 0.655775 
98
67
168.084
1 -5.58779e-05 -0.000395571 -0.0154609 5.60569e-05 1 0.000452626 0.0140144 0.000395545 -0.000452649 1 0.610455 
109
74
196.093
1 1.78037e-05 0.000255979 -0.00105801 -1.79112e-05 1 0.000419927 0.00756776 -0.000255972 -0.000419932 1 0.699186 
108
76
184.661
1 1.78037e-05 0.000255979 -0.00105801 -1.79112e-05 1 0.000419927 0.00756776 -0.000255972 -0.000419932 1 0.699186 
104
74
296.283
1 -0.000216138 -0.000301375 -0.00132092 0.000216146 1 2.6989e-05 -2.84935e-05 0.000301369 -2.70541e-05 1 0.651001 
109
75
427.38
1 0.000126537 -0.00071883 0.0154732 -0.00012676 1 -0.000309537 -0.0304477 0.000718791 0.000309628 1 0.575375 
120
81
377.382
1 0.000126537 -0.00071883 0.0154732 -0.00012676 1 -0.000309537 -0.0304477 0.000718791 0.000309628 1 0.575375 
105
69
105.205
0.999999 -0.000162402 -0.00151423 0.00397848 0.000162493 1 5.9989e-05 -0.00838259 0.00151422 -6.0235e-05 0.999999 0.636226 
109
79
377.124
0.999999 -0.000162402 -0.00151423 0.00397848 0.000162493 1 5.9989e-05 -0.00838259 0.00151422 -6.0235e-05 0.999999 0.636226 
98
64
137.062
0.999999 -0.000162402 -0.00151423 0.00397848 0.000162493 1 5.9989e-05 -0.00838259 0.00151422 -6.0235e-05 0.999999 0.636226 
97
65
128.582
1 -0.00019081 -0.000178762 0.0143997 0.000190764 1 -0.000258459 -0.0193261 0.000178811 0.000258425 1 0.664724 
107
74
371.05
1 1.85497e-05 0.000109833 0.00457863 -1.85539e-05 1 3.78801e-05 -0.00974563 -0.000109832 -3.78821e-05 1 0.636288 
116
76
406.085
1 1.85497e-05 0.000109833 0.00457863 -1.85539e-05 1 3.78801e-05 -0.00974563 -0.000109832 -3.78821e-05 1 0.636288 
116
79
256.287
0.999999 -0.000281792 0.0013611 0.00054904 0.000281579 1 0.000156705 -0.00563023 -0.00136114 -0.000156322 0.999999 0.657712 
114
86
345.276
0.999999 -0.000281792 0.0013611 0.00054904 0.000281579 1 0.000156705 -0.00563023 -0.00136114 -0.000156322 0.999999 0.657712 
109
76
113.374
0.999999 -0.000281792 0.0013611 0.00054904 0.000281579 1 0.000156705 -0.00563023 -0.00136114 -0.000156322 0.999999 0.657712 
106
70
133.964
0.999999 -0.000281792 0.0013611 0.00054904 0.000281579 1 0.000156705 -0.00563023 -0.00136114 -0.000156322 0.999999 0.657712 
107
80
417.155
0.983042 -0.00361297 -0.183345 -0.0292954 0.00019504 0.999826 -0.0186567 0.00367335 0.18338 0.0183046 0.982872 0.263691 
132
65
1401.79
0.983042 -0.00361297 -0.183345 -0.0292954 0.00019504 0.999826 -0.0186567 0.00367335 0.18338 0.0183046 0.982872 0.263691 
118
75
142.488
0.983042 -0.00361297 -0.183345 -0.0292954 0.00019504 0.999826 -0.0186567 0.00367335 0.18338 0.0183046 0.982872 0.263691 
109
82
206.337
0.983042 -0.00361297 -0.183345 -0.0292954 0.00019504 0.999826 -0.0186567 0.00367335 0.18338 0.0183046 0.982872 0.263691 
113
72
149.632
1 3.36204e-05 0.000688126 -0.00937719 -3.29632e-05 1 -0.00095509 0.0102212 -0.000688158 0.000955067 0.999999 0.677262 
116
84
424.481
1 3.36204e-05 0.000688126 -0.00937719 -3.29632e-05 1 -0.00095509 0.0102212 -0.000688158 0.000955067 0.999999 0.677262 
114
74
273.912
1 3.36204e-05 0.000688126 -0.00937719 -3.29632e-05 1 -0.00095509 0.0102212 -0.000688158 0.000955067 0.999999 0.677262 
111
71
232.853
1 3.36204e-05 0.000688126 -0.00937719 -3.29632e-05 1 -0.00095509 0.0102212 -0.000688158 0.000955067 0.999999 0.677262 
119
82
273.111
1 -4.02074e-05 -0.000607745 0.000441422 4.00862e-05 1 -0.000199442 -0.00410752 0.000607753 0.000199417 1 0.612699 
128
84
647.865
1 -4.02074e-05 -0.000607745 0.000441422 4.00862e-05 1 -0.000199442 -0.00410752 0.000607753 0.000199417 1 0.612699 
110
78
168.394
1 -4.02074e-05 -0.000607745 0.000441422 4.00862e-05 1 -0.000199442 -0.00410752 0.000607753 0.000199417 1 0.612699 
101
75
154.8
1 -4.02074e-05 -0.000607745 0.000441422 4.00862e-05 1 -0.000199442 -0.00410752 0.000607753 0.000199417 1 0.612699 
113
82
431.156
1 -4.02074e-05 -0.000607745 0.000441422 4.00862e-05 1 -0.000199442 -0.00410752 0.000607753 0.000199417 1 0.612699 
112
89
372.645
1 -4.02074e-05 -0.000607745 0.000441422 4.00862e-05 1 -0.000199442 -0.00410752 0.000607753 0.000199417 1 0.612699 
120
75
302.314
1 -4.02074e-05 -0.000607745 0.000441422 4.00862e-05 1 -0.000199442 -0.00410752 0.000607753 0.000199417 1 0.612699 
103
69
172.413
1 -4.02074e-05 -0.000607745 0.000441422 4.00862e-05 1 -0.000199442 -0.00410752 0.000607753 0.000199417 1 0.612699 
112
79
265.32
1 -4.02074e-05 -0.000607745 0.000441422 4.00862e-05 1 -0.000199442 -0.00410752 0.000607753 0.000199417 1 0.612699 
110
76
598.422
1 -4.02074e-05 -0.000607745 0.000441422 4.00862e-05 1 -0.000199442 -0.00410752 0.000607753 0.000199417 1 0.612699 
116
77
584.675
1 -0.000117734 -0.000261976 0.0246684 0.000117756 1 8.676e-05 -0.0304885 0.000261966 -8.67908e-05 1 0.533084 
116
75
326.998
1 -0.000117734 -0.000261976 0.0246684 0.000117756 1 8.676e-05 -0.0304885 0.000261966 -8.67908e-05 1 0.533084 
108
77
229.104
1 0.000289713 0.00082835 -0.00733218 -0.000289057 1 -0.000791326 -0.000564956 -0.000828579 0.000791086 0.999999 0.700155 
122
89
292.995
1 -0.0001577 -0.00038124 -0.0026728 0.000157756 1 0.000146964 -0.00253415 0.000381217 -0.000147025 1 0.575567 
114
80
398.436
1 -0.0001577 -0.00038124 -0.0026728 0.000157756 1 0.000146964 -0.00253415 0.000381217 -0.000147025 1 0.575567 
109
74
77.7243
1 -0.0001577 -0.00038124 -0.0026728 0.000157756 1 0.000146964 -0.00253415 0.000381217 -0.000147025 1 0.575567 
109
74
174.718
1 -0.0001577 -0.00038124 -0.0026728 0.000157756 1 0.000146964 -0.00253415 0.000381217 -0.000147025 1 0.575567 
113
74
189.335
1 -0.0001577 -0.00038124 -0.0026728 0.000157756 1 0.000146964 -0.00253415 0.000381217 -0.000147025 1 0.575567 
116
80
542.535
0.999998 -0.000562809 -0.00215512 -0.00139585 0.000565956 0.999999 0.00146021 -0.00817714 0.0021543 -0.00146143 0.999997 0.692768 
116
80
500.523
0.999998 -0.000562809 -0.00215512 -0.00139585 0.000565956 0.999999 0.00146021 -0.00817714 0.0021543 -0.00146143 0.999997 0.692768 
119
66
646.705
0.999997 -0.000388119 -0.00253609 -0.000852958 0.000390043 1 0.000758122 0.00187323 0.00253579 -0.000759109 0.999996 0.654109 
122
79
913.164
0.999997 -0.000388119 -0.00253609 -0.000852958 0.000390043 1 0.000758122 0.00187323 0.00253579 -0.000759109 0.999996 0.654109 
123
83
561.788
0.999997 -0.000388119 -0.00253609 -0.000852958 0.000390043 1 0.000758122 0.00187323 0.00253579 -0.000759109 0.999996 0.654109 
97
76
92.9573
1 -6.84698e-05 -0.000329499 0.00227389 6.85127e-05 1 0.000130059 -0.008358 0.00032949 -0.000130082 1 1.12295 
119
78
461.716
1 -6.84698e-05 -0.000329499 0.00227389 6.85127e-05 1 0.000130059 -0.008358 0.00032949 -0.000130082 1 1.12295 
107
77
319.903
1 -6.84698e-05 -0.000329499 0.00227389 6.85127e-05 1 0.000130059 -0.008358 0.00032949 -0.000130082 1 1.12295 
112
79
169.518
1 -6.84698e-05 -0.000329499 0.00227389 6.85127e-05 1 0.000130059 -0.008358 0.00032949 -0.000130082 1 1.12295 
98
82
83.5532
1 -6.84698e-05 -0.000329499 0.00227389 6.85127e-05 1 0.000130059 -0.008358 0.00032949 -0.000130082 1 1.12295 
113
78
400.449
0.999998 -0.000386768 -0.0019365 -7.35425e-05 0.000386926 1 8.12842e-05 -0.00545135 0.00193647 -8.20334e-05 0.999998 0.641674 
128
84
702.243
1 8.01444e-05 0.00012552 -0.00212139 -8.00219e-05 1 -0.000975156 -0.00246319 -0.000125598 0.000975146 1 0.503922 
123
83
618.148
1 -0.000579719 0.000769758 0.0195429 0.000579591 1 0.000166439 -0.00972085 -0.000769854 -0.000165992 1 0.607021 
111
80
552.006
1 -0.000579719 0.000769758 0.0195429 0.000579591 1 0.000166439 -0.00972085 -0.000769854 -0.000165992 1 0.607021 
105
70
142.16
1 -0.000579719 0.000769758 0.0195429 0.000579591 1 0.000166439 -0.00972085 -0.000769854 -0.000165992 1 0.607021 
123
79
179.932
1 -0.000579719 0.000769758 0.0195429 0.000579591 1 0.000166439 -0.00972085 -0.000769854 -0.000165992 1 0.607021 
111
80
257.017
1 -0.000579719 0.000769758 0.0195429 0.000579591 1 0.000166439 -0.00972085 -0.000769854 -0.000165992 1 0.607021 
113
82
289.376
1 -0.000579719 0.000769758 0.0195429 0.000579591 1 0.000166439 -0.00972085 -0.000769854 -0.000165992 1 0.607021 
107
76
165.312
1 -0.000579719 0.000769758 0.0195429 0.000579591 1 0.000166439 -0.00972085 -0.000769854 -0.000165992 1 0.607021 
113
79
149.042
1 -0.000579719 0.000769758 0.0195429 0.000579591 1 0.000166439 -0.00972085 -0.000769854 -0.000165992 1 0.607021 
113
70
181.002
0.999996 -0.000415966 -0.00274784 0.0175075 0.000415305 1 -0.000240916 -0.0231882 0.00274794 0.000239774 0.999996 0.669542 
114
79
223.996
0.999996 -0.000415966 -0.00274784 0.0175075 0.000415305 1 -0.000240916 -0.0231882 0.00274794 0.000239774 0.999996 0.669542 
121
77
152.751
0.999996 -0.000415966 -0.00274784 0.0175075 0.000415305 1 -0.000240916 -0.0231882 0.00274794 0.000239774 0.999996 0.669542 
111
77
85.2882
0.999996 -0.000415966 -0.00274784 0.0175075 0.000415305 1 -0.000240916 -0.0231882 0.00274794 0.000239774 0.999996 0.669542 
109
78
443.176
0.999996 -0.000415966 -0.00274784 0.0175075 0.000415305 1 -0.000240916 -0.0231882 0.00274794 0.000239774 0.999996 0.669542 
103
81
83.2286
0.999996 -0.000415966 -0.00274784 0.0175075 0.000415305 1 -0.000240916 -0.0231882 0.00274794 0.000239774 0.999996 0.669542 
112
73
213.419
0.999996 -0.000415966 -0.00274784 0.0175075 0.000415305 1 -0.000240916 -0.0231882 0.00274794 0.000239774 0.999996 0.669542 
112
86
440.573
0.999996 -0.000415966 -0.00274784 0.0175075 0.000415305 1 -0.000240916 -0.0231882 0.00274794 0.000239774 0.999996 0.669542 
117
83
470.042
0.999998 -0.000292527 -0.00172037 0.00275907 0.000292976 1 0.000260732 -0.00807586 0.00172029 -0.000261236 0.999998 0.562567 
122
82
608.12
0.999998 -0.000292527 -0.00172037 0.00275907 0.000292976 1 0.000260732 -0.00807586 0.00172029 -0.000261236 0.999998 0.562567 
114
75
116.202
0.999998 -0.000292527 -0.00172037 0.00275907 0.000292976 1 0.000260732 -0.00807586 0.00172029 -0.000261236 0.999998 0.562567 
105
76
140.623
0.999998 -0.000292527 -0.00172037 0.00275907 0.000292976 1 0.000260732 -0.00807586 0.00172029 -0.000261236 0.999998 0.562567 
124
73
268.595
0.999998 -0.000292527 -0.00172037 0.00275907 0.000292976 1 0.000260732 -0.00807586 0.00172029 -0.000261236 0.999998 0.562567 
103
77
155.827
0.999999 -0.00047775 -0.00152071 -0.00117844 0.000478272 1 0.000342955 -0.0119097 0.00152054 -0.000343681 0.999999 0.619189 
119
90
380.592
0.999999 -0.00047775 -0.00152071 -0.00117844 0.000478272 1 0.000342955 -0.0119097 0.00152054 -0.000343681 0.999999 0.619189 
110
81
568.742
0.999999 -0.00047775 -0.00152071 -0.00117844 0.000478272 1 0.000342955 -0.0119097 0.00152054 -0.000343681 0.999999 0.619189 
98
73
85.5378
0.999999 -0.00047775 -0.00152071 -0.00117844 0.000478272 1 0.000342955 -0.0119097 0.00152054 -0.000343681 0.999999 0.619189 
110
79
359.832
0.999999 -0.00047775 -0.00152071 -0.00117844 0.000478272 1 0.000342955 -0.0119097 0.00152054 -0.000343681 0.999999 0.619189 
94
76
145.559
0.999999 -0.00047775 -0.00152071 -0.00117844 0.000478272 1 0.000342955 -0.0119097 0.00152054 -0.000343681 0.999999 0.619189 
107
75
442.222
0.999999 -0.00047775 -0.00152071 -0.00117844 0.000478272 1 0.000342955 -0.0119097 0.00152054 -0.000343681 0.999999 0.619189 
113
78
241.815
1 -0.000379808 -0.000794507 0.00302323 0.000380257 1 0.000565402 -0.00108975 0.000794292 -0.000565704 1 0.653129 
127
83
577.955
1 -0.000379808 -0.000794507 0.00302323 0.000380257 1 0.000565402 -0.00108975 0.000794292 -0.000565704 1 0.653129 
111
82
418.112
1 -0.000379808 -0.000794507 0.00302323 0.000380257 1 0.000565402 -0.00108975 0.000794292 -0.000565704 1 0.653129 
110
85
431.281
1 -0.000379808 -0.000794507 0.00302323 0.000380257 1 0.000565402 -0.00108975 0.000794292 -0.000565704 1 0.653129 
107
73
169.812
1 -0.000372556 0.000373708 -0.00417707 0.00037267 1 -0.000304679 0.00755837 -0.000373595 0.000304818 1 0.650869 
128
83
822.58
1 0.000149883 -0.000152016 -0.00032639 -0.000149822 1 0.000405305 -0.00180191 0.000152077 -0.000405282 1 0.636672 
115
86
429.854
1 0.000149883 -0.000152016 -0.00032639 -0.000149822 1 0.000405305 -0.00180191 0.000152077 -0.000405282 1 0.636672 
123
88
243.053
0.985358 0.000220329 -0.170497 -0.0355877 0.000451017 0.999992 0.00389884 -0.00639448 0.170497 -0.00391865 0.98535 0.287777 
132
84
875.368
0.985358 0.000220329 -0.170497 -0.0355877 0.000451017 0.999992 0.00389884 -0.00639448 0.170497 -0.00391865 0.98535 0.287777 
116
74
237.741
0.985358 0.000220329 -0.170497 -0.0355877 0.000451017 0.999992 0.00389884 -0.00639448 0.170497 -0.00391865 0.98535 0.287777 
108
86
137.956
0.999999 -0.000281646 -0.00135965 -0.00119774 0.000282567 1 0.000677051 0.000323847 0.00135946 -0.000677435 0.999999 0.65047 
118
89
467.472
0.999999 -0.000281646 -0.00135965 -0.00119774 0.000282567 1 0.000677051 0.000323847 0.00135946 -0.000677435 0.999999 0.65047 
106
85
120.364
0.999999 -0.000281646 -0.00135965 -0.00119774 0.000282567 1 0.000677051 0.000323847 0.00135946 -0.000677435 0.999999 0.65047 
112
81
85.7475
0.999997 0.000897227 0.00212305 -0.00222245 -0.000897263 1 1.56898e-05 -0.00328142 -0.00212304 -1.75947e-05 0.999998 0.639539 
120
89
379.177
0.999997 0.000897227 0.00212305 -0.00222245 -0.000897263 1 1.56898e-05 -0.00328142 -0.00212304 -1.75947e-05 0.999998 0.639539 
102
81
105.996
0.999998 0.000543269 0.00186601 -0.000703608 -0.000544269 1 0.000535313 -0.00836839 -0.00186571 -0.000536328 0.999998 0.665006 
123
83
569.649
0.999995 -0.000804852 -0.00317546 0.023479 0.000802287 0.999999 -0.000809099 -0.0130211 0.00317611 0.000806547 0.999995 0.68233 
113
82
432.741
0.999999 0.000425666 0.00158989 -0.00482991 -0.000425139 1 -0.000331994 -0.0067496 -0.00159003 0.000331318 0.999999 0.603831 
110
77
354.375
0.999999 0.000425666 0.00158989 -0.00482991 -0.000425139 1 -0.000331994 -0.0067496 -0.00159003 0.000331318 0.999999 0.603831 
105
80
108.84
0.999998 -0.00044691 -0.00208521 0.0148739 0.000446148 1 -0.000365979 -0.0105009 0.00208538 0.000365048 0.999998 0.463518 
110
75
284.439
0.999998 0.00046096 0.00209372 0.00480652 -0.000463508 0.999999 0.00121631 -0.00833809 -0.00209316 -0.00121728 0.999997 0.653552 
122
96
536.349
0.999998 0.00046096 0.00209372 0.00480652 -0.000463508 0.999999 0.00121631 -0.00833809 -0.00209316 -0.00121728 0.999997 0.653552 
108
79
95.4563
0.999995 -0.000515454 -0.00314068 0.00127564 0.000514571 1 -0.000281849 -0.00845135 0.00314083 0.000280232 0.999995 0.641038 
112
83
118.707
0.999999 0.000391589 0.00147792 -0.0155759 -0.000390832 1 -0.000512428 0.0132952 -0.00147812 0.00051185 0.999999 0.646828 
103
77
154.464
0.999999 0.000391589 0.00147792 -0.0155759 -0.000390832 1 -0.000512428 0.0132952 -0.00147812 0.00051185 0.999999 0.646828 
114
76
333.208
0.999999 0.000391589 0.00147792 -0.0155759 -0.000390832 1 -0.000512428 0.0132952 -0.00147812 0.00051185 0.999999 0.646828 
108
78
70.2591
1 3.08399e-05 0.000606591 -0.00425606 -3.09052e-05 1 0.000107617 -0.00491125 -0.000606588 -0.000107636 1 0.642384 
122
85
334.438
1 3.08399e-05 0.000606591 -0.00425606 -3.09052e-05 1 0.000107617 -0.00491125 -0.000606588 -0.000107636 1 0.642384 
112
86
92.8517
0.999999 -9.46017e-05 -0.00142482 0.000398428 9.45304e-05 1 -5.00934e-05 -0.0104869 0.00142483 4.99586e-05 0.999999 0.659838 
127
95
424.652
0.999999 0.000267089 0.00105963 0.0192528 -0.000267788 1 0.000659859 0.0167101 -0.00105946 -0.000660142 0.999999 0.645953 
130
82
678.267
0.999999 0.000267089 0.00105963 0.0192528 -0.000267788 1 0.000659859 0.0167101 -0.00105946 -0.000660142 0.999999 0.645953 
109
76
184.556
0.999999 -0.000314165 -0.00151265 0.00657061 0.000312675 0.999999 -0.000985473 -0.0111585 0.00151295 0.000984999 0.999998 0.637803 
116
88
607.731
1 -0.000616075 -0.00074567 1.43784e-05 0.000616213 1 0.000184334 -0.00462095 0.000745556 -0.000184793 1 0.635511 
131
87
360.411
0.999997 -0.000400663 -0.00229494 -0.00222988 0.000405655 0.999998 0.00217517 -0.00795838 0.00229406 -0.00217609 0.999995 0.585591 
119
86
279.406
0.999997 -0.000400663 -0.00229494 -0.00222988 0.000405655 0.999998 0.00217517 -0.00795838 0.00229406 -0.00217609 0.999995 0.585591 
112
94
112.459
0.999999 0.000383061 0.0012557 -0.00981796 -0.000383408 1 0.000276303 -0.000449523 -0.0012556 -0.000276785 0.999999 0.657563 
123
88
550.685
1 -0.000139705 -0.000835643 -0.00499526 0.00013966 1 -5.3938e-05 -0.00696767 0.00083565 5.38213e-05 1 0.658948 
123
91
763.145
0.999999 -0.000259253 -0.000992576 0.0236525 0.000259601 1 0.000350222 -0.0209333 0.000992485 -0.00035048 0.999999 0.572556 
115
80
331.859
1 -2.3339e-05 -0.000232583 0.0158898 2.34283e-05 1 0.000384095 -0.0122166 0.000232574 -0.000384101 1 0.659348 
131
81
858.632
1 -2.3339e-05 -0.000232583 0.0158898 2.34283e-05 1 0.000384095 -0.0122166 0.000232574 -0.000384101 1 0.659348 
103
87
225.044
0.999997 0.000475285 0.00255578 -0.000281597 -0.000476604 1 0.00051565 -0.00517453 -0.00255554 -0.000516867 0.999997 0.652729 
113
85
414.843
0.999985 -0.00119948 -0.00525976 -0.0029575 0.00121132 0.999997 0.00224884 -0.00953412 0.00525705 -0.00225517 0.999984 0.640009 
115
79
257.465
1 7.03429e-05 0.000445824 -0.00122972 -7.01552e-05 1 -0.000420889 0.000100565 -0.000445854 0.000420858 1 0.636427 
106
85
349.971
0.999998 0.000305944 0.00174604 -0.0034234 -0.000304326 1 -0.000926698 0.00081142 -0.00174633 0.000926165 0.999998 0.639079 
113
81
173.412
0.999998 0.000305944 0.00174604 -0.0034234 -0.000304326 1 -0.000926698 0.00081142 -0.00174633 0.000926165 0.999998 0.639079 
107
84
70.1993
0.999999 -0.000400834 -0.000966221 0.00800433 0.000401229 1 0.000409529 -0.00935886 0.000966057 -0.000409916 0.999999 0.595789 
116
78
471.147
0.999999 -0.000400834 -0.000966221 0.00800433 0.000401229 1 0.000409529 -0.00935886 0.000966057 -0.000409916 0.999999 0.595789 
100
75
115.422
0.999995 0.00049262 0.0032661 0.00813969 -0.000496626 0.999999 0.00122571 -0.0100384 -0.00326549 -0.00122733 0.999994 0.641512 
112
88
636.856
0.999998 0.000417663 0.0021196 0.0133361 -0.00041938 1 0.00080954 -0.00508271 -0.00211926 -0.000810427 0.999997 0.662424 
114
77
396.799
1 -2.9275e-05 -0.00045577 -0.0103133 2.96385e-05 1 0.000797612 -0.0013942 0.000455747 -0.000797626 1 0.609028 
127
80
441.092
1 -0.000130457 0.000516872 -0.0156366 0.000130378 1 0.000154379 0.00523186 -0.000516892 -0.000154312 1 0.659553 
114
86
474.351
0.999999 -0.000166249 -0.00146572 -0.000739071 0.000165893 1 -0.000242912 -0.00799585 0.00146576 0.000242669 0.999999 0.593503 
120
83
363.957
0.999999 -0.000166249 -0.00146572 -0.000739071 0.000165893 1 -0.000242912 -0.00799585 0.00146576 0.000242669 0.999999 0.593503 
103
83
46.5137
0.999999 -0.000166249 -0.00146572 -0.000739071 0.000165893 1 -0.000242912 -0.00799585 0.00146576 0.000242669 0.999999 0.593503 
112
84
74.5161
0.999997 -0.000568156 -0.00216689 -0.00216395 0.000571214 0.999999 0.00141099 -0.00325865 0.00216609 -0.00141223 0.999997 0.675234 
124
88
557.989
0.999997 -0.000568156 -0.00216689 -0.00216395 0.000571214 0.999999 0.00141099 -0.00325865 0.00216609 -0.00141223 0.999997 0.675234 
115
82
140.13
0.999997 -0.000568156 -0.00216689 -0.00216395 0.000571214 0.999999 0.00141099 -0.00325865 0.00216609 -0.00141223 0.999997 0.675234 
103
81
142.61
0.999999 0.000685056 0.00143607 -0.0145788 -0.000683638 0.999999 -0.000987471 0.00556 -0.00143674 0.000986488 0.999998 0.574454 
112
77
183.263
0.999999 0.000685056 0.00143607 -0.0145788 -0.000683638 0.999999 -0.000987471 0.00556 -0.00143674 0.000986488 0.999998 0.574454 
106
86
71.5598
0.999998 0.000737065 0.00210171 -0.0062783 -0.000736284 1 -0.000372216 0.00332744 -0.00210199 0.000370667 0.999998 0.658678 
125
89
213.217
0.999999 0.000417454 0.000959546 -0.1494 -0.000417438 1 -1.64215e-05 0.099797 -0.000959552 1.60209e-05 1 0.932468 
121
84
135.498
0.99629 0.00211512 -0.0860375 -0.00183676 -0.00224676 0.999996 -0.00143328 0.00160539 0.0860341 0.00162127 0.996291 0.457518 
132
82
938.646
0.99629 0.00211512 -0.0860375 -0.00183676 -0.00224676 0.999996 -0.00143328 0.00160539 0.0860341 0.00162127 0.996291 0.457518 
126
69
1159.4
0.99629 0.00211512 -0.0860375 -0.00183676 -0.00224676 0.999996 -0.00143328 0.00160539 0.0860341 0.00162127 0.996291 0.457518 
132
72
1414.46
0.944212 0.00206931 -0.329331 0.0177667 0.000351696 0.999973 0.00729153 0.000510617 0.329338 -0.00700057 0.944186 0.0280792 
126
61
1269.95
0.944212 0.00206931 -0.329331 0.0177667 0.000351696 0.999973 0.00729153 0.000510617 0.329338 -0.00700057 0.944186 0.0280792 
126
67
1255.28
0.944212 0.00206931 -0.329331 0.0177667 0.000351696 0.999973 0.00729153 0.000510617 0.329338 -0.00700057 0.944186 0.0280792 
117
55
1237.13
0.952481 0.00913703 -0.30446 -0.0160669 -0.0123714 0.999886 -0.0086959 -0.00207248 0.304345 0.0120493 0.952486 0.0449397 
126
61
1303.27
0.952481 0.00913703 -0.30446 -0.0160669 -0.0123714 0.999886 -0.0086959 -0.00207248 0.304345 0.0120493 0.952486 0.0449397 
128
56
326.358
1 -3.27955e-05 -0.000397128 -0.00737615 3.26298e-05 1 -0.000417313 -0.00656292 0.000397141 0.0004173 1 0.621942 
138
88
449.551
1 -3.27955e-05 -0.000397128 -0.00737615 3.26298e-05 1 -0.000417313 -0.00656292 0.000397141 0.0004173 1 0.621942 
103
80
149.862
1 -3.27955e-05 -0.000397128 -0.00737615 3.26298e-05 1 -0.000417313 -0.00656292 0.000397141 0.0004173 1 0.621942 
116
77
405.752
1 -5.55526e-05 -0.000909215 0.00201454 5.54958e-05 1 -6.25659e-05 -0.000295274 0.000909219 6.25155e-05 1 0.41245 
126
76
245.668
1 -5.55526e-05 -0.000909215 0.00201454 5.54958e-05 1 -6.25659e-05 -0.000295274 0.000909219 6.25155e-05 1 0.41245 
114
80
132.77
0.999997 -0.000151107 -0.00241984 -0.0023183 0.000154029 0.999999 0.00120721 -0.00212106 0.00241966 -0.00120758 0.999996 0.574363 
116
85
318.785
