0.999995 0.00325842 -2.43341e-05 -0.00290966 -0.00325851 0.999962 -0.00814452 0.136708 -2.2051e-06 0.00814455 0.999967 0.18496 
132
99
496.22
0.999995 0.00325842 -2.43341e-05 -0.00290966 -0.00325851 0.999962 -0.00814452 0.136708 -2.2051e-06 0.00814455 0.999967 0.18496 
125
79
401.974
0.999995 0.00325842 -2.43341e-05 -0.00290966 -0.00325851 0.999962 -0.00814452 0.136708 -2.2051e-06 0.00814455 0.999967 0.18496 
94
67
319.443
0.999995 0.00325842 -2.43341e-05 -0.00290966 -0.00325851 0.999962 -0.00814452 0.136708 -2.2051e-06 0.00814455 0.999967 0.18496 
113
70
691.576
0.999988 0.00117207 0.00468095 0.00836987 -0.00117633 0.999999 0.000906881 -0.000897162 -0.00467989 -0.000912377 0.999989 0.675302 
100
73
238.038
0.999988 0.00117207 0.00468095 0.00836987 -0.00117633 0.999999 0.000906881 -0.000897162 -0.00467989 -0.000912377 0.999989 0.675302 
116
74
281.92
0.999998 -0.00140379 -0.00137527 0.00716687 0.00140363 0.999999 -0.000110693 -0.0017877 0.00137542 0.000108763 0.999999 0.581513 
109
77
405.154
0.999998 -0.00140379 -0.00137527 0.00716687 0.00140363 0.999999 -0.000110693 -0.0017877 0.00137542 0.000108763 0.999999 0.581513 
105
69
236.205
0.999998 -0.00140379 -0.00137527 0.00716687 0.00140363 0.999999 -0.000110693 -0.0017877 0.00137542 0.000108763 0.999999 0.581513 
120
69
321.101
0.999998 -0.00140379 -0.00137527 0.00716687 0.00140363 0.999999 -0.000110693 -0.0017877 0.00137542 0.000108763 0.999999 0.581513 
105
68
462.435
0.999998 -0.000413406 -0.00192096 0.0465097 0.000411283 0.999999 -0.0011057 0.0115248 0.00192142 0.0011049 0.999998 0.625339 
127
73
477.667
0.999999 0.00113608 -0.000660852 -0.0755062 -0.00113902 0.999989 -0.00445664 0.0515498 0.000655782 0.00445739 0.99999 0.622344 
125
72
470.118
0.999994 -0.00273999 -0.00204563 -0.0224314 0.00274202 0.999996 0.000988089 0.0107086 0.00204291 -0.000993693 0.999997 0.802203 
119
74
296.408
0.999994 -0.00273999 -0.00204563 -0.0224314 0.00274202 0.999996 0.000988089 0.0107086 0.00204291 -0.000993693 0.999997 0.802203 
126
75
434.093
0.999976 0.00526739 0.00448724 -0.0300592 -0.00525793 0.999984 -0.00211779 0.00752054 -0.00449833 0.00209415 0.999988 0.732725 
129
68
513.835
0.999997 0.00235543 0.000419639 -0.360052 -0.00234918 0.999895 -0.0143164 0.12643 -0.000453316 0.0143153 0.999897 0.473932 
128
64
613.758
0.999966 -0.0048693 -0.00660776 0.0446287 0.00487266 0.999988 0.000492193 -0.0365716 0.00660528 -0.000524374 0.999978 0.630387 
120
74
718.39
0.999999 -0.000618003 -0.000886941 -0.00255357 0.000617986 1 -1.95583e-05 0.00704888 0.000886953 1.90102e-05 1 0.719204 
126
73
879.29
0.999998 -0.00158628 -0.000890462 -0.0227127 0.00158637 0.999999 9.5391e-05 0.0121248 0.000890309 -9.68034e-05 1 0.733982 
125
70
950.584
0.999952 0.00679228 0.00709084 -0.00406914 -0.00677799 0.999975 -0.00203694 0.010114 -0.0071045 0.00198878 0.999973 0.658974 
118
77
674.337
0.999999 -0.000717001 -0.00106174 -0.00621877 0.000716596 1 -0.000381769 -0.00236374 0.00106201 0.000381008 0.999999 0.694126 
125
76
988.963
0.999954 -0.00424267 -0.00854755 0.0448215 0.00423247 0.99999 -0.00121156 -0.00125811 0.0085526 0.00117533 0.999963 0.668868 
120
73
552.157
0.999982 0.00491909 0.00333235 -0.0237204 -0.00489381 0.99996 -0.00755237 0.0480833 -0.00336937 0.00753593 0.999966 0.66868 
117
69
470.58
0.999982 0.00491909 0.00333235 -0.0237204 -0.00489381 0.99996 -0.00755237 0.0480833 -0.00336937 0.00753593 0.999966 0.66868 
126
77
767.483
0.999982 0.00491909 0.00333235 -0.0237204 -0.00489381 0.99996 -0.00755237 0.0480833 -0.00336937 0.00753593 0.999966 0.66868 
96
77
216.309
0.999996 -0.00149901 -0.00248213 0.0041631 0.00149856 0.999999 -0.000184365 0.00452048 0.00248241 0.000180644 0.999997 0.635324 
132
79
672.312
0.999996 -0.00149901 -0.00248213 0.0041631 0.00149856 0.999999 -0.000184365 0.00452048 0.00248241 0.000180644 0.999997 0.635324 
100
82
65.8265
0.999996 -0.00149901 -0.00248213 0.0041631 0.00149856 0.999999 -0.000184365 0.00452048 0.00248241 0.000180644 0.999997 0.635324 
120
84
439.124
0.999996 -0.00149901 -0.00248213 0.0041631 0.00149856 0.999999 -0.000184365 0.00452048 0.00248241 0.000180644 0.999997 0.635324 
101
71
269.123
0.999996 -0.00149901 -0.00248213 0.0041631 0.00149856 0.999999 -0.000184365 0.00452048 0.00248241 0.000180644 0.999997 0.635324 
114
84
261.919
0.999996 -0.00149901 -0.00248213 0.0041631 0.00149856 0.999999 -0.000184365 0.00452048 0.00248241 0.000180644 0.999997 0.635324 
102
76
60.5161
1 -0.000333557 0.000535866 -0.0281809 0.000333444 1 0.000210084 -0.029957 -0.000535936 -0.000209905 1 0.692393 
114
70
405.175
1 -0.000333557 0.000535866 -0.0281809 0.000333444 1 0.000210084 -0.029957 -0.000535936 -0.000209905 1 0.692393 
118
75
282.396
1 -0.000333557 0.000535866 -0.0281809 0.000333444 1 0.000210084 -0.029957 -0.000535936 -0.000209905 1 0.692393 
119
79
360.371
1 -0.000333557 0.000535866 -0.0281809 0.000333444 1 0.000210084 -0.029957 -0.000535936 -0.000209905 1 0.692393 
101
75
189.877
1 -0.000333557 0.000535866 -0.0281809 0.000333444 1 0.000210084 -0.029957 -0.000535936 -0.000209905 1 0.692393 
113
70
248.328
1 -0.000333557 0.000535866 -0.0281809 0.000333444 1 0.000210084 -0.029957 -0.000535936 -0.000209905 1 0.692393 
114
77
413.685
1 -0.000333557 0.000535866 -0.0281809 0.000333444 1 0.000210084 -0.029957 -0.000535936 -0.000209905 1 0.692393 
116
76
200.595
1 -0.000333557 0.000535866 -0.0281809 0.000333444 1 0.000210084 -0.029957 -0.000535936 -0.000209905 1 0.692393 
110
77
463.274
1 -0.000333557 0.000535866 -0.0281809 0.000333444 1 0.000210084 -0.029957 -0.000535936 -0.000209905 1 0.692393 
116
72
321.574
1 -0.000333557 0.000535866 -0.0281809 0.000333444 1 0.000210084 -0.029957 -0.000535936 -0.000209905 1 0.692393 
100
77
204.623
1 -0.000333557 0.000535866 -0.0281809 0.000333444 1 0.000210084 -0.029957 -0.000535936 -0.000209905 1 0.692393 
112
74
197.864
1 -0.000333557 0.000535866 -0.0281809 0.000333444 1 0.000210084 -0.029957 -0.000535936 -0.000209905 1 0.692393 
106
68
94.7128
1 -0.000333557 0.000535866 -0.0281809 0.000333444 1 0.000210084 -0.029957 -0.000535936 -0.000209905 1 0.692393 
110
67
179.903
1 -0.000333557 0.000535866 -0.0281809 0.000333444 1 0.000210084 -0.029957 -0.000535936 -0.000209905 1 0.692393 
104
66
286.841
0.999999 -0.00112034 7.0349e-05 0.00409992 0.00112027 0.999999 0.000934944 -0.0280187 -7.13964e-05 -0.000934865 1 0.629263 
117
73
604.988
0.999999 -0.00112034 7.0349e-05 0.00409992 0.00112027 0.999999 0.000934944 -0.0280187 -7.13964e-05 -0.000934865 1 0.629263 
114
71
297.938
0.999999 -0.00112034 7.0349e-05 0.00409992 0.00112027 0.999999 0.000934944 -0.0280187 -7.13964e-05 -0.000934865 1 0.629263 
99
72
324.617
0.999991 -0.00219608 -0.00363855 0.0158622 0.00219082 0.999997 -0.00144934 0.000426384 0.00364172 0.00144135 0.999992 0.629214 
124
65
360.609
0.999991 -0.00219608 -0.00363855 0.0158622 0.00219082 0.999997 -0.00144934 0.000426384 0.00364172 0.00144135 0.999992 0.629214 
94
72
72.582
0.999991 -0.00219608 -0.00363855 0.0158622 0.00219082 0.999997 -0.00144934 0.000426384 0.00364172 0.00144135 0.999992 0.629214 
107
65
171.26
0.999991 -0.00219608 -0.00363855 0.0158622 0.00219082 0.999997 -0.00144934 0.000426384 0.00364172 0.00144135 0.999992 0.629214 
102
76
245.336
0.999991 -0.00219608 -0.00363855 0.0158622 0.00219082 0.999997 -0.00144934 0.000426384 0.00364172 0.00144135 0.999992 0.629214 
102
78
214.65
0.999991 -0.00219608 -0.00363855 0.0158622 0.00219082 0.999997 -0.00144934 0.000426384 0.00364172 0.00144135 0.999992 0.629214 
121
76
698.649
0.999991 -0.00219608 -0.00363855 0.0158622 0.00219082 0.999997 -0.00144934 0.000426384 0.00364172 0.00144135 0.999992 0.629214 
99
81
178.032
0.999991 -0.00219608 -0.00363855 0.0158622 0.00219082 0.999997 -0.00144934 0.000426384 0.00364172 0.00144135 0.999992 0.629214 
95
74
117.971
0.999991 -0.00219608 -0.00363855 0.0158622 0.00219082 0.999997 -0.00144934 0.000426384 0.00364172 0.00144135 0.999992 0.629214 
119
81
353.172
0.999991 -0.00219608 -0.00363855 0.0158622 0.00219082 0.999997 -0.00144934 0.000426384 0.00364172 0.00144135 0.999992 0.629214 
105
71
167.912
0.999991 -0.00219608 -0.00363855 0.0158622 0.00219082 0.999997 -0.00144934 0.000426384 0.00364172 0.00144135 0.999992 0.629214 
125
71
396.332
0.983048 -0.000695236 -0.18335 -0.0446912 -0.00103252 0.999956 -0.00932767 0.00258804 0.183348 0.00935886 0.983004 0.278871 
126
94
2288.72
1 0.000366295 -0.000704863 0.000738824 -0.0003663 1 -7.03829e-06 0.00222524 0.00070486 7.29647e-06 1 0.617404 
113
80
573.476
1 0.000366295 -0.000704863 0.000738824 -0.0003663 1 -7.03829e-06 0.00222524 0.00070486 7.29647e-06 1 0.617404 
108
74
81.9478
1 0.000366295 -0.000704863 0.000738824 -0.0003663 1 -7.03829e-06 0.00222524 0.00070486 7.29647e-06 1 0.617404 
107
86
174.013
1 0.000366295 -0.000704863 0.000738824 -0.0003663 1 -7.03829e-06 0.00222524 0.00070486 7.29647e-06 1 0.617404 
114
81
188.887
1 0.000366295 -0.000704863 0.000738824 -0.0003663 1 -7.03829e-06 0.00222524 0.00070486 7.29647e-06 1 0.617404 
121
77
391.161
1 0.000366295 -0.000704863 0.000738824 -0.0003663 1 -7.03829e-06 0.00222524 0.00070486 7.29647e-06 1 0.617404 
94
79
229.687
1 0.000366295 -0.000704863 0.000738824 -0.0003663 1 -7.03829e-06 0.00222524 0.00070486 7.29647e-06 1 0.617404 
92
69
76.1134
1 0.000366295 -0.000704863 0.000738824 -0.0003663 1 -7.03829e-06 0.00222524 0.00070486 7.29647e-06 1 0.617404 
99
74
182.32
1 0.000366295 -0.000704863 0.000738824 -0.0003663 1 -7.03829e-06 0.00222524 0.00070486 7.29647e-06 1 0.617404 
101
76
174.893
1 0.000366295 -0.000704863 0.000738824 -0.0003663 1 -7.03829e-06 0.00222524 0.00070486 7.29647e-06 1 0.617404 
100
75
147.607
1 0.000366295 -0.000704863 0.000738824 -0.0003663 1 -7.03829e-06 0.00222524 0.00070486 7.29647e-06 1 0.617404 
89
67
235
1 0.000366295 -0.000704863 0.000738824 -0.0003663 1 -7.03829e-06 0.00222524 0.00070486 7.29647e-06 1 0.617404 
90
79
201.142
1 0.000366295 -0.000704863 0.000738824 -0.0003663 1 -7.03829e-06 0.00222524 0.00070486 7.29647e-06 1 0.617404 
100
73
191.87
1 0.000366295 -0.000704863 0.000738824 -0.0003663 1 -7.03829e-06 0.00222524 0.00070486 7.29647e-06 1 0.617404 
94
80
112.652
1 0.000366295 -0.000704863 0.000738824 -0.0003663 1 -7.03829e-06 0.00222524 0.00070486 7.29647e-06 1 0.617404 
94
75
169.016
1 0.000366295 -0.000704863 0.000738824 -0.0003663 1 -7.03829e-06 0.00222524 0.00070486 7.29647e-06 1 0.617404 
101
76
191.785
1 0.000366295 -0.000704863 0.000738824 -0.0003663 1 -7.03829e-06 0.00222524 0.00070486 7.29647e-06 1 0.617404 
97
71
174.597
1 0.000366295 -0.000704863 0.000738824 -0.0003663 1 -7.03829e-06 0.00222524 0.00070486 7.29647e-06 1 0.617404 
93
71
115.918
1 0.000366295 -0.000704863 0.000738824 -0.0003663 1 -7.03829e-06 0.00222524 0.00070486 7.29647e-06 1 0.617404 
98
76
266.41
1 0.000366295 -0.000704863 0.000738824 -0.0003663 1 -7.03829e-06 0.00222524 0.00070486 7.29647e-06 1 0.617404 
97
74
151.552
1 0.000366295 -0.000704863 0.000738824 -0.0003663 1 -7.03829e-06 0.00222524 0.00070486 7.29647e-06 1 0.617404 
92
78
120.774
1 0.000366295 -0.000704863 0.000738824 -0.0003663 1 -7.03829e-06 0.00222524 0.00070486 7.29647e-06 1 0.617404 
114
76
440.656
1 0.000366295 -0.000704863 0.000738824 -0.0003663 1 -7.03829e-06 0.00222524 0.00070486 7.29647e-06 1 0.617404 
122
78
268.421
1 0.000366295 -0.000704863 0.000738824 -0.0003663 1 -7.03829e-06 0.00222524 0.00070486 7.29647e-06 1 0.617404 
96
77
149.597
1 0.000366295 -0.000704863 0.000738824 -0.0003663 1 -7.03829e-06 0.00222524 0.00070486 7.29647e-06 1 0.617404 
96
72
81.8644
0.999998 -0.0015529 -0.00100314 0.00173853 0.00155399 0.999998 0.0010817 -0.028683 0.00100146 -0.00108326 0.999999 0.617345 
114
83
585.22
0.999998 -0.0015529 -0.00100314 0.00173853 0.00155399 0.999998 0.0010817 -0.028683 0.00100146 -0.00108326 0.999999 0.617345 
103
67
573.684
0.999998 -0.0015529 -0.00100314 0.00173853 0.00155399 0.999998 0.0010817 -0.028683 0.00100146 -0.00108326 0.999999 0.617345 
94
69
108.485
0.999998 -0.0015529 -0.00100314 0.00173853 0.00155399 0.999998 0.0010817 -0.028683 0.00100146 -0.00108326 0.999999 0.617345 
111
78
226.383
0.999998 -0.0015529 -0.00100314 0.00173853 0.00155399 0.999998 0.0010817 -0.028683 0.00100146 -0.00108326 0.999999 0.617345 
98
76
194.298
0.999998 -0.0015529 -0.00100314 0.00173853 0.00155399 0.999998 0.0010817 -0.028683 0.00100146 -0.00108326 0.999999 0.617345 
93
74
168.183
0.999998 -0.0015529 -0.00100314 0.00173853 0.00155399 0.999998 0.0010817 -0.028683 0.00100146 -0.00108326 0.999999 0.617345 
112
82
252.468
0.999998 -0.0015529 -0.00100314 0.00173853 0.00155399 0.999998 0.0010817 -0.028683 0.00100146 -0.00108326 0.999999 0.617345 
98
72
129.142
0.999998 -0.0015529 -0.00100314 0.00173853 0.00155399 0.999998 0.0010817 -0.028683 0.00100146 -0.00108326 0.999999 0.617345 
102
74
386.558
0.999998 -0.0015529 -0.00100314 0.00173853 0.00155399 0.999998 0.0010817 -0.028683 0.00100146 -0.00108326 0.999999 0.617345 
101
73
232.283
0.999998 -0.0015529 -0.00100314 0.00173853 0.00155399 0.999998 0.0010817 -0.028683 0.00100146 -0.00108326 0.999999 0.617345 
99
77
129.834
0.999997 -0.00161611 -0.0019413 0.00465132 0.00161643 0.999999 0.000161505 0.00121837 0.00194103 -0.000164642 0.999998 0.641492 
110
84
719.271
0.999997 -0.00161611 -0.0019413 0.00465132 0.00161643 0.999999 0.000161505 0.00121837 0.00194103 -0.000164642 0.999998 0.641492 
98
78
517.986
0.999997 -0.00161611 -0.0019413 0.00465132 0.00161643 0.999999 0.000161505 0.00121837 0.00194103 -0.000164642 0.999998 0.641492 
100
72
177.221
0.999997 -0.00161611 -0.0019413 0.00465132 0.00161643 0.999999 0.000161505 0.00121837 0.00194103 -0.000164642 0.999998 0.641492 
89
71
160.854
0.999997 -0.00161611 -0.0019413 0.00465132 0.00161643 0.999999 0.000161505 0.00121837 0.00194103 -0.000164642 0.999998 0.641492 
95
79
187.234
0.999997 -0.00161611 -0.0019413 0.00465132 0.00161643 0.999999 0.000161505 0.00121837 0.00194103 -0.000164642 0.999998 0.641492 
113
74
251.983
0.999986 0.00293681 0.00432039 -0.0345049 -0.00293317 0.999995 -0.000848989 -0.00661285 -0.00432286 0.000836305 0.99999 0.536628 
115
76
387.058
0.999986 0.00293681 0.00432039 -0.0345049 -0.00293317 0.999995 -0.000848989 -0.00661285 -0.00432286 0.000836305 0.99999 0.536628 
95
76
152.347
0.999986 0.00293681 0.00432039 -0.0345049 -0.00293317 0.999995 -0.000848989 -0.00661285 -0.00432286 0.000836305 0.99999 0.536628 
101
77
186.331
0.999986 0.00293681 0.00432039 -0.0345049 -0.00293317 0.999995 -0.000848989 -0.00661285 -0.00432286 0.000836305 0.99999 0.536628 
93
79
161.801
0.999986 0.00293681 0.00432039 -0.0345049 -0.00293317 0.999995 -0.000848989 -0.00661285 -0.00432286 0.000836305 0.99999 0.536628 
99
80
318.312
0.999986 0.00293681 0.00432039 -0.0345049 -0.00293317 0.999995 -0.000848989 -0.00661285 -0.00432286 0.000836305 0.99999 0.536628 
98
78
187.214
0.999986 0.00293681 0.00432039 -0.0345049 -0.00293317 0.999995 -0.000848989 -0.00661285 -0.00432286 0.000836305 0.99999 0.536628 
123
76
154.071
0.999986 0.00293681 0.00432039 -0.0345049 -0.00293317 0.999995 -0.000848989 -0.00661285 -0.00432286 0.000836305 0.99999 0.536628 
108
77
151.985
0.999986 0.00293681 0.00432039 -0.0345049 -0.00293317 0.999995 -0.000848989 -0.00661285 -0.00432286 0.000836305 0.99999 0.536628 
121
75
248.412
0.999999 -0.000906602 -0.000675882 -0.00515218 0.000906634 1 4.78247e-05 -0.0142967 0.000675839 -4.84374e-05 1 0.730842 
129
81
1019.75
0.999981 0.00144516 0.00603143 -0.0327009 -0.00145184 0.999998 0.00110357 -0.0221823 -0.00602982 -0.0011123 0.999981 0.628624 
107
84
214.377
0.999981 0.00144516 0.00603143 -0.0327009 -0.00145184 0.999998 0.00110357 -0.0221823 -0.00602982 -0.0011123 0.999981 0.628624 
107
78
612.313
0.999981 0.00144516 0.00603143 -0.0327009 -0.00145184 0.999998 0.00110357 -0.0221823 -0.00602982 -0.0011123 0.999981 0.628624 
101
82
167.048
0.999981 0.00144516 0.00603143 -0.0327009 -0.00145184 0.999998 0.00110357 -0.0221823 -0.00602982 -0.0011123 0.999981 0.628624 
98
78
142.806
0.999981 0.00144516 0.00603143 -0.0327009 -0.00145184 0.999998 0.00110357 -0.0221823 -0.00602982 -0.0011123 0.999981 0.628624 
102
79
105.943
0.999981 0.00144516 0.00603143 -0.0327009 -0.00145184 0.999998 0.00110357 -0.0221823 -0.00602982 -0.0011123 0.999981 0.628624 
106
79
402.563
0.999981 0.00144516 0.00603143 -0.0327009 -0.00145184 0.999998 0.00110357 -0.0221823 -0.00602982 -0.0011123 0.999981 0.628624 
113
81
635.188
0.999981 0.00144516 0.00603143 -0.0327009 -0.00145184 0.999998 0.00110357 -0.0221823 -0.00602982 -0.0011123 0.999981 0.628624 
97
76
170.385
0.999981 0.00144516 0.00603143 -0.0327009 -0.00145184 0.999998 0.00110357 -0.0221823 -0.00602982 -0.0011123 0.999981 0.628624 
116
74
569.445
0.999985 0.00295857 0.00468848 0.0051187 -0.00295662 0.999996 -0.000422806 -0.0422343 -0.00468971 0.000408937 0.999989 0.585568 
126
87
516.931
0.999985 0.00295857 0.00468848 0.0051187 -0.00295662 0.999996 -0.000422806 -0.0422343 -0.00468971 0.000408937 0.999989 0.585568 
99
80
204.897
0.999968 -0.0031829 -0.00739135 0.0484086 0.00318161 0.999995 -0.000186506 -0.0191191 0.00739191 0.000162984 0.999973 0.628554 
112
79
248.603
0.999968 -0.0031829 -0.00739135 0.0484086 0.00318161 0.999995 -0.000186506 -0.0191191 0.00739191 0.000162984 0.999973 0.628554 
102
81
186.579
0.999968 -0.0031829 -0.00739135 0.0484086 0.00318161 0.999995 -0.000186506 -0.0191191 0.00739191 0.000162984 0.999973 0.628554 
104
84
210.857
0.999968 -0.0031829 -0.00739135 0.0484086 0.00318161 0.999995 -0.000186506 -0.0191191 0.00739191 0.000162984 0.999973 0.628554 
106
83
251.996
0.999968 -0.0031829 -0.00739135 0.0484086 0.00318161 0.999995 -0.000186506 -0.0191191 0.00739191 0.000162984 0.999973 0.628554 
97
74
163.86
0.999968 -0.0031829 -0.00739135 0.0484086 0.00318161 0.999995 -0.000186506 -0.0191191 0.00739191 0.000162984 0.999973 0.628554 
100
79
163.051
0.999968 -0.0031829 -0.00739135 0.0484086 0.00318161 0.999995 -0.000186506 -0.0191191 0.00739191 0.000162984 0.999973 0.628554 
95
73
177.889
0.999968 -0.0031829 -0.00739135 0.0484086 0.00318161 0.999995 -0.000186506 -0.0191191 0.00739191 0.000162984 0.999973 0.628554 
100
77
169.735
0.999968 -0.0031829 -0.00739135 0.0484086 0.00318161 0.999995 -0.000186506 -0.0191191 0.00739191 0.000162984 0.999973 0.628554 
106
78
401.605
0.985138 -0.00158375 -0.171756 -0.0297072 0.00151752 0.999999 -0.000516915 -0.0043356 0.171757 0.000248589 0.985139 0.275239 
126
92
2062.43
0.985138 -0.00158375 -0.171756 -0.0297072 0.00151752 0.999999 -0.000516915 -0.0043356 0.171757 0.000248589 0.985139 0.275239 
109
89
237.577
0.985138 -0.00158375 -0.171756 -0.0297072 0.00151752 0.999999 -0.000516915 -0.0043356 0.171757 0.000248589 0.985139 0.275239 
105
83
170.277
0.985138 -0.00158375 -0.171756 -0.0297072 0.00151752 0.999999 -0.000516915 -0.0043356 0.171757 0.000248589 0.985139 0.275239 
119
80
184.218
0.985138 -0.00158375 -0.171756 -0.0297072 0.00151752 0.999999 -0.000516915 -0.0043356 0.171757 0.000248589 0.985139 0.275239 
104
87
132.798
0.985138 -0.00158375 -0.171756 -0.0297072 0.00151752 0.999999 -0.000516915 -0.0043356 0.171757 0.000248589 0.985139 0.275239 
121
83
415.963
0.985138 -0.00158375 -0.171756 -0.0297072 0.00151752 0.999999 -0.000516915 -0.0043356 0.171757 0.000248589 0.985139 0.275239 
98
84
135.565
0.985138 -0.00158375 -0.171756 -0.0297072 0.00151752 0.999999 -0.000516915 -0.0043356 0.171757 0.000248589 0.985139 0.275239 
98
85
155.377
0.999993 -0.0012789 -0.00339229 0.0141696 0.0012802 0.999999 0.000383735 -0.000154728 0.00339179 -0.000388076 0.999994 0.416723 
120
77
491.96
0.999993 -0.0012789 -0.00339229 0.0141696 0.0012802 0.999999 0.000383735 -0.000154728 0.00339179 -0.000388076 0.999994 0.416723 
92
82
45.9725
0.999993 -0.0012789 -0.00339229 0.0141696 0.0012802 0.999999 0.000383735 -0.000154728 0.00339179 -0.000388076 0.999994 0.416723 
105
84
176.997
0.999993 -0.0012789 -0.00339229 0.0141696 0.0012802 0.999999 0.000383735 -0.000154728 0.00339179 -0.000388076 0.999994 0.416723 
105
85
206.676
0.999993 -0.0012789 -0.00339229 0.0141696 0.0012802 0.999999 0.000383735 -0.000154728 0.00339179 -0.000388076 0.999994 0.416723 
103
82
194.638
1 -0.0006276 -0.000639323 -0.0107324 0.000627578 1 -3.36984e-05 -0.0265671 0.000639344 3.32972e-05 1 0.631902 
129
87
408.63
0.999998 0.000622067 0.00172726 -0.0150328 -0.000621893 1 -0.00010106 -0.00134842 -0.00172732 9.99857e-05 0.999999 0.682355 
122
90
480.277
0.999998 0.000622067 0.00172726 -0.0150328 -0.000621893 1 -0.00010106 -0.00134842 -0.00172732 9.99857e-05 0.999999 0.682355 
116
82
306.12
0.999998 0.000622067 0.00172726 -0.0150328 -0.000621893 1 -0.00010106 -0.00134842 -0.00172732 9.99857e-05 0.999999 0.682355 
130
82
337.696
0.999998 0.000622067 0.00172726 -0.0150328 -0.000621893 1 -0.00010106 -0.00134842 -0.00172732 9.99857e-05 0.999999 0.682355 
104
86
232.875
0.999998 0.000622067 0.00172726 -0.0150328 -0.000621893 1 -0.00010106 -0.00134842 -0.00172732 9.99857e-05 0.999999 0.682355 
119
81
280.759
0.999998 0.000622067 0.00172726 -0.0150328 -0.000621893 1 -0.00010106 -0.00134842 -0.00172732 9.99857e-05 0.999999 0.682355 
129
90
258.754
0.999998 0.000622067 0.00172726 -0.0150328 -0.000621893 1 -0.00010106 -0.00134842 -0.00172732 9.99857e-05 0.999999 0.682355 
107
87
148.695
0.999998 0.000622067 0.00172726 -0.0150328 -0.000621893 1 -0.00010106 -0.00134842 -0.00172732 9.99857e-05 0.999999 0.682355 
104
89
252.242
0.999998 0.000622067 0.00172726 -0.0150328 -0.000621893 1 -0.00010106 -0.00134842 -0.00172732 9.99857e-05 0.999999 0.682355 
131
86
438.326
0.999998 0.000622067 0.00172726 -0.0150328 -0.000621893 1 -0.00010106 -0.00134842 -0.00172732 9.99857e-05 0.999999 0.682355 
109
86
259.468
0.999998 0.000622067 0.00172726 -0.0150328 -0.000621893 1 -0.00010106 -0.00134842 -0.00172732 9.99857e-05 0.999999 0.682355 
105
90
125.738
0.999998 0.000622067 0.00172726 -0.0150328 -0.000621893 1 -0.00010106 -0.00134842 -0.00172732 9.99857e-05 0.999999 0.682355 
108
87
108.013
0.999998 0.000622067 0.00172726 -0.0150328 -0.000621893 1 -0.00010106 -0.00134842 -0.00172732 9.99857e-05 0.999999 0.682355 
102
84
86.8212
0.999998 0.000622067 0.00172726 -0.0150328 -0.000621893 1 -0.00010106 -0.00134842 -0.00172732 9.99857e-05 0.999999 0.682355 
106
86
196.875
0.999998 0.000622067 0.00172726 -0.0150328 -0.000621893 1 -0.00010106 -0.00134842 -0.00172732 9.99857e-05 0.999999 0.682355 
124
86
309.402
0.999999 -0.000627199 -0.00146012 0.0122957 0.00062693 1 -0.0001844 0.00315017 0.00146023 0.000183484 0.999999 0.598265 
124
89
575.973
0.999999 -0.000627199 -0.00146012 0.0122957 0.00062693 1 -0.0001844 0.00315017 0.00146023 0.000183484 0.999999 0.598265 
111
87
504.91
0.999999 -0.000627199 -0.00146012 0.0122957 0.00062693 1 -0.0001844 0.00315017 0.00146023 0.000183484 0.999999 0.598265 
97
80
150.467
0.999999 -0.000627199 -0.00146012 0.0122957 0.00062693 1 -0.0001844 0.00315017 0.00146023 0.000183484 0.999999 0.598265 
103
83
49.6934
0.999999 -0.000627199 -0.00146012 0.0122957 0.00062693 1 -0.0001844 0.00315017 0.00146023 0.000183484 0.999999 0.598265 
111
87
272.366
0.999999 -0.000627199 -0.00146012 0.0122957 0.00062693 1 -0.0001844 0.00315017 0.00146023 0.000183484 0.999999 0.598265 
109
87
225.304
0.999999 -0.000627199 -0.00146012 0.0122957 0.00062693 1 -0.0001844 0.00315017 0.00146023 0.000183484 0.999999 0.598265 
121
88
339.997
0.999999 -0.000627199 -0.00146012 0.0122957 0.00062693 1 -0.0001844 0.00315017 0.00146023 0.000183484 0.999999 0.598265 
122
92
250.834
0.999999 -0.000627199 -0.00146012 0.0122957 0.00062693 1 -0.0001844 0.00315017 0.00146023 0.000183484 0.999999 0.598265 
104
93
194.093
0.999999 -0.000627199 -0.00146012 0.0122957 0.00062693 1 -0.0001844 0.00315017 0.00146023 0.000183484 0.999999 0.598265 
107
80
248.043
0.999999 -0.000627199 -0.00146012 0.0122957 0.00062693 1 -0.0001844 0.00315017 0.00146023 0.000183484 0.999999 0.598265 
118
86
236.392
0.999999 -0.000627199 -0.00146012 0.0122957 0.00062693 1 -0.0001844 0.00315017 0.00146023 0.000183484 0.999999 0.598265 
107
88
220.547
0.999999 -0.000627199 -0.00146012 0.0122957 0.00062693 1 -0.0001844 0.00315017 0.00146023 0.000183484 0.999999 0.598265 
125
82
348.126
0.999999 -0.000627199 -0.00146012 0.0122957 0.00062693 1 -0.0001844 0.00315017 0.00146023 0.000183484 0.999999 0.598265 
119
86
330.518
0.999999 -0.000627199 -0.00146012 0.0122957 0.00062693 1 -0.0001844 0.00315017 0.00146023 0.000183484 0.999999 0.598265 
102
86
208.74
0.999999 -0.000627199 -0.00146012 0.0122957 0.00062693 1 -0.0001844 0.00315017 0.00146023 0.000183484 0.999999 0.598265 
108
87
193.264
1 0.000221889 0.00087556 -0.00575337 -0.00022186 1 -3.33747e-05 0.00236844 -0.000875567 3.31804e-05 1 0.659194 
124
88
517.713
0.999998 0.00107516 0.00143731 -0.00654444 -0.00107547 0.999999 0.000216813 0.00631029 -0.00143708 -0.000218358 0.999999 0.566014 
126
87
407.616
0.999998 0.00107516 0.00143731 -0.00654444 -0.00107547 0.999999 0.000216813 0.00631029 -0.00143708 -0.000218358 0.999999 0.566014 
109
87
304.326
0.999998 0.00107516 0.00143731 -0.00654444 -0.00107547 0.999999 0.000216813 0.00631029 -0.00143708 -0.000218358 0.999999 0.566014 
107
76
231.023
0.999998 0.00107516 0.00143731 -0.00654444 -0.00107547 0.999999 0.000216813 0.00631029 -0.00143708 -0.000218358 0.999999 0.566014 
111
90
256.117
0.999998 0.00107516 0.00143731 -0.00654444 -0.00107547 0.999999 0.000216813 0.00631029 -0.00143708 -0.000218358 0.999999 0.566014 
104
84
156.244
0.999986 0.00312993 0.00436623 -0.0289451 -0.00312226 0.999994 -0.00176252 0.00854782 -0.00437171 0.00174886 0.999989 0.591945 
113
83
367.971
0.999986 0.00312993 0.00436623 -0.0289451 -0.00312226 0.999994 -0.00176252 0.00854782 -0.00437171 0.00174886 0.999989 0.591945 
107
78
157.856
0.999999 -5.47927e-05 0.00111179 -0.0962995 5.42523e-05 1 0.000486122 -0.0604002 -0.00111182 -0.000486062 0.999999 0.578669 
125
90
613.936
0.99611 -0.000890201 -0.0881106 0.0107137 0.000756569 0.999999 -0.00155002 -0.00177304 0.0881119 0.00147733 0.996109 0.457397 
119
82
1451.31
0.99611 -0.000890201 -0.0881106 0.0107137 0.000756569 0.999999 -0.00155002 -0.00177304 0.0881119 0.00147733 0.996109 0.457397 
117
78
2598.32
0.99611 -0.000890201 -0.0881106 0.0107137 0.000756569 0.999999 -0.00155002 -0.00177304 0.0881119 0.00147733 0.996109 0.457397 
128
82
3487.98
0.99611 -0.000890201 -0.0881106 0.0107137 0.000756569 0.999999 -0.00155002 -0.00177304 0.0881119 0.00147733 0.996109 0.457397 
113
84
2697.69
0.99611 -0.000890201 -0.0881106 0.0107137 0.000756569 0.999999 -0.00155002 -0.00177304 0.0881119 0.00147733 0.996109 0.457397 
105
85
2902.46
0.99611 -0.000890201 -0.0881106 0.0107137 0.000756569 0.999999 -0.00155002 -0.00177304 0.0881119 0.00147733 0.996109 0.457397 
117
85
2447.58
0.954246 -0.000252783 -0.299024 -0.00234962 -0.00244253 0.99996 -0.00863995 0.00879896 0.299014 0.00897501 0.954207 0.0500156 
131
94
3624.15
0.999983 0.00125321 0.0056775 -0.067346 -0.00128813 0.99998 0.00615181 0.0173562 -0.00566968 -0.00615902 0.999965 0.73771 
107
72
168.012
0.999983 0.00125321 0.0056775 -0.067346 -0.00128813 0.99998 0.00615181 0.0173562 -0.00566968 -0.00615902 0.999965 0.73771 
106
86
273.895
0.999983 0.00125321 0.0056775 -0.067346 -0.00128813 0.99998 0.00615181 0.0173562 -0.00566968 -0.00615902 0.999965 0.73771 
119
82
263.274
0.999983 0.00125321 0.0056775 -0.067346 -0.00128813 0.99998 0.00615181 0.0173562 -0.00566968 -0.00615902 0.999965 0.73771 
124
84
256.477
0.999983 0.00125321 0.0056775 -0.067346 -0.00128813 0.99998 0.00615181 0.0173562 -0.00566968 -0.00615902 0.999965 0.73771 
105
81
65.4323
0.999983 0.00125321 0.0056775 -0.067346 -0.00128813 0.99998 0.00615181 0.0173562 -0.00566968 -0.00615902 0.999965 0.73771 
105
88
174.283
0.999983 0.00125321 0.0056775 -0.067346 -0.00128813 0.99998 0.00615181 0.0173562 -0.00566968 -0.00615902 0.999965 0.73771 
123
91
332.738
