1 -8.56086e-06 -0.000239516 0.00249338 8.24769e-06 0.999999 -0.00130749 -0.00677806 0.000239527 0.00130749 0.999999 0.446159 
150
89
496.934
0.999998 0.000249649 -0.00183179 -0.00846953 -0.000248588 1 0.000579201 0.000592353 0.00183193 -0.000578745 0.999998 0.449837 
150
91
568.224
1 0.000280074 -0.000391913 0.00711662 -0.000281007 0.999997 -0.00238327 0.00568259 0.000391245 0.00238338 0.999997 0.462188 
150
100
654.629
0.999794 -0.00256854 0.0201348 0.00399648 0.00136519 0.998224 0.0595519 0.0128433 -0.020252 -0.0595121 0.998022 0.491335 
148
47
711.543
0.975985 -0.00122086 0.217835 -9.73826e-05 0.0195754 0.99643 -0.0821211 0.00957688 -0.216957 0.0844131 0.972525 -0.0946388 
150
55
1102.44
0.975985 -0.00122086 0.217835 -9.73826e-05 0.0195754 0.99643 -0.0821211 0.00957688 -0.216957 0.0844131 0.972525 -0.0946388 
150
66
850.054
0.975985 -0.00122086 0.217835 -9.73826e-05 0.0195754 0.99643 -0.0821211 0.00957688 -0.216957 0.0844131 0.972525 -0.0946388 
150
57
820.1
0.975985 -0.00122086 0.217835 -9.73826e-05 0.0195754 0.99643 -0.0821211 0.00957688 -0.216957 0.0844131 0.972525 -0.0946388 
150
56
822.86
0.998893 -0.00310172 0.0469337 -0.0303406 0.00287235 0.999984 0.0049538 -0.0307937 -0.0469483 -0.00481351 0.998886 0.376401 
150
46
682.282
1 -0.000116405 -0.00032766 -0.00556102 0.000116269 1 -0.000414362 -0.00695611 0.000327708 0.000414324 1 0.463376 
150
80
538.479
0.999999 -0.000171331 0.00127965 0.0206401 0.000170684 1 0.000506342 -0.0115343 -0.00127974 -0.000506124 0.999999 0.456224 
148
88
664.281
1 -0.000140552 0.000179871 0.0084223 0.000140673 1 -0.000670114 0.00473209 -0.000179777 0.000670139 1 0.462879 
148
88
677.073
1 0.00016546 0.000853315 -0.0186354 -0.000165612 1 0.000178926 0.0172002 -0.000853286 -0.000179068 1 0.466695 
145
76
702.039
1 -0.00010895 -0.00043307 0.000719376 0.0001083 0.999999 -0.00149886 -0.00144066 0.000433232 0.00149881 0.999999 0.459533 
146
90
581.462
1 -0.000160858 -0.000243505 0.00220279 0.000161127 0.999999 0.00110708 -0.00290867 0.000243327 -0.00110712 0.999999 0.450842 
141
80
615.738
1 3.43833e-05 0.000709364 -0.0106654 -3.37328e-05 1 -0.000917031 0.00673939 -0.000709395 0.000917007 0.999999 0.422749 
141
68
443.405
0.996108 -0.00620818 0.0879268 0.00086064 0.0087831 0.999543 -0.0289283 0.000541099 -0.087707 0.029588 0.995707 0.283922 
139
44
677.762
0.996108 -0.00620818 0.0879268 0.00086064 0.0087831 0.999543 -0.0289283 0.000541099 -0.087707 0.029588 0.995707 0.283922 
150
60
829.624
0.978428 -0.0013304 0.206583 0.231347 0.00137874 0.999999 -9.00324e-05 0.00305639 -0.206583 0.000372915 0.978429 0.236322 
150
54
965.867
0.975253 7.68637e-05 0.221093 0.0375178 -0.00275591 0.999926 0.0118088 -0.0755244 -0.221076 -0.0121259 0.975181 0.0889655 
143
54
939.989
0.975253 7.68637e-05 0.221093 0.0375178 -0.00275591 0.999926 0.0118088 -0.0755244 -0.221076 -0.0121259 0.975181 0.0889655 
145
62
884.676
0.988128 -0.00317707 0.153602 0.00498658 0.00436909 0.999963 -0.00742351 0.00610342 -0.153573 0.00800648 0.988105 0.158004 
145
56
809.092
1 -0.00032732 0.00014765 0.0252363 0.000327207 1 0.000763224 0.00527397 -0.0001479 -0.000763175 1 0.490975 
133
73
336.218
1 0.000247994 -0.000479733 -0.00167862 -0.000247686 1 0.000642189 9.5208e-05 0.000479892 -0.00064207 1 0.434047 
138
76
433.83
0.999997 -0.000417214 -0.00229009 -0.0184016 0.000419727 0.999999 0.00109706 -0.011536 0.00228963 -0.00109802 0.999997 0.493699 
131
79
363.738
0.999987 -0.00184112 -0.00473927 0.00683924 0.00185401 0.999995 0.00271658 -0.00156658 0.00473425 -0.00272533 0.999985 0.481658 
138
75
673.776
0.999998 0.00181471 0.000689296 -0.00575844 -0.00181455 0.999998 -0.000230984 0.00453297 -0.000689714 0.000229733 1 0.466206 
139
73
339.157
1 8.13844e-05 -0.000101544 -0.00883207 -8.16403e-05 0.999997 -0.00252277 0.00549961 0.000101338 0.00252277 0.999997 0.458061 
135
67
486.446
0.999997 -0.000219313 0.00245801 0.00119636 0.000230921 0.999989 -0.0047232 -0.00576955 -0.00245695 0.00472375 0.999986 0.450774 
138
64
312.64
0.997657 -0.00135264 0.068405 -0.00481191 0.000834855 0.999971 0.00759745 0.00348142 -0.0684133 -0.00752254 0.997629 0.322498 
144
59
447.177
0.997657 -0.00135264 0.068405 -0.00481191 0.000834855 0.999971 0.00759745 0.00348142 -0.0684133 -0.00752254 0.997629 0.322498 
145
59
808.561
0.978156 -0.00103024 0.207867 0.0375711 0.00126051 0.999999 -0.00097532 -0.00710673 -0.207866 0.00121604 0.978157 -0.107031 
144
63
837.746
0.975698 -0.00958069 0.218909 -0.00317655 0.00818436 0.99994 0.00728451 0.0905353 -0.218966 -0.00531585 0.975718 0.210146 
145
52
779.183
0.975698 -0.00958069 0.218909 -0.00317655 0.00818436 0.99994 0.00728451 0.0905353 -0.218966 -0.00531585 0.975718 0.210146 
150
57
893.876
0.97891 -0.00188653 0.204281 -0.00394618 0.00018521 0.999965 0.00834712 0.0036915 -0.20429 -0.00813325 0.978877 0.095687 
150
55
815.173
0.996617 0.00998424 0.0815785 -0.00449299 -0.00902172 0.999885 -0.0121588 -0.00283688 -0.0816905 0.0113817 0.996593 0.318562 
150
47
838.927
1 -0.000145275 0.000653037 -0.00687585 0.000145333 1 -8.80807e-05 -0.000844747 -0.000653025 8.81755e-05 1 0.447073 
147
70
525.096
1 -0.000200969 -0.000101627 -0.00368309 0.00020081 0.999999 -0.00155873 -0.00334915 0.00010194 0.00155871 0.999999 0.454416 
143
76
533.663
1 0.00013865 -0.000728935 0.00183575 -0.000137466 0.999999 0.00162291 -0.00495709 0.000729159 -0.00162281 0.999998 0.450299 
147
73
437.364
1 0.000154588 0.00019524 -0.00938135 -0.000154713 1 0.000638761 0.0014628 -0.000195141 -0.000638791 1 0.462146 
138
70
295.931
0.999998 -0.000374577 0.00200338 -0.0720812 0.000377545 0.999999 -0.00148112 -0.0122075 -0.00200282 0.00148188 0.999997 0.44722 
143
71
413.29
0.984984 -0.00506611 0.172569 -0.0100531 0.00450286 0.999983 0.00365526 -0.00379201 -0.172584 -0.00282332 0.984991 0.0845295 
150
56
927.568
0.984984 -0.00506611 0.172569 -0.0100531 0.00450286 0.999983 0.00365526 -0.00379201 -0.172584 -0.00282332 0.984991 0.0845295 
150
60
891.557
0.984984 -0.00506611 0.172569 -0.0100531 0.00450286 0.999983 0.00365526 -0.00379201 -0.172584 -0.00282332 0.984991 0.0845295 
150
66
964.118
0.984984 -0.00506611 0.172569 -0.0100531 0.00450286 0.999983 0.00365526 -0.00379201 -0.172584 -0.00282332 0.984991 0.0845295 
150
63
986.455
0.984984 -0.00506611 0.172569 -0.0100531 0.00450286 0.999983 0.00365526 -0.00379201 -0.172584 -0.00282332 0.984991 0.0845295 
150
64
964.755
0.984984 -0.00506611 0.172569 -0.0100531 0.00450286 0.999983 0.00365526 -0.00379201 -0.172584 -0.00282332 0.984991 0.0845295 
150
58
866.67
0.984984 -0.00506611 0.172569 -0.0100531 0.00450286 0.999983 0.00365526 -0.00379201 -0.172584 -0.00282332 0.984991 0.0845295 
150
60
903.879
0.999781 -0.000564967 0.0208989 -0.00259828 0.000468653 0.999989 0.00461322 -0.00772928 -0.0209012 -0.00460242 0.999771 0.421452 
150
73
680.31
1 -5.25385e-05 -4.33697e-05 0.000269079 5.25731e-05 1 0.000798766 -0.00187061 4.33277e-05 -0.000798768 1 0.463587 
150
105
757.035
0.999805 -0.0020981 0.0196247 0.000409217 0.000640167 0.997258 0.0740038 -4.57237e-05 -0.0197262 -0.0739769 0.997065 0.513496 
147
56
925.536
0.989599 -0.000269625 0.143854 0.0144269 0.0107053 0.997363 -0.0717746 -0.00989574 -0.143455 0.072568 0.986993 0.108361 
150
74
853.265
1 0.00018481 -0.000433601 -0.00646808 -0.000184771 1 8.95228e-05 -0.000952966 0.000433617 -8.94426e-05 1 0.464591 
150
99
462.485
1 1.62839e-05 -0.000204106 0.0104261 -1.62423e-05 1 0.000203934 0.0123599 0.000204109 -0.000203931 1 0.467678 
150
100
534.839
1 5.35349e-05 0.000209408 -0.00559431 -5.3661e-05 1 0.000602186 -0.00857442 -0.000209375 -0.000602197 1 0.471943 
150
100
637.98
1 -0.000123887 -0.000216259 -0.00248826 0.000123633 0.999999 -0.00117395 -0.000745389 0.000216404 0.00117393 0.999999 0.484592 
146
98
484.946
1 8.25683e-05 -0.000847765 -0.0102308 -8.13193e-05 0.999999 0.00147324 -0.0143901 0.000847885 -0.00147317 0.999999 0.496585 
149
96
577.639
0.999999 -0.000127338 0.00101624 -0.000305765 0.000127866 1 -0.000520099 -0.0018873 -0.00101618 0.000520228 0.999999 0.450615 
148
95
662.065
0.998899 -0.00323717 -0.0468057 0.00252672 0.00290896 0.999971 -0.00707877 0.00991045 0.0468272 0.00693482 0.998879 0.382621 
150
61
527.424
0.977846 0.0031396 -0.209301 0.0138954 -0.00350651 0.999993 -0.00138198 -0.0161179 0.209295 0.00208528 0.97785 -0.141194 
146
67
845.922
0.977846 0.0031396 -0.209301 0.0138954 -0.00350651 0.999993 -0.00138198 -0.0161179 0.209295 0.00208528 0.97785 -0.141194 
150
67
831.44
0.977846 0.0031396 -0.209301 0.0138954 -0.00350651 0.999993 -0.00138198 -0.0161179 0.209295 0.00208528 0.97785 -0.141194 
150
70
854.085
0.977846 0.0031396 -0.209301 0.0138954 -0.00350651 0.999993 -0.00138198 -0.0161179 0.209295 0.00208528 0.97785 -0.141194 
150
57
884.179
0.977846 0.0031396 -0.209301 0.0138954 -0.00350651 0.999993 -0.00138198 -0.0161179 0.209295 0.00208528 0.97785 -0.141194 
150
64
919.252
0.999996 0.00120007 -0.00244701 -0.0350659 -0.00119481 0.999997 0.00215089 -0.0036433 0.00244958 -0.00214796 0.999995 0.43014 
149
63
386.898
1 0.000134053 0.000464331 0.00872565 -0.000133706 1 -0.000745504 0.00156241 -0.000464431 0.000745442 1 0.466839 
150
95
578.151
1 -1.59323e-05 -0.000857435 0.00332935 1.34352e-05 0.999996 -0.00291222 0.00535706 0.000857478 0.00291221 0.999995 0.460383 
150
96
591.6
1 -0.000330226 0.000841409 -0.00822082 0.000329555 1 0.000798213 -0.0121082 -0.000841672 -0.000797936 0.999999 0.462575 
146
90
395.81
1 -3.37157e-05 -0.000452206 -0.00459855 3.37235e-05 1 1.718e-05 -0.000454446 0.000452206 -1.71952e-05 1 0.479961 
150
102
468.684
0.998429 -0.00194519 -0.0560031 -0.00371277 0.00251238 0.999946 0.0100592 0.00343081 0.0559805 -0.0101841 0.99838 0.352588 
150
53
540.322
0.998429 -0.00194519 -0.0560031 -0.00371277 0.00251238 0.999946 0.0100592 0.00343081 0.0559805 -0.0101841 0.99838 0.352588 
150
64
805.354
0.998429 -0.00194519 -0.0560031 -0.00371277 0.00251238 0.999946 0.0100592 0.00343081 0.0559805 -0.0101841 0.99838 0.352588 
150
61
1017.73
0.998429 -0.00194519 -0.0560031 -0.00371277 0.00251238 0.999946 0.0100592 0.00343081 0.0559805 -0.0101841 0.99838 0.352588 
150
59
928.268
0.983843 -0.000158693 -0.179034 0.0111071 -0.00341584 0.999801 -0.0196573 0.0178851 0.179001 0.0199512 0.983647 0.104391 
150
60
784.264
0.999941 -0.000757671 -0.010845 0.0304652 0.000818124 0.999984 0.00557084 0.0134415 0.0108406 -0.00557938 0.999926 0.476842 
148
68
469.624
1 9.16348e-06 4.66868e-05 0.0103405 -9.09426e-06 0.999999 -0.00148226 0.0051458 -4.67004e-05 0.00148226 0.999999 0.459803 
150
88
592.383
1 0.00050549 -0.000774603 0.0356843 -0.000505945 1 -0.000587126 0.0229858 0.000774306 0.000587517 1 0.443878 
150
83
628.138
1 -0.000231697 -0.000681677 0.000871077 0.00023208 1 0.000561653 -0.00223737 0.000681547 -0.000561811 1 0.470719 
150
84
530.064
0.987632 0.00407413 -0.156734 -0.000661325 -0.00334792 0.999982 0.00489716 -0.000566421 0.156751 -0.00431186 0.987629 0.154984 
148
62
826.437
0.987632 0.00407413 -0.156734 -0.000661325 -0.00334792 0.999982 0.00489716 -0.000566421 0.156751 -0.00431186 0.987629 0.154984 
146
61
917.601
0.987632 0.00407413 -0.156734 -0.000661325 -0.00334792 0.999982 0.00489716 -0.000566421 0.156751 -0.00431186 0.987629 0.154984 
150
65
817.337
0.987632 0.00407413 -0.156734 -0.000661325 -0.00334792 0.999982 0.00489716 -0.000566421 0.156751 -0.00431186 0.987629 0.154984 
150
58
845.207
0.987632 0.00407413 -0.156734 -0.000661325 -0.00334792 0.999982 0.00489716 -0.000566421 0.156751 -0.00431186 0.987629 0.154984 
150
67
949.54
0.976821 -0.00137962 -0.214053 0.0416797 0.00177178 0.999997 0.0016402 0.0155925 0.21405 -0.00198143 0.976821 -0.163799 
150
65
832.087
0.977484 0.00341219 -0.210981 -0.00411214 -0.00396653 0.99999 -0.00220433 0.00287118 0.210971 0.00299156 0.977488 -0.295898 
150
54
962.234
0.979842 -0.0132815 -0.199333 -0.0184224 -0.000190512 0.997725 -0.0674144 -0.0220388 0.199775 0.0660935 0.97761 -0.148534 
150
62
1159.75
0.999975 -0.00106637 -0.00704535 0.10919 0.00158773 0.997226 0.0744142 0.0808548 0.00694645 -0.0744235 0.997203 0.489995 
150
49
666.961
0.999998 -0.000275919 0.00172756 0.00618491 0.000276743 1 -0.000477039 0.00347753 -0.00172743 0.000477516 0.999998 0.454992 
147
93
388.416
1 3.75349e-05 -0.000472577 -0.00077681 -3.71002e-05 1 0.000919752 -0.00116307 0.000472612 -0.000919735 0.999999 0.455572 
150
85
434.984
1 8.7219e-05 0.000649687 0.00202344 -8.77711e-05 1 0.000849751 -0.00476737 -0.000649612 -0.000849808 0.999999 0.465614 
150
99
651.224
0.999999 0.00014768 0.00117325 0.00462176 -0.000147753 1 6.20295e-05 -0.00766019 -0.00117324 -6.22028e-05 0.999999 0.454617 
148
91
759.968
1 -7.28273e-05 5.26425e-05 -0.00386896 7.28315e-05 1 -7.86442e-05 0.0157805 -5.26367e-05 7.8648e-05 1 0.488928 
143
82
465.995
1 0.000106061 -3.53628e-06 0.0139142 -0.000106062 1 -5.12277e-05 -0.0162505 3.53084e-06 5.1228e-05 1 0.454507 
149
67
583.942
1 -0.000119869 0.000478411 -0.0362494 0.000119707 1 0.000339509 0.0060248 -0.000478451 -0.000339451 1 0.473003 
150
78
631.995
1 0.000154471 -0.000415286 -0.00463448 -0.000154829 1 -0.000860983 -0.00506818 0.000415153 0.000861047 1 0.465363 
145
72
622.823
1 -3.38058e-05 0.000575027 0.00414109 3.34481e-05 1 0.000622035 -0.0178913 -0.000575048 -0.000622015 1 0.467379 
148
73
784.916
0.988604 0.0012264 -0.150535 0.00167867 -0.000993451 0.999998 0.00162267 0.00485129 0.150537 -0.00145462 0.988603 0.164287 
150
57
900.631
0.977183 0.000982393 -0.212398 -0.0218511 0.000108259 0.999987 0.00512326 0.00039677 0.2124 -0.00502935 0.97717 -0.0592669 
149
60
1035.36
0.977183 0.000982393 -0.212398 -0.0218511 0.000108259 0.999987 0.00512326 0.00039677 0.2124 -0.00502935 0.97717 -0.0592669 
150
56
878.491
0.99643 0.00347604 -0.0843491 -0.0496256 -0.00432248 0.999942 -0.00985441 0.0154822 0.08431 0.0101838 0.996388 0.255944 
150
61
653.764
0.998374 0.00450668 -0.0568253 -0.000487598 -0.00415451 0.999971 0.00631409 -0.000332263 0.0568522 -0.00606775 0.998364 0.348906 
150
59
762.528
0.998374 0.00450668 -0.0568253 -0.000487598 -0.00415451 0.999971 0.00631409 -0.000332263 0.0568522 -0.00606775 0.998364 0.348906 
142
56
850.316
0.998374 0.00450668 -0.0568253 -0.000487598 -0.00415451 0.999971 0.00631409 -0.000332263 0.0568522 -0.00606775 0.998364 0.348906 
148
63
903.73
0.97859 0.00219094 -0.205805 0.0215436 -0.00218218 0.999998 0.000269537 -0.0140834 0.205806 0.000185339 0.978593 -0.395321 
148
53
816.617
0.97859 0.00219094 -0.205805 0.0215436 -0.00218218 0.999998 0.000269537 -0.0140834 0.205806 0.000185339 0.978593 -0.395321 
148
61
944.803
0.97859 0.00219094 -0.205805 0.0215436 -0.00218218 0.999998 0.000269537 -0.0140834 0.205806 0.000185339 0.978593 -0.395321 
147
59
858.353
0.975722 0.000126825 -0.219012 0.0323387 0.00140707 0.999976 0.00684772 -0.00113399 0.219007 -0.00698964 0.975698 0.0858671 
150
64
811.426
0.975722 0.000126825 -0.219012 0.0323387 0.00140707 0.999976 0.00684772 -0.00113399 0.219007 -0.00698964 0.975698 0.0858671 
150
61
839.994
0.975722 0.000126825 -0.219012 0.0323387 0.00140707 0.999976 0.00684772 -0.00113399 0.219007 -0.00698964 0.975698 0.0858671 
150
62
973.177
0.975722 0.000126825 -0.219012 0.0323387 0.00140707 0.999976 0.00684772 -0.00113399 0.219007 -0.00698964 0.975698 0.0858671 
150
61
920.289
0.975722 0.000126825 -0.219012 0.0323387 0.00140707 0.999976 0.00684772 -0.00113399 0.219007 -0.00698964 0.975698 0.0858671 
147
55
884.835
0.999715 8.28104e-05 -0.0238554 0.0176658 -0.000142194 0.999997 -0.00248763 0.0181039 0.0238551 0.00249031 0.999712 0.413272 
150
59
541.878
1 4.52638e-05 0.000545051 0.029065 -4.51756e-05 1 -0.00016174 -0.0110672 -0.000545058 0.000161716 1 0.464867 
150
96
635.604
0.980036 0.000301255 -0.198818 0.011128 -0.000414261 1 -0.000526794 -0.00640692 0.198817 0.00059864 0.980036 0.0515954 
150
71
911.647
1 8.54246e-06 -0.000375688 -0.0193435 -8.37942e-06 1 0.000433977 -0.0214559 0.000375691 -0.000433974 1 0.47809 
147
89
619.586
1 -0.000194647 0.000355358 -0.00628921 0.00019444 1 0.000581436 0.00139961 -0.000355471 -0.000581366 1 0.455331 
150
95
612.716
1 -0.000154735 9.35472e-05 0.0120069 0.000154711 1 0.000250206 -0.000587799 -9.35859e-05 -0.000250191 1 0.460536 
150
94
568.28
1 3.80965e-05 -4.13599e-05 0.0229362 -3.81455e-05 0.999999 -0.00118464 0.0134396 4.13147e-05 0.00118464 0.999999 0.445727 
148
85
476.524
1 -0.000107045 0.000461762 0.0298533 0.000107301 1 -0.000554613 0.0088184 -0.000461703 0.000554662 1 0.464362 
145
91
482.457
1 7.18761e-05 0.000274917 0.019115 -7.21473e-05 1 0.00098635 -0.00926086 -0.000274846 -0.00098637 0.999999 0.457022 
150
80
333.157
1 -0.000134808 0.000735764 0.00778139 0.000135565 0.999999 -0.00102945 -0.00289563 -0.000735625 0.00102955 0.999999 0.483174 
150
86
451.857
0.994058 -0.0018092 0.108841 -0.00910245 0.00213908 0.999993 -0.0029141 -0.00239705 -0.108835 0.0031296 0.994055 0.225218 
150
58
753.003
0.994058 -0.0018092 0.108841 -0.00910245 0.00213908 0.999993 -0.0029141 -0.00239705 -0.108835 0.0031296 0.994055 0.225218 
150
71
832.222
0.994058 -0.0018092 0.108841 -0.00910245 0.00213908 0.999993 -0.0029141 -0.00239705 -0.108835 0.0031296 0.994055 0.225218 
146
69
707.211
0.994058 -0.0018092 0.108841 -0.00910245 0.00213908 0.999993 -0.0029141 -0.00239705 -0.108835 0.0031296 0.994055 0.225218 
149
66
904.12
0.994058 -0.0018092 0.108841 -0.00910245 0.00213908 0.999993 -0.0029141 -0.00239705 -0.108835 0.0031296 0.994055 0.225218 
150
61
860.687
0.994058 -0.0018092 0.108841 -0.00910245 0.00213908 0.999993 -0.0029141 -0.00239705 -0.108835 0.0031296 0.994055 0.225218 
150
64
896.726
0.994058 -0.0018092 0.108841 -0.00910245 0.00213908 0.999993 -0.0029141 -0.00239705 -0.108835 0.0031296 0.994055 0.225218 
147
66
834.779
0.977528 -0.00367847 0.210776 0.31802 0.00302255 0.99999 0.00343402 -0.0776531 -0.210786 -0.00271977 0.977528 -0.439528 
147
65
965.26
0.981383 -0.0022673 0.192048 -0.00117787 0.00145584 0.999989 0.00436626 -0.0119328 -0.192056 -0.00400538 0.981376 0.0648722 
147
62
772.313
1 -0.000283438 0.000162875 -0.00504093 0.000283519 1 -0.000499906 -0.00593742 -0.000162734 0.000499953 1 0.504719 
144
101
434.551
0.999998 0.000153415 -0.00177841 -0.0143233 -0.000152021 1 0.000783634 -0.0140849 0.00177853 -0.000783363 0.999998 0.460653 
145
98
363.603
1 -2.87365e-05 -0.000595716 -0.00563241 2.87614e-05 1 4.18696e-05 0.000476751 0.000595715 -4.18867e-05 1 0.463704 
150
93
698.226
0.996465 -0.000706522 0.0840015 -0.00433497 0.000419787 0.999994 0.00343107 0.0225218 -0.0840035 -0.00338368 0.99646 0.292434 
150
65
642.592
0.999062 0.000412241 0.0432905 -0.0130667 -0.000467185 0.999999 0.0012591 0.0231306 -0.04329 -0.00127814 0.999062 0.370751 
150
64
677.878
1 -7.26649e-06 -0.000260589 -0.0137618 7.26317e-06 1 -1.27428e-05 0.00543132 0.000260589 1.2741e-05 1 0.451334 
142
88
450.47
1 -0.000102288 -6.29637e-05 0.00518566 0.000102311 1 0.00037365 0.00379349 6.29255e-05 -0.000373656 1 0.457111 
146
92
442.055
1 -0.000252435 0.000343336 -0.00393963 0.000252221 1 0.00062482 0.00212455 -0.000343494 -0.000624733 1 0.46432 
150
95
623.595
1 0.000154934 0.000540199 0.00994928 -0.000155 1 0.000121308 0.00687101 -0.00054018 -0.000121392 1 0.465726 
150
94
659.027
1 -0.000367396 0.000552572 0.0348822 0.000366187 0.999998 0.00218706 -0.00846834 -0.000553375 -0.00218686 0.999997 0.458948 
145
88
431.609
1 4.6639e-05 0.000442928 0.0086094 -4.76997e-05 0.999997 0.00239512 -0.00276232 -0.000442815 -0.00239514 0.999997 0.446868 
150
85
674.884
1 8.26268e-05 -0.000168505 -0.126833 -8.27173e-05 1 -0.000536866 -0.0073426 0.000168461 0.00053688 1 0.470639 
150
76
767.989
1 -0.000190555 -3.54171e-05 0.00348671 0.000190564 1 0.000236179 -0.000225918 3.53721e-05 -0.000236185 1 0.449447 
146
81
639.882
1 -0.000112124 -0.000571758 0.00203067 0.000112373 1 0.000436279 -0.00326714 0.000571709 -0.000436343 1 0.457924 
143
82
688.326
1 -0.000148445 0.000204325 -0.0013884 0.00014834 1 0.000511797 0.00568541 -0.000204401 -0.000511766 1 0.453432 
144
79
626.049
1 1.27391e-05 -0.000166849 -0.0310235 -1.26132e-05 1 0.000754331 0.0202319 0.000166858 -0.000754329 1 0.480118 
144
75
631.629
0.999993 0.000924653 -0.00359797 0.0020167 -0.000939908 0.999991 -0.00424053 -0.00261474 0.00359401 0.00424388 0.999985 0.448624 
144
71
714.818
0.999279 -0.00182301 -0.0379171 -0.0229274 0.00222444 0.999942 0.0105475 -0.0249169 0.0378956 -0.0106243 0.999225 0.316597 
142
44
692.498
0.999279 -0.00182301 -0.0379171 -0.0229274 0.00222444 0.999942 0.0105475 -0.0249169 0.0378956 -0.0106243 0.999225 0.316597 
147
59
948.378
0.999279 -0.00182301 -0.0379171 -0.0229274 0.00222444 0.999942 0.0105475 -0.0249169 0.0378956 -0.0106243 0.999225 0.316597 
148
60
876.138
0.999279 -0.00182301 -0.0379171 -0.0229274 0.00222444 0.999942 0.0105475 -0.0249169 0.0378956 -0.0106243 0.999225 0.316597 
145
55
734.61
0.999279 -0.00182301 -0.0379171 -0.0229274 0.00222444 0.999942 0.0105475 -0.0249169 0.0378956 -0.0106243 0.999225 0.316597 
143
61
920.38
0.999245 0.00246843 -0.0387795 -0.0203533 -0.00244893 0.999997 0.000550318 -0.00488497 0.0387807 -0.000454934 0.999248 0.367842 
138
54
629.854
0.999996 0.000474254 0.00290928 0.00431341 -0.000483216 0.999995 0.00308066 0.00205769 -0.00290781 -0.00308205 0.999991 0.482123 
141
71
508.919
0.999999 0.000115135 -0.00106333 -0.00131786 -0.000115386 1 -0.000236392 -0.00103373 0.00106331 0.000236515 0.999999 0.448542 
140
75
552.159
1 0.000429178 6.73758e-05 -0.00143777 -0.000429196 1 0.000274328 -0.00532832 -6.7258e-05 -0.000274357 1 0.445383 
136
67
564.457
0.999994 -0.0012604 -0.00324493 0.00390742 0.00121896 0.999918 -0.0127401 0.00435376 0.00326072 0.0127361 0.999914 0.410155 
122
51
443.989
0.999994 -0.0012604 -0.00324493 0.00390742 0.00121896 0.999918 -0.0127401 0.00435376 0.00326072 0.0127361 0.999914 0.410155 
142
56
742.068
0.999994 -0.0012604 -0.00324493 0.00390742 0.00121896 0.999918 -0.0127401 0.00435376 0.00326072 0.0127361 0.999914 0.410155 
136
56
726.732
0.974567 0.00577799 -0.224021 0.193272 -0.00475089 0.999976 0.00512355 -0.0790111 0.224045 -0.00392895 0.974571 -0.146084 
140
48
971.86
0.974567 0.00577799 -0.224021 0.193272 -0.00475089 0.999976 0.00512355 -0.0790111 0.224045 -0.00392895 0.974571 -0.146084 
143
62
833.818
0.974567 0.00577799 -0.224021 0.193272 -0.00475089 0.999976 0.00512355 -0.0790111 0.224045 -0.00392895 0.974571 -0.146084 
150
66
967.803
0.974567 0.00577799 -0.224021 0.193272 -0.00475089 0.999976 0.00512355 -0.0790111 0.224045 -0.00392895 0.974571 -0.146084 
148
68
908.233
0.993855 0.0051617 -0.11057 -0.0288517 -0.00634491 0.999926 -0.0103519 0.00830785 0.110508 0.0109898 0.993814 0.197742 
145
57
763.923
1 -0.000403666 -0.000156967 -0.0236916 0.000403591 1 -0.000477057 0.0163018 0.000157159 0.000476994 1 0.522547 
132
69
271.68
1 -0.000154606 -0.000187678 0.00390071 0.000154811 0.999999 0.0010946 0.0137274 0.000187508 -0.00109463 0.999999 0.478208 
144
66
414.761
0.999999 -0.000252344 -0.00124001 0.000805532 0.000249564 0.999997 -0.00224187 -0.00401564 0.00124057 0.00224156 0.999997 0.397083 
141
74
574.994
1 -0.000108957 0.000363562 0.0116166 0.000109005 1 -0.000132423 0.00794872 -0.000363548 0.000132463 1 0.450123 
141
70
550.486
1 -0.000291893 -0.000533238 -0.00367778 0.000292001 1 0.000202361 -0.000860943 0.000533179 -0.000202516 1 0.482004 
142
66
373.458
0.983144 -0.00299783 -0.18281 -0.184283 0.00195145 0.999981 -0.0059035 0.0393994 0.182824 0.00544725 0.983131 0.263987 
140
43
759.007
0.985805 -0.00200921 -0.16788 -0.0164905 0.0028458 0.999985 0.00474284 0.0127546 0.167868 -0.00515327 0.985796 0.163859 
138
49
646.336
1 0.000227531 -0.000164982 -0.0196856 -0.0002276 1 -0.000420358 0.0117481 0.000164887 0.000420396 1 0.411057 
139
68
412.949
0.999995 -0.00195076 -0.00244231 -0.0881867 0.00194434 0.999995 -0.00262781 0.0759535 0.00244743 0.00262305 0.999994 0.461401 
136
69
357.756
1 0.00013192 0.000461337 -0.0166517 -0.000132169 1 0.000540657 0.00874878 -0.000461266 -0.000540717 1 0.469972 
140
65
463.851
0.999999 0.000272718 0.00134073 -0.00449208 -0.000274074 0.999999 0.00101127 0.000469845 -0.00134046 -0.00101163 0.999999 0.457185 
144
78
419.987
0.999999 -0.000246749 -0.00120035 -0.0125038 0.000246545 1 -0.000170658 -0.000489982 0.00120039 0.000170362 0.999999 0.457136 
144
80
557.088
0.999999 0.000344436 0.00142724 -0.220229 -0.000344855 1 0.00029295 0.051757 -0.00142714 -0.000293442 0.999999 0.452492 
142
64
426.266
0.99998 -0.00172833 -0.00607059 -0.0166068 0.00170603 0.999992 -0.00367647 0.0118387 0.00607689 0.00366604 0.999975 0.424185 
148
79
508.148
0.997927 0.00548681 -0.0641142 -0.0605971 -0.00588931 0.999964 -0.00609061 0.0330694 0.0640785 0.00645557 0.997924 0.301628 
150
46
735.632
0.997927 0.00548681 -0.0641142 -0.0605971 -0.00588931 0.999964 -0.00609061 0.0330694 0.0640785 0.00645557 0.997924 0.301628 
149
69
883.056
0.997927 0.00548681 -0.0641142 -0.0605971 -0.00588931 0.999964 -0.00609061 0.0330694 0.0640785 0.00645557 0.997924 0.301628 
146
65
796.877
0.997927 0.00548681 -0.0641142 -0.0605971 -0.00588931 0.999964 -0.00609061 0.0330694 0.0640785 0.00645557 0.997924 0.301628 
148
61
905.89
0.997927 0.00548681 -0.0641142 -0.0605971 -0.00588931 0.999964 -0.00609061 0.0330694 0.0640785 0.00645557 0.997924 0.301628 
146
60
986.864
0.997927 0.00548681 -0.0641142 -0.0605971 -0.00588931 0.999964 -0.00609061 0.0330694 0.0640785 0.00645557 0.997924 0.301628 
149
65
835.675
0.991266 0.00825072 -0.131617 -0.0355536 -0.00820976 0.999966 0.000853856 -0.00217403 0.13162 0.000234146 0.9913 0.186526 
150
76
736.276
1 -9.54462e-05 -0.000420201 -0.00212745 9.52011e-05 1 -0.000583257 -0.00222129 0.000420257 0.000583217 1 0.463532 
150
121
492.841
1 0.000184487 0.000636133 0.000672546 -0.000183368 0.999998 -0.00175813 -0.00173857 -0.000636457 0.00175802 0.999998 0.464981 
150
103
506.905
0.999998 -0.000410554 0.00195702 0.00220713 0.000408619 0.999999 0.000989448 -0.00422998 -0.00195743 -0.000988646 0.999998 0.47936 
150
97
307.856
1 -0.000160492 -0.00010006 0.00186442 0.000160394 1 -0.000972345 -0.000155241 0.000100216 0.000972329 1 0.460111 
147
108
450.706
0.999999 -4.50979e-05 0.00119324 -0.000229455 4.3927e-05 1 0.000981323 0.000284958 -0.00119329 -0.00098127 0.999999 0.460606 
146
103
409.002
1 9.70448e-05 -7.31823e-05 -0.00370283 -9.70728e-05 1 -0.000382267 -0.00250096 7.31452e-05 0.000382275 1 0.470287 
150
107
645.819
1 2.28927e-05 -0.000433562 -0.00311706 -2.30763e-05 1 -0.000423383 -0.00359921 0.000433552 0.000423393 1 0.462091 
150
113
583.203
1 -5.86732e-05 -0.000814208 -0.00420617 5.8186e-05 1 -0.000598452 -0.00105359 0.000814243 0.000598405 0.999999 0.464148 
150
110
455.955
0.999998 6.0643e-05 -0.00211149 -0.00394024 -6.27371e-05 1 -0.000991678 -0.00167671 0.00211143 0.000991809 0.999997 0.438531 
150
108
482.386
1 5.52341e-05 0.000600628 -0.00197439 -5.50168e-05 1 -0.000361912 -0.00328715 -0.000600648 0.000361879 1 0.44904 
150
95
684.095
1 -7.64181e-05 -0.000481546 -0.00504851 7.48891e-05 0.999995 -0.00317434 -0.00303063 0.000481786 0.0031743 0.999995 0.462496 
142
96
395.824
1 0.000243438 -0.000425941 -0.00439314 -0.000243553 1 -0.000268163 -0.00367449 0.000425875 0.000268267 1 0.466724 
150
98
496.519
1 0.000200279 -0.000707944 0.00271976 -0.000199838 1 0.00062294 0.0029738 0.000708068 -0.000622798 1 0.452293 
150
104
624.853
0.994649 0.00148752 -0.103301 -0.00607392 -0.00154383 0.999999 -0.000465143 -0.0329109 0.1033 0.000622133 0.99465 0.200374 
150
52
752.323
0.978349 0.00263639 -0.206944 -0.0442757 -0.00196163 0.999992 0.0034657 -0.000665044 0.206951 -0.00298472 0.978347 0.0758653 
150
67
950.267
