0.999996 0.00285256 -0.000717276 0.00516474 -0.00284227 0.999899 0.0139544 -0.45716 0.000757009 -0.0139523 0.999902 -0.903347 
132
102
61.812
0.999996 0.00285256 -0.000717276 0.00516474 -0.00284227 0.999899 0.0139544 -0.45716 0.000757009 -0.0139523 0.999902 -0.903347 
103
87
436.226
0.999996 0.00285256 -0.000717276 0.00516474 -0.00284227 0.999899 0.0139544 -0.45716 0.000757009 -0.0139523 0.999902 -0.903347 
111
80
274.066
0.999996 0.00285256 -0.000717276 0.00516474 -0.00284227 0.999899 0.0139544 -0.45716 0.000757009 -0.0139523 0.999902 -0.903347 
97
77
217.616
0.999996 0.00285256 -0.000717276 0.00516474 -0.00284227 0.999899 0.0139544 -0.45716 0.000757009 -0.0139523 0.999902 -0.903347 
94
74
209.844
0.99998 0.00306795 0.00545769 -0.0469754 -0.0030682 0.999995 3.72222e-05 -0.0149348 -0.00545755 -5.39667e-05 0.999985 0.659064 
104
75
436.068
0.99998 0.00306795 0.00545769 -0.0469754 -0.0030682 0.999995 3.72222e-05 -0.0149348 -0.00545755 -5.39667e-05 0.999985 0.659064 
101
80
366.877
0.99998 0.00306795 0.00545769 -0.0469754 -0.0030682 0.999995 3.72222e-05 -0.0149348 -0.00545755 -5.39667e-05 0.999985 0.659064 
91
70
110.417
0.999993 0.0020296 0.0031615 -0.0447623 -0.00203355 0.999997 0.00124836 -0.0137311 -0.00315896 -0.00125478 0.999994 0.717575 
132
78
626.481
0.999998 -0.00175505 -0.00121508 0.0181703 0.00174366 0.999955 -0.00931419 0.059722 0.00123137 0.00931205 0.999956 0.708808 
120
71
526.999
0.999996 0.00123581 0.00262488 -0.00809382 -0.00123107 0.999998 -0.00180582 0.0179384 -0.00262711 0.00180258 0.999995 0.632993 
120
75
305.072
0.999996 0.00123581 0.00262488 -0.00809382 -0.00123107 0.999998 -0.00180582 0.0179384 -0.00262711 0.00180258 0.999995 0.632993 
119
79
350.946
0.999996 0.00123581 0.00262488 -0.00809382 -0.00123107 0.999998 -0.00180582 0.0179384 -0.00262711 0.00180258 0.999995 0.632993 
132
77
387.27
0.999996 0.00123581 0.00262488 -0.00809382 -0.00123107 0.999998 -0.00180582 0.0179384 -0.00262711 0.00180258 0.999995 0.632993 
130
72
432.058
0.999996 0.00123581 0.00262488 -0.00809382 -0.00123107 0.999998 -0.00180582 0.0179384 -0.00262711 0.00180258 0.999995 0.632993 
134
77
973.853
0.999997 0.00217618 0.00129781 0.042164 -0.00217004 0.999987 -0.00471642 0.0625857 -0.00130805 0.00471358 0.999988 0.633543 
131
81
601.107
0.999994 -0.00198648 -0.00299272 0.00569747 0.00198906 0.999998 0.000860934 -0.00519057 0.00299101 -0.000866881 0.999995 0.785561 
127
82
482.413
0.999998 -0.00092793 -0.00170441 -0.00565962 0.00092544 0.999999 -0.00146147 0.0100185 0.00170577 0.00145989 0.999997 0.686836 
129
94
902.032
0.999998 -0.00092793 -0.00170441 -0.00565962 0.00092544 0.999999 -0.00146147 0.0100185 0.00170577 0.00145989 0.999997 0.686836 
123
87
926.157
0.999998 -0.00092793 -0.00170441 -0.00565962 0.00092544 0.999999 -0.00146147 0.0100185 0.00170577 0.00145989 0.999997 0.686836 
111
80
554.141
0.999995 0.00214489 0.00232112 -0.0301476 -0.00214271 0.999997 -0.000940507 0.0107706 -0.00232313 0.000935529 0.999997 0.698822 
114
91
720.198
0.999992 0.00293986 0.00272208 -0.012033 -0.00293805 0.999995 -0.000668021 -0.0191122 -0.00272404 0.000660018 0.999996 0.673655 
107
73
294.57
0.999992 0.00293986 0.00272208 -0.012033 -0.00293805 0.999995 -0.000668021 -0.0191122 -0.00272404 0.000660018 0.999996 0.673655 
114
80
311.209
0.999992 0.00293986 0.00272208 -0.012033 -0.00293805 0.999995 -0.000668021 -0.0191122 -0.00272404 0.000660018 0.999996 0.673655 
100
80
209.394
0.999992 0.00293986 0.00272208 -0.012033 -0.00293805 0.999995 -0.000668021 -0.0191122 -0.00272404 0.000660018 0.999996 0.673655 
105
82
186.537
0.999999 -0.00123683 -0.00109852 -0.0149811 0.00123672 0.999999 -0.00010337 -0.00904426 0.00109865 0.000102011 0.999999 0.502582 
110
84
455.077
0.999992 -0.00185853 -0.00355022 -0.00126295 0.0018566 0.999998 -0.00054811 -0.000738697 0.00355123 0.000541514 0.999994 0.722856 
120
98
707.278
0.999992 -0.00185853 -0.00355022 -0.00126295 0.0018566 0.999998 -0.00054811 -0.000738697 0.00355123 0.000541514 0.999994 0.722856 
117
87
307.985
0.999992 -0.00185853 -0.00355022 -0.00126295 0.0018566 0.999998 -0.00054811 -0.000738697 0.00355123 0.000541514 0.999994 0.722856 
115
91
308.201
1 0.000556537 -0.000228685 -0.0119751 -0.000556544 1 -2.81506e-05 -0.0168776 0.000228669 2.82778e-05 1 0.578264 
124
82
402.5
