0.999975 0.00653386 0.00257477 -0.0121475 -0.00656078 0.999922 0.0105911 -0.255687 -0.00250537 -0.0106077 0.999941 -0.456096 
150
130
167.913
0.999996 0.00264204 0.000923281 -0.00550348 -0.00263654 0.999979 -0.00590987 0.0678625 -0.000938876 0.00590742 0.999982 0.803446 
150
124
455.205
1 -0.00087126 -3.07798e-05 0.00246693 0.000871259 1 -2.29415e-05 -0.0011582 3.07998e-05 2.29146e-05 1 0.516594 
150
137
634.848
0.999986 -0.00529653 -0.000920937 0.00534413 0.00529325 0.99998 -0.0035267 0.0450212 0.000939598 0.00352178 0.999993 0.647303 
148
129
496.346
0.999998 -0.00157496 0.00105321 -0.00121961 0.00157684 0.999997 -0.00178959 0.0360099 -0.00105039 0.00179125 0.999998 0.624185 
150
113
502.94
0.999997 -0.00224571 -0.000912244 0.00717968 0.00224551 0.999997 -0.000220801 0.00967247 0.000912737 0.000218751 1 0.550914 
150
129
611.118
1 0.000439032 0.000169006 -0.00457233 -0.000439097 1 0.000382037 4.47583e-05 -0.000168838 -0.000382111 1 0.522825 
150
130
661.707
0.999967 0.00723788 0.00381188 -0.0296607 -0.00722109 0.999964 -0.00440081 0.052482 -0.0038436 0.00437313 0.999983 0.660125 
150
129
670.941
0.999994 -0.00310936 -0.00145947 0.0112306 0.0031092 0.999995 -0.000114985 0.00948871 0.00145982 0.000110446 0.999999 0.591268 
150
130
574.886
1 0.000493667 -0.000578256 0.00218429 -0.000493706 1 -6.78938e-05 7.93771e-07 0.000578222 6.81793e-05 1 0.541648 
150
123
770.091
0.999994 0.0034035 0.00114173 -0.0165588 -0.00340426 0.999994 0.000664116 0.00603239 -0.00113946 -0.000667998 0.999999 0.620334 
150
133
604.834
1 0.000284639 -0.000562481 0.00556302 -0.000284562 1 0.000136827 0.0058439 0.000562519 -0.000136667 1 0.555278 
150
126
684.25
0.999974 -0.00618432 -0.00376368 0.0289307 0.00618425 0.999981 -3.05492e-05 0.00119221 0.00376379 7.2729e-06 0.999993 0.573618 
150
127
607.756
0.999998 0.0020073 0.000481237 0.00149421 -0.00200725 0.999998 -9.2536e-05 -0.0106233 -0.000481422 9.15698e-05 1 0.483008 
150
130
630.152
1 -2.90237e-05 0.000663873 0.00323936 3.00837e-05 0.999999 -0.00159673 0.00984871 -0.000663826 0.00159675 0.999999 0.621491 
146
125
577.368
0.999998 0.00176609 0.00115558 -0.0141042 -0.00176625 0.999998 0.000144082 -0.00782533 -0.00115532 -0.000146122 0.999999 0.539438 
150
124
638.144
0.999996 -0.00224364 -0.00181116 0.0219501 0.00224227 0.999997 -0.000758594 -0.000926751 0.00181285 0.00075453 0.999998 0.735926 
150
118
922.329
0.99999 0.00403938 0.0017027 -0.016719 -0.00403729 0.999991 -0.00123096 0.0090617 -0.00170766 0.00122407 0.999998 0.554741 
150
140
626.899
1 -0.00096073 1.16551e-05 0.00298857 0.000960722 0.999999 0.000685574 -0.0133486 -1.23137e-05 -0.000685562 1 0.540566 
150
139
574.056
0.999982 0.00525894 0.0028357 -0.0283145 -0.00525809 0.999986 -0.000307027 0.00297489 -0.00283728 0.000292112 0.999996 0.74109 
138
110
602.198
0.999966 -0.00714482 -0.00420151 0.0319661 0.00713697 0.999973 -0.00187872 0.0103575 0.00421482 0.00184867 0.999989 0.561586 
150
142
668.066
0.999966 -0.00714482 -0.00420151 0.0319661 0.00713697 0.999973 -0.00187872 0.0103575 0.00421482 0.00184867 0.999989 0.561586 
150
136
551.753
0.999985 -0.00493054 -0.00238793 0.0215879 0.00492881 0.999988 -0.000731885 0.00165926 0.00239151 0.000720105 0.999997 0.584461 
150
146
712.933
0.999999 0.0014239 -0.000525582 0.00159988 -0.00142399 0.999999 -0.000157225 -0.0103538 0.000525358 0.000157973 1 0.546219 
149
142
701.818
0.999997 0.00227 0.00120801 -0.0110743 -0.00226815 0.999996 -0.00153459 0.0056646 -0.00121149 0.00153185 0.999998 0.618055 
150
143
646.309
0.999994 -0.00311048 -0.00143176 0.0109332 0.00310936 0.999995 -0.000777229 -0.00203847 0.00143417 0.000772772 0.999999 0.598881 
147
137
541.793
0.999999 -0.00101304 -0.000607604 0.00532513 0.00101195 0.999998 -0.00179659 0.00607498 0.000609423 0.00179597 0.999998 0.601303 
146
138
648.063
0.999999 -0.00101304 -0.000607604 0.00532513 0.00101195 0.999998 -0.00179659 0.00607498 0.000609423 0.00179597 0.999998 0.601303 
150
144
633.864
0.999997 -0.00201334 -0.00137129 0.00760279 0.00201273 0.999998 -0.000446987 -0.00280231 0.00137218 0.000444226 0.999999 0.541739 
150
138
692.16
0.999997 -0.00201334 -0.00137129 0.00760279 0.00201273 0.999998 -0.000446987 -0.00280231 0.00137218 0.000444226 0.999999 0.541739 
150
145
623.625
0.999991 -0.00354634 -0.00220044 0.0238988 0.00354306 0.999993 -0.00149539 0.0038056 0.00220573 0.00148758 0.999996 0.60146 
144
135
645.291
1 -0.000138902 -0.000442308 0.00315547 0.00013883 1 -0.000161804 -0.00759912 0.00044233 0.000161743 1 0.542044 
150
139
633.338
0.999998 0.00155333 0.000772655 -0.00851752 -0.00155357 0.999999 0.000304483 -0.00803598 -0.000772181 -0.000305683 1 0.502309 
144
137
458.721
0.999998 0.00155333 0.000772655 -0.00851752 -0.00155357 0.999999 0.000304483 -0.00803598 -0.000772181 -0.000305683 1 0.502309 
150
142
623.409
1 -9.70609e-05 -0.000878753 0.0037043 9.67892e-05 1 -0.000309276 -0.00257629 0.000878783 0.00030919 1 0.527355 
148
137
667.298
0.99999 0.00385988 0.00225404 -0.0180921 -0.0038598 0.999993 -4.11677e-05 -0.00277433 -0.00225418 3.24671e-05 0.999997 0.521706 
143
137
492.495
0.999999 0.00116932 0.000865102 -0.00681711 -0.00116986 0.999999 0.000620425 -0.00350253 -0.000864376 -0.000621437 0.999999 0.516849 
149
139
564.494
0.999999 0.00116932 0.000865102 -0.00681711 -0.00116986 0.999999 0.000620425 -0.00350253 -0.000864376 -0.000621437 0.999999 0.516849 
148
132
478.531
0.99999 0.00427162 0.0010013 -0.00746827 -0.00427199 0.999991 0.000372622 -0.00207675 -0.000999697 -0.000376896 0.999999 0.520667 
150
141
692.967
0.999991 0.00405339 0.00149748 -0.0112177 -0.00405219 0.999991 -0.000804663 0.0129392 -0.00150073 0.000798587 0.999999 0.603528 
145
133
707.906
0.999999 0.00101594 0.00068825 -0.00540106 -0.00101616 0.999999 0.000313086 0.0024355 -0.000687932 -0.000313785 1 0.51565 
145
135
683.44
0.999997 0.00240642 0.00105517 -0.0115812 -0.00240679 0.999997 0.000352169 0.0102999 -0.00105432 -0.000354707 0.999999 0.552974 
150
138
720.535
0.999995 0.00255146 0.00192365 -0.0152546 -0.00255084 0.999997 -0.000326601 0.00917933 -0.00192448 0.000321692 0.999998 0.53825 
150
131
626.407
0.999991 0.00407919 0.00149608 -0.013022 -0.0040812 0.999991 0.00133777 -0.00548706 -0.0014906 -0.00134386 0.999998 0.532864 
150
137
608.496
1 0.000225254 -0.000485271 0.00468582 -0.000225792 0.999999 -0.00110766 0.0129069 0.000485022 0.00110777 0.999999 0.587682 
148
136
633.336
0.999991 0.00375982 0.0018322 -0.0117976 -0.00376091 0.999993 0.000596166 0.0135417 -0.00182994 -0.000603051 0.999998 0.625335 
143
120
589.236
0.999999 -0.000841397 -0.000888413 0.00786678 0.000841972 0.999999 0.000646683 0.00185104 0.000887868 -0.000647431 0.999999 0.542024 
149
137
773.88
1 0.000366408 -0.000223099 -0.00166663 -0.000366493 1 -0.000381422 0.0156157 0.00022296 0.000381503 1 0.636035 
150
138
702.474
0.999996 0.00270225 0.000876592 -0.00842496 -0.00270291 0.999996 0.000752517 -0.00700967 -0.000874555 -0.000754884 0.999999 0.528133 
150
138
684.156
0.999998 -0.00141127 -0.00112927 0.00381825 0.00141157 0.999999 0.000261496 -0.00091043 0.0011289 -0.00026309 0.999999 0.536253 
150
135
745.448
0.999998 0.00206567 0.000398612 -0.00397629 -0.00206568 0.999998 1.45841e-05 0.00303591 -0.000398581 -1.54075e-05 1 0.61382 
145
143
612.419
0.999985 0.0048536 0.00237024 -0.0182166 -0.00485303 0.999988 -0.000245891 8.15009e-05 -0.00237141 0.000234384 0.999997 0.558589 
145
135
636.68
0.999976 0.00515868 0.0046716 -0.0573928 -0.0051468 0.999983 -0.00255199 -0.0439637 -0.00468468 0.00252788 0.999986 0.310124 
143
124
417.05
0.999995 -0.00313731 -0.000830927 0.0130442 0.00313714 0.999995 -0.000213674 0.000667346 0.000831593 0.000211066 1 0.640214 
150
131
590.437
1 0.000109883 -0.000376731 0.00146996 -0.000109565 1 0.000842233 -0.0189339 0.000376823 -0.000842192 1 0.53775 
150
134
525.471
0.999998 -0.00165709 -0.000604726 0.00163511 0.00165673 0.999998 -0.000595323 0.00198624 0.000605712 0.00059432 1 0.612889 
150
140
621.458
0.999994 -0.00306666 -0.00127226 0.0083177 0.00306512 0.999995 -0.00120418 0.00114432 0.00127595 0.00120028 0.999998 0.621875 
141
132
572.315
1 -0.000420893 9.65044e-05 0.0010307 0.000420978 1 -0.000887916 2.45548e-05 -9.61307e-05 0.000887957 1 0.591043 
150
139
644.802
0.999991 0.00116246 -0.00416798 -0.00192079 -0.00115497 0.999998 0.00179975 -0.00554285 0.00417006 -0.00179492 0.99999 0.614713 
150
141
812.428
0.969717 0.0110304 -0.24398 1.68002 -0.0139929 0.999848 -0.0104127 -0.132386 0.243829 0.0135114 0.969724 -1.69354 
94
58
3953.89
0.969717 0.0110304 -0.24398 1.68002 -0.0139929 0.999848 -0.0104127 -0.132386 0.243829 0.0135114 0.969724 -1.69354 
139
130
348.841
0.999991 0.00381434 0.00202608 -0.0191907 -0.0038147 0.999993 0.000171735 0.00489009 -0.00202541 -0.000179463 0.999998 0.569786 
144
134
497.86
1 0.000653166 0.000449599 -0.00757821 -0.000653338 1 0.000383655 0.000127231 -0.000449348 -0.000383948 1 0.508967 
146
130
576.575
0.999998 -0.00178543 -0.000275189 0.00416915 0.0017849 0.999997 -0.00191035 0.0228399 0.000278599 0.00190985 0.999998 0.568496 
149
141
645.119
0.999996 0.00238011 0.00153476 -0.0108098 -0.00238147 0.999997 0.000888144 -0.00307301 -0.00153265 -0.000891796 0.999998 0.524851 
150
139
648.691
0.999999 0.00107567 0.000300237 -0.00221664 -0.00107593 0.999999 0.000877406 -0.0125229 -0.000299293 -0.000877728 1 0.551205 
135
110
447.236
0.999991 0.00373815 0.00183705 -0.0175255 -0.00374047 0.999992 0.00126288 0.00303187 -0.00183231 -0.00126974 0.999998 0.555701 
146
122
433.549
0.999999 -0.00112904 -0.000831952 0.00282888 0.00112991 0.999999 0.0010389 -0.00357905 0.000830778 -0.00103984 0.999999 0.524983 
145
127
628.761
0.999988 0.00398647 0.00288975 -0.0292959 -0.00397626 0.999986 -0.00352974 0.045045 -0.00290378 0.00351821 0.99999 0.632846 
140
114
523.616
0.999998 0.0012574 0.001553 -0.0108138 -0.00125974 0.999998 0.00150799 -0.00685622 -0.0015511 -0.00150995 0.999998 0.529253 
146
126
854.093
0.999982 0.00527054 0.00269553 -0.0233404 -0.00527519 0.999985 0.00171873 -0.00986253 -0.00268643 -0.00173292 0.999995 0.524092 
150
131
694.598
0.999942 0.0100661 0.00380691 -0.0342349 -0.0100682 0.999949 0.000529209 0.0135368 -0.00380139 -0.000567507 0.999993 0.590809 
148
120
738.519
0.999999 -0.0012314 -0.000436036 -0.00108927 0.0012322 0.999998 0.00184904 -0.0123729 0.000433758 -0.00184957 0.999998 0.560793 
138
121
521.024
0.999979 0.00576653 0.00279426 -0.0224976 -0.00576715 0.999983 0.000213233 -3.62992e-05 -0.00279299 -0.000229343 0.999996 0.524816 
150
130
600.511
0.999994 0.00351108 0.000726195 -0.00821324 -0.00351158 0.999994 0.000689082 -0.00287022 -0.000723771 -0.000691628 0.999999 0.551436 
150
134
585.028
0.999999 -0.000497203 -0.00103526 0.00296446 0.000497366 1 0.000157902 0.0011656 0.00103518 -0.000158417 0.999999 0.558286 
150
134
692.885
0.999999 -0.00154956 -0.000680963 0.00243381 0.00155076 0.999997 0.00175338 -0.0358398 0.000678245 -0.00175444 0.999998 0.586696 
128
115
356.62
0.999968 -0.00694992 -0.00406884 0.0289663 0.00695278 0.999976 0.000689282 -0.0150923 0.00406395 -0.000717549 0.999991 0.529598 
147
140
563.254
0.999991 0.00386869 0.00142793 -0.013589 -0.00386824 0.999992 -0.000313423 -0.00218867 -0.00142914 0.000307897 0.999999 0.588897 
144
131
445.961
0.999992 0.00354978 0.00181904 -0.0141159 -0.00354906 0.999994 -0.000401776 0.00228663 -0.00182046 0.000395317 0.999998 0.560133 
150
138
662.186
0.999992 0.00354978 0.00181904 -0.0141159 -0.00354906 0.999994 -0.000401776 0.00228663 -0.00182046 0.000395317 0.999998 0.560133 
142
123
951.06
0.999977 0.0061585 0.00298691 -0.025742 -0.00615621 0.999981 -0.000775748 -0.000575373 -0.00299163 0.000757342 0.999995 0.557384 
150
142
521.389
0.999998 0.0018077 0.000929009 -0.00729711 -0.00180841 0.999998 0.000765191 -0.0203798 -0.000927624 -0.00076687 0.999999 0.518535 
150
133
551.078
0.999998 0.0018077 0.000929009 -0.00729711 -0.00180841 0.999998 0.000765191 -0.0203798 -0.000927624 -0.00076687 0.999999 0.518535 
145
137
706.936
0.999991 -0.00365627 -0.00233951 0.0201997 0.00365439 0.999993 -0.000808364 0.000648124 0.00234245 0.000799806 0.999997 0.592885 
143
133
535.477
0.999991 -0.00365627 -0.00233951 0.0201997 0.00365439 0.999993 -0.000808364 0.000648124 0.00234245 0.000799806 0.999997 0.592885 
146
132
593.82
0.999991 -0.00365627 -0.00233951 0.0201997 0.00365439 0.999993 -0.000808364 0.000648124 0.00234245 0.000799806 0.999997 0.592885 
144
135
604.246
0.999957 0.00875609 0.0030933 -0.0282804 -0.00875462 0.999962 -0.000486564 -2.12835e-06 -0.00309744 0.000459462 0.999995 0.540769 
147
130
671.647
0.999998 0.00202364 0.000383258 -0.00233099 -0.00202339 0.999998 -0.000655887 0.0021394 -0.000384584 0.00065511 1 0.584643 
150
143
685.28
0.999998 0.00202364 0.000383258 -0.00233099 -0.00202339 0.999998 -0.000655887 0.0021394 -0.000384584 0.00065511 1 0.584643 
146
141
605.883
0.999997 -0.00173134 -0.00177742 0.0114628 0.00173014 0.999998 -0.000677122 0.000226104 0.00177859 0.000674044 0.999998 0.528457 
150
136
666.143
0.999997 -0.00173134 -0.00177742 0.0114628 0.00173014 0.999998 -0.000677122 0.000226104 0.00177859 0.000674044 0.999998 0.528457 
136
123
415.427
0.999995 0.00294416 0.00150597 -0.0121632 -0.00294182 0.999994 -0.00155101 0.0160107 -0.00151052 0.00154657 0.999998 0.577372 
150
139
624.156
0.999995 0.00294416 0.00150597 -0.0121632 -0.00294182 0.999994 -0.00155101 0.0160107 -0.00151052 0.00154657 0.999998 0.577372 
150
143
628.556
0.999982 -0.00533159 -0.00286438 0.0268401 0.00532981 0.999986 -0.000630479 0.0133613 0.0028677 0.000615201 0.999996 0.660055 
140
133
532.144
0.999999 0.00104411 -0.000119065 0.00165572 -0.00104411 0.999999 2.0352e-05 -0.000148983 0.000119087 -2.02277e-05 1 0.535072 
150
131
457.067
1 0.000508416 -0.000621935 -0.00114021 -0.00050795 1 0.000748505 -0.00920235 0.000622315 -0.000748189 1 0.493086 
149
128
364.133
0.999999 0.000817416 0.000999028 -0.00838242 -0.000816353 0.999999 -0.00106432 0.0214113 -0.000999897 0.0010635 0.999999 0.58113 
150
139
627.55
0.999998 -0.00168776 -0.00089053 0.00145283 0.00168843 0.999998 0.000759053 0.00371455 0.000889247 -0.000760555 0.999999 0.55319 
149
130
555.655
0.999998 0.00200703 8.88538e-05 -0.00440335 -0.00200708 0.999998 0.000462759 0.00115762 -8.79249e-05 -0.000462936 1 0.527342 
148
136
654.002
0.999988 0.0046124 0.0019008 -0.0148281 -0.00461392 0.999989 0.000794789 -0.00253623 -0.00189712 -0.000803549 0.999998 0.536655 
150
130
600.923
1 0.000115162 0.000124817 -0.00141333 -0.000115128 1 -0.000265582 0.00988446 -0.000124848 0.000265568 1 0.541922 
150
133
704.832
1 0.000435261 0.0002734 -0.00355331 -0.000435442 1 0.000661232 0.000543332 -0.000273112 -0.000661351 1 0.533588 
150
130
602.789
1 -0.000116981 -0.00016718 -0.000943926 0.000117111 1 0.000775623 -0.00044368 0.000167089 -0.000775643 1 0.532992 
150
135
750.429
0.999984 0.00505813 0.00264988 -0.0227218 -0.005059 0.999987 0.000322932 0.00506687 -0.00264821 -0.000336333 0.999996 0.574296 
139
122
440.586
0.999999 0.000684629 -0.00105549 0.00244497 -0.000682963 0.999999 0.00157815 -0.00598277 0.00105657 -0.00157743 0.999998 0.560655 
140
124
639.746
0.999935 0.0108482 0.00356244 -0.0320751 -0.010849 0.999941 0.000196831 0.00671716 -0.00356009 -0.000235467 0.999994 0.560427 
146
123
528.826
0.999972 0.00688328 0.002893 -0.0271958 -0.00688307 0.999976 -8.20908e-05 0.0110595 -0.0028935 6.21758e-05 0.999996 0.569578 
150
127
664.846
0.999941 0.0097117 0.00483791 -0.0417851 -0.00970523 0.999952 -0.0013595 0.0180059 -0.00485088 0.00131246 0.999987 0.597595 
150
126
576.342
1 -0.000686225 -0.000723865 0.00228659 0.000685892 1 -0.000460716 0.0119455 0.00072418 0.000460219 1 0.577727 
150
132
696.811
0.999999 -0.00125065 -0.00103853 0.00858355 0.00125115 0.999999 0.00048052 -0.00663602 0.00103792 -0.000481819 0.999999 0.541418 
150
137
653.417
0.999963 0.00796982 0.00320837 -0.0285177 -0.0079723 0.999968 0.000762422 -0.00724573 -0.00320219 -0.000787972 0.999995 0.547197 
150
142
628.968
0.999998 0.00206734 0.000144078 -0.00396805 -0.00206733 0.999998 -4.59985e-05 0.00126508 -0.000144173 4.57005e-05 1 0.564182 
149
134
674.61
0.999999 -0.000885542 -0.000961138 0.00288831 0.000885268 1 -0.000284762 -0.00106786 0.00096139 0.000283911 0.999999 0.564905 
150
136
712.676
0.999988 0.00467414 0.00155953 -0.0121146 -0.00467404 0.999989 -6.81528e-05 0.00231399 -0.00155983 6.08627e-05 0.999999 0.571981 
150
141
609.871
0.999985 -0.00485306 -0.00249255 0.0187205 0.00484939 0.999987 -0.00147395 0.00341054 0.00249967 0.00146184 0.999996 0.559671 
150
139
779.894
0.999998 0.00177169 0.00070734 -0.00640053 -0.00177108 0.999998 -0.000860472 0.00272914 -0.000708864 0.000859217 0.999999 0.580692 
146
135
653.656
0.999999 0.000939049 0.000645965 -0.00287055 -0.000938836 1 -0.00032984 0.00127823 -0.000646274 0.000329233 1 0.584922 
150
137
639.295
1 -0.00072627 0.000109941 0.00201789 0.000726501 0.999998 -0.00211352 0.0149195 -0.000108405 0.0021136 0.999998 0.632337 
150
140
682.601
0.999998 0.00176369 0.000703264 -0.00667722 -0.00176331 0.999998 -0.000551467 0.00024493 -0.000704236 0.000550226 1 0.556153 
150
138
669.381
0.999999 -0.000978465 -0.000285792 0.00160767 0.000978341 0.999999 -0.000435264 -0.000149581 0.000286217 0.000434984 1 0.598387 
150
141
647.248
0.999999 -0.000978465 -0.000285792 0.00160767 0.000978341 0.999999 -0.000435264 -0.000149581 0.000286217 0.000434984 1 0.598387 
144
136
614.866
0.999995 0.00284605 0.00102036 -0.0110883 -0.00284499 0.999995 -0.00104342 0.00586786 -0.00102333 0.00104051 0.999999 0.571216 
149
139
636.909
0.99999 0.00388407 0.00229867 -0.0195835 -0.00388311 0.999992 -0.000420267 0.00276379 -0.00230029 0.000411337 0.999997 0.560898 
147
137
632.942
0.999983 0.00573901 0.000953367 -0.0108527 -0.00574023 0.999983 0.00127498 -0.0143615 -0.000946033 -0.00128043 0.999999 0.526544 
148
141
602.291
0.999995 0.00290803 0.00115372 -0.0113533 -0.00290637 0.999995 -0.00143092 0.00941123 -0.00115788 0.00142756 0.999998 0.58593 
145
126
516.849
0.999995 0.00290803 0.00115372 -0.0113533 -0.00290637 0.999995 -0.00143092 0.00941123 -0.00115788 0.00142756 0.999998 0.58593 
140
132
420.435
0.999995 0.00290803 0.00115372 -0.0113533 -0.00290637 0.999995 -0.00143092 0.00941123 -0.00115788 0.00142756 0.999998 0.58593 
141
121
407.362
0.999991 -0.00368428 -0.00228059 0.0225586 0.00368351 0.999993 -0.000341391 0.00531317 0.00228183 0.000332987 0.999997 0.578407 
144
133
582.815
0.999992 0.00347247 0.00203133 -0.0182874 -0.00346928 0.999993 -0.00157286 0.012107 -0.00203677 0.0015658 0.999997 0.585406 
149
134
520.349
0.999999 0.00102296 0.000282624 -0.00580715 -0.00102252 0.999998 -0.00156556 0.0141531 -0.000284225 0.00156527 0.999999 0.54017 
150
138
536.415
0.999999 0.00114669 0.000658678 -0.00573191 -0.00114593 0.999999 -0.00115668 0.0171917 -0.000660003 0.00115593 0.999999 0.694627 
147
126
1078.84
0.994292 0.0334752 -0.101304 0.0133527 -0.0337268 0.999431 -0.000771506 0.0109709 0.10122 0.00418374 0.994855 -0.306629 
63
39
1451.14
0.999973 0.0064912 0.00352293 -0.0355329 -0.00648318 0.999976 -0.00228402 0.0291161 -0.00353768 0.00226112 0.999991 0.644254 
138
129
531.563
0.999999 -0.00134388 -0.000234273 0.00166702 0.0013439 0.999999 7.23276e-05 -0.0052262 0.000234175 -7.26424e-05 1 0.489062 
147
140
587.917
0.999999 -0.00134388 -0.000234273 0.00166702 0.0013439 0.999999 7.23276e-05 -0.0052262 0.000234175 -7.26424e-05 1 0.489062 
150
140
566.503
0.999974 -0.00628009 -0.00359576 0.0288326 0.00627943 0.99998 -0.00019613 0.00274088 0.00359692 0.000173545 0.999994 0.547655 
144
123
770.925
0.999996 -0.000857364 0.0026426 -0.0163178 0.000856349 1 0.0003852 -0.0116754 -0.00264293 -0.000382936 0.999996 0.495525 
148
126
649.181
0.999999 -0.000395338 0.0011247 -0.00866242 0.000395651 1 -0.000278147 0.00606706 -0.00112459 0.000278591 0.999999 0.555932 
145
117
594.116
0.999982 -0.00574394 -0.00161575 0.0142451 0.00574446 0.999983 0.000316195 0.00150403 0.00161391 -0.000325471 0.999999 0.539513 
145
127
576.993
0.999992 0.00286398 0.00285212 -0.018505 -0.00286691 0.999995 0.00102308 -0.022693 -0.00284918 -0.00103125 0.999995 0.456867 
145
120
732.903
0.999979 0.00612202 0.0022133 -0.0192222 -0.00612251 0.999981 0.000214404 0.0111233 -0.00221195 -0.00022795 0.999998 0.570963 
140
116
601.201
0.999885 0.0136622 0.00651876 -0.0564068 -0.0136526 0.999906 -0.00151814 0.0147761 -0.00653889 0.00142897 0.999978 0.546413 
150
132
643.292
0.999972 0.00697982 0.00267534 -0.0239695 -0.00698059 0.999976 0.000279091 0.00762433 -0.00267333 -0.000297759 0.999996 0.558887 
150
128
650.615
0.999995 -0.00293927 0.00103149 -0.00448886 0.00293787 0.999995 0.00135049 -0.0159673 -0.00103545 -0.00134746 0.999999 0.503717 
147
118
641.124
0.999981 0.00542414 0.00278117 -0.0294163 -0.00542567 0.999985 0.000542969 -0.0151506 -0.00277818 -0.000558049 0.999996 0.497558 
144
124
570.836
0.999996 -0.00269209 -0.000296361 0.00351603 0.0026923 0.999996 0.000724888 -0.00441924 0.000294409 -0.000725683 1 0.550423 
148
125
646.269
0.999911 0.0115148 0.00674782 -0.0548594 -0.0115056 0.999933 -0.00139068 -0.0062838 -0.00676338 0.00131292 0.999976 0.50617 
150
124
604.333
0.999995 0.00255509 0.00165251 -0.0134261 -0.00255197 0.999995 -0.00188925 0.0173394 -0.00165733 0.00188502 0.999997 0.592155 
146
124
653.377
0.999948 0.00963918 0.00336977 -0.0298422 -0.00962988 0.99995 -0.00276352 0.0262304 -0.00339624 0.00273092 0.999991 0.615806 
150
132
630.239
0.999967 0.00700837 0.00407703 -0.0416012 -0.00700723 0.999975 -0.000293472 -0.0116181 -0.00407898 0.000264893 0.999992 0.534124 
149
118
383.957
0.999977 0.00567627 0.00357724 -0.0341538 -0.00567781 0.999984 0.000421379 -0.0206214 -0.00357479 -0.00044168 0.999994 0.517399 
139
128
489.825
0.999997 0.00199929 0.00102063 -0.0109822 -0.00199889 0.999998 -0.000389188 -0.00270665 -0.0010214 0.000387147 0.999999 0.548433 
143
135
557.44
0.999997 0.00199929 0.00102063 -0.0109822 -0.00199889 0.999998 -0.000389188 -0.00270665 -0.0010214 0.000387147 0.999999 0.548433 
143
134
468.443
0.999989 0.00406026 0.00224822 -0.0213456 -0.00406025 0.999992 -7.75487e-06 -0.00561669 -0.00224823 -1.37355e-06 0.999997 0.524242 
146
137
497.668
0.999989 0.00406026 0.00224822 -0.0213456 -0.00406025 0.999992 -7.75487e-06 -0.00561669 -0.00224823 -1.37355e-06 0.999997 0.524242 
150
136
686.2
0.999989 0.00406026 0.00224822 -0.0213456 -0.00406025 0.999992 -7.75487e-06 -0.00561669 -0.00224823 -1.37355e-06 0.999997 0.524242 
139
131
475.263
0.999965 0.00764635 0.00352344 -0.0274389 -0.00764258 0.99997 -0.00108322 0.00345689 -0.00353161 0.00105625 0.999993 0.562716 
150
138
718.293
0.999973 0.00672426 0.00295817 -0.0278866 -0.00672052 0.999977 -0.0012707 0.00540925 -0.00296665 0.00125078 0.999995 0.589744 
140
126
497.1
0.999999 0.0014716 -0.000209188 -0.002503 -0.00147155 0.999999 0.000250145 -0.00697351 0.000209556 -0.000249837 1 0.546661 
144
128
675.973
0.999999 0.0014716 -0.000209188 -0.002503 -0.00147155 0.999999 0.000250145 -0.00697351 0.000209556 -0.000249837 1 0.546661 
133
115
456.68
0.999995 0.0029911 0.00129043 -0.0178421 -0.00299028 0.999995 -0.000633182 0.0046551 -0.00129231 0.00062932 0.999999 0.628559 
143
126
440.542
0.999988 0.00453103 0.00177916 -0.0169391 -0.00452917 0.999989 -0.00104617 0.00835825 -0.00178388 0.0010381 0.999998 0.53817 
139
117
546.731
0.999984 -0.00464791 -0.00321155 0.0247661 0.00464287 0.999988 -0.00157626 0.00476123 0.00321884 0.00156132 0.999994 0.529484 
146
125
589.227
0.999984 -0.00464791 -0.00321155 0.0247661 0.00464287 0.999988 -0.00157626 0.00476123 0.00321884 0.00156132 0.999994 0.529484 
144
131
511.449
0.99996 0.00819614 0.00358953 -0.0277841 -0.00819526 0.999966 -0.00026198 -0.00326107 -0.00359156 0.000232553 0.999994 0.54381 
150
131
558.301
0.999988 0.00454424 0.00185349 -0.0184068 -0.00454382 0.99999 -0.000229274 0.0025886 -0.00185452 0.000220849 0.999998 0.537215 
150
143
523.254
0.999956 -0.00786754 -0.00516509 0.0408639 0.00785774 0.999967 -0.00191599 0.00693751 0.00517999 0.00187532 0.999985 0.53718 
144
135
430.325
0.999998 0.00174919 0.00063881 -0.00463061 -0.00174906 0.999998 -0.00020821 -0.00131281 -0.000639174 0.000207093 1 0.500015 
149
138
727.53
0.999998 0.00174919 0.00063881 -0.00463061 -0.00174906 0.999998 -0.00020821 -0.00131281 -0.000639174 0.000207093 1 0.500015 
139
130
401.205
1 0.000337708 0.000611321 -0.00560883 -0.000337379 1 -0.000538014 0.00844397 -0.000611502 0.000537807 1 0.594866 
137
128
446.043
1 0.000337708 0.000611321 -0.00560883 -0.000337379 1 -0.000538014 0.00844397 -0.000611502 0.000537807 1 0.594866 
141
133
501.631
0.999991 -0.00399073 -0.0011293 0.0118776 0.00399065 0.999992 -7.17037e-05 0.00149098 0.00112958 6.71964e-05 0.999999 0.544818 
133
121
319.509
0.999914 0.0110782 0.00707221 -0.0598325 -0.0110711 0.999938 -0.00103748 -0.00369731 -0.00708327 0.000959098 0.999974 0.503522 
145
127
511.696
0.999978 0.00565984 0.00344358 -0.0234194 -0.00565647 0.999984 -0.000987701 0.00697083 -0.00344911 0.0009682 0.999994 0.515236 
143
128
446.875
0.999999 0.00103311 0.000831448 -0.00669342 -0.00103333 0.999999 0.000261333 0.00690214 -0.000831178 -0.000262192 1 0.544071 
150
129
642.429
0.999978 0.00468137 0.00478667 -0.0337566 -0.00468014 0.999989 -0.000266523 -0.00181817 -0.00478787 0.000244115 0.999989 0.527864 
146
118
490.054
0.999985 0.00501597 0.00201578 -0.0244955 -0.00501708 0.999987 0.00054832 -0.00402639 -0.00201301 -0.000558425 0.999998 0.52739 
150
123
558.351
0.999933 0.00985599 0.00606837 -0.0516215 -0.00985361 0.999951 -0.00042183 -0.00338439 -0.00607223 0.000362007 0.999981 0.536622 
139
107
388.698
0.99999 0.00355925 0.00282396 -0.0210754 -0.00355806 0.999994 -0.000427269 0.00435285 -0.00282547 0.000417217 0.999996 0.58311 
141
116
474.186
0.999923 0.01125 0.00524174 -0.0527808 -0.0112341 0.999932 -0.00304839 0.0439452 -0.00527568 0.00298927 0.999982 0.645315 
150
119
571.916
0.999969 0.00721307 0.00324228 -0.0270829 -0.00721236 0.999974 -0.000232961 0.0155422 -0.00324387 0.000209569 0.999995 0.591923 
145
132
550.496
0.999953 0.00879788 0.00413305 -0.0350887 -0.00879699 0.999961 -0.000233943 0.01906 -0.00413495 0.000197573 0.999991 0.591316 
144
119
448.525
0.99996 0.00810923 0.00374084 -0.0289302 -0.00810626 0.999967 -0.000809171 0.00461761 -0.00374728 0.000778814 0.999993 0.568877 
135
120
500.656
0.999973 0.00577373 0.00448891 -0.0325621 -0.00575529 0.999975 -0.0041093 0.0251524 -0.00451253 0.00408336 0.999981 0.584655 
138
118
476.935
0.999902 0.0123979 0.00642908 -0.0537825 -0.0123949 0.999923 -0.000505383 -0.0121493 -0.00643485 0.000425646 0.999979 0.501877 
140
122
487.566
0.994859 0.00801071 -0.100957 -0.0259171 -0.00844382 0.999957 -0.00386344 0.00918269 0.100921 0.00469604 0.994883 0.38837 
131
108
3752.13
0.994859 0.00801071 -0.100957 -0.0259171 -0.00844382 0.999957 -0.00386344 0.00918269 0.100921 0.00469604 0.994883 0.38837 
8
108
3752.13
0.973098 -0.178518 -0.145644 -0.0548443 0.193246 0.97663 0.094073 0.31747 0.125446 -0.119687 0.984854 2.14088 
40
29
1093.85
0.819641 0.572196 0.0279253 -2.05246 -0.569489 0.819119 -0.0687516 -1.15128 -0.0622136 0.0404485 0.997243 9.24825 
16
12
529.641
0.988001 0.0298226 -0.15154 2.14745 -0.029966 0.99955 0.00133786 -1.25486 0.151511 0.00321923 0.98845 8.12343 
120
77
4107.92
0.949668 -0.0387395 -0.310855 2.75566 0.03227 0.999143 -0.0259301 0.117046 0.311593 0.0145937 0.950104 0.832865 
91
50
2740.68
0.998978 -0.0438543 0.0109342 0.0473886 0.0440249 0.998904 -0.0158891 -0.0160478 -0.0102254 0.0163542 0.999814 0.179474 
58
30
458.195
0.999985 -0.0047341 -0.00290583 0.0203884 0.00475747 0.999956 0.00809068 -0.00465804 0.0028674 -0.00810438 0.999963 0.535101 
150
135
794.923
0.999999 -0.00119 -0.00107881 0.0128956 0.00118887 0.999999 -0.00104262 0.00238887 0.00108005 0.00104133 0.999999 0.549968 
144
140
530.388
0.999985 0.00482048 0.00257647 -0.0201075 -0.00481737 0.999988 -0.00121154 0.00112872 -0.00258228 0.00119911 0.999996 0.567283 
150
141
627.186
0.999999 0.000779934 0.000632609 -0.0038025 -0.000779998 1 0.000100845 -0.00320336 -0.000632531 -0.000101338 1 0.539947 
150
143
694.973
0.999999 0.000779934 0.000632609 -0.0038025 -0.000779998 1 0.000100845 -0.00320336 -0.000632531 -0.000101338 1 0.539947 
150
141
617.975
0.999984 -0.00476699 -0.00309445 0.0209258 0.00476277 0.999988 -0.0013698 -0.00582607 0.00310094 0.00135504 0.999994 0.490921 
150
130
458.166
0.999969 0.00691218 0.00381616 -0.032095 -0.00690775 0.999975 -0.00117396 0.00559803 -0.00382418 0.00114756 0.999992 0.600489 
150
141
662.566
