1 0 0 0 0 1 0 0 0 0 1 0 
127
127
0
1 0 0 0 0 1 0 0 0 0 1 0 
127
121
14.4142
1 0 0 0 0 1 0 0 0 0 1 0 
130
123
17.2426
1 0 0 0 0 1 0 0 0 0 1 0 
128
126
3.41421
1 0 0 0 0 1 0 0 0 0 1 0 
126
118
20.2462
1 0 0 0 0 1 0 0 0 0 1 0 
127
124
5.16228
1 0 0 0 0 1 0 0 0 0 1 0 
130
122
7.41421
1 0 0 0 0 1 0 0 0 0 1 0 
130
130
0
1 4.77095e-05 -0.000262873 0.000878372 -4.78237e-05 1 -0.000434619 -0.00504934 0.000262852 0.000434632 1 0.464973 
127
85
631.407
0.999998 -0.00101418 -0.00192901 -0.00468726 0.00101109 0.999998 -0.00160439 0.000482311 0.00193064 0.00160243 0.999997 0.493495 
122
74
399.52
0.999987 0.00145059 0.00486527 -0.00152936 -0.00145015 0.999999 -9.47062e-05 -0.00624696 -0.00486541 8.76496e-05 0.999988 0.479951 
125
83
511.908
0.999912 -0.000909689 -0.0132411 0.00502934 0.000991282 0.999981 0.00615686 -0.0176811 0.0132352 -0.00616945 0.999893 0.493857 
123
52
287.499
0.999921 0.00314141 0.0121703 -0.00544423 -0.00318184 0.999989 0.00330438 -0.00690838 -0.0121598 -0.00334284 0.99992 0.489969 
127
77
599.766
1 -0.000150871 -0.000587998 -0.00142084 0.000150704 1 -0.000283232 0.000884536 0.000588041 0.000283143 1 0.491666 
123
96
471.361
1 0.000117542 0.000882303 -0.005192 -0.000117585 1 4.90374e-05 -0.00505644 -0.000882297 -4.91412e-05 1 0.48641 
127
90
589.114
0.999998 0.000289294 0.00213902 0.00160877 -0.000288811 1 -0.000226347 0.00466998 -0.00213909 0.000225728 0.999998 0.475647 
123
71
495.117
1 -0.000264135 -0.000369324 0.000468064 0.000264061 1 -0.0002015 0.000144569 0.000369377 0.000201402 1 0.492134 
121
64
505.155
0.999999 0.000239219 0.00104867 0.00060464 -0.000237717 0.999999 -0.00143262 -8.24264e-05 -0.00104901 0.00143237 0.999998 0.486565 
126
92
579.159
0.999999 -0.00057662 -0.000819944 -0.00179049 0.000576002 1 -0.00075403 -0.00165307 0.000820379 0.000753557 0.999999 0.490923 
126
85
543.75
0.999991 -0.000369604 -0.00417615 -0.00170455 0.000361409 0.999998 -0.00196308 0.000550997 0.00417687 0.00196155 0.999989 0.496076 
129
85
505.185
0.999979 0.000531431 0.00649521 -0.00393676 -0.000538733 0.999999 0.0011225 0.00244603 -0.00649461 -0.00112598 0.999978 0.495299 
126
72
522.781
1 -3.42438e-05 -0.000323409 -0.00163841 3.41294e-05 1 -0.000353606 -0.00212738 0.000323421 0.000353595 1 0.491907 
118
78
404.817
0.999996 0.000300684 0.00266105 -0.000508565 -0.000295182 0.999998 -0.00206778 -0.00511651 -0.00266167 0.00206699 0.999994 0.489055 
128
70
466.262
0.999998 -0.000496741 -0.00208804 -0.002383 0.000493188 0.999998 -0.00170143 -0.00119336 0.00208888 0.0017004 0.999996 0.479541 
126
83
514.464
0.999998 -0.000251537 -0.0018677 -0.00162704 0.000249011 0.999999 -0.00135279 0.000544203 0.00186803 0.00135232 0.999997 0.486072 
127
84
298.992
0.999997 -0.000305455 -0.00255785 -0.00266109 0.000306748 1 0.000504931 -0.00279635 0.0025577 -0.000505714 0.999997 0.49274 
122
74
504.738
1 0.000191471 0.000132631 -0.00284379 -0.000191378 1 -0.000697979 -0.00647575 -0.000132764 0.000697953 1 0.493809 
126
83
271.617
0.999999 3.56928e-05 0.00116722 -0.00635082 -3.4526e-05 0.999999 -0.0009996 -0.0075738 -0.00116726 0.000999559 0.999999 0.493025 
124
74
536.138
0.999994 -0.000617783 -0.00350979 -0.000621925 0.000611966 0.999998 -0.00165829 0.00175393 0.00351081 0.00165614 0.999992 0.480095 
128
79
400.155
1 -0.000440215 -0.000481725 -0.00585388 0.000439317 0.999998 -0.00186362 -0.00525858 0.000482544 0.00186341 0.999998 0.495203 
126
69
477.073
0.99999 0.00305182 0.00316588 -0.00375588 -0.00305668 0.999994 0.00153315 -0.0129665 -0.00316118 -0.00154281 0.999994 0.495135 
121
74
410.566
0.999999 -0.000592499 -0.00154969 0.00158903 0.000592274 1 -0.000145235 0.00167011 0.00154978 0.000144316 0.999999 0.491649 
128
81
639.683
0.999998 0.000342409 0.00208 0.00390312 -0.000340627 1 -0.000856971 0.000940714 -0.00208029 0.00085626 0.999997 0.491286 
124
87
362.46
0.999932 0.000687309 0.0116315 0.00102304 -0.000711802 0.999998 0.00210179 0.0111735 -0.01163 -0.00210993 0.99993 0.491665 
127
68
567.846
0.99999 0.00115182 0.00424427 -0.00266776 -0.00115142 0.999999 -9.78676e-05 -0.00610212 -0.00424438 9.29798e-05 0.999991 0.48981 
123
69
436.742
0.999997 0.000177486 0.00234319 -0.000527786 -0.000176829 1 -0.000280765 -0.000600079 -0.00234324 0.00028035 0.999997 0.4899 
128
82
523.345
0.990522 -0.00172205 -0.13734 0.0111208 0.0017103 0.999999 -0.000203551 0.000446767 0.13734 -3.32714e-05 0.990524 0.0963716 
121
63
550.712
0.990522 -0.00172205 -0.13734 0.0111208 0.0017103 0.999999 -0.000203551 0.000446767 0.13734 -3.32714e-05 0.990524 0.0963716 
121
63
1017.91
0.995828 0.00440536 -0.0911418 -0.0395909 -0.00402325 0.999982 0.00437575 -0.0077337 0.0911595 -0.00399081 0.995828 0.320271 
132
66
643.272
1 6.76572e-05 0.000988467 0.0081896 -6.73383e-05 1 -0.000322665 -0.0127415 -0.000988489 0.000322599 0.999999 0.520422 
129
70
265.422
0.999993 -0.00187645 -0.00315965 0.00129573 0.00188579 0.999994 0.00295572 -0.00560228 0.00315408 -0.00296166 0.999991 0.49711 
132
85
573.698
1 0.000122278 -0.000851103 -0.000486627 -0.000123134 0.999999 -0.00100536 0.000536952 0.00085098 0.00100546 0.999999 0.493919 
126
99
541.891
1 0.000136474 0.000397917 0.00464282 -0.000135953 0.999999 -0.00131099 -0.000836686 -0.000398095 0.00131093 0.999999 0.489519 
128
85
611.617
1 0.000347489 0.00085693 -0.00175932 -0.000345974 0.999998 -0.00176741 0.00278736 -0.000857543 0.00176711 0.999998 0.486887 
129
105
572.259
0.999999 0.000871739 0.000894229 -0.00235699 -0.000872173 1 0.000484155 -0.00325467 -0.000893807 -0.000484935 0.999999 0.485828 
129
78
676.735
1 0.000400817 4.58403e-05 -0.005108 -0.000400724 0.999998 -0.00200589 -0.00322043 -4.66442e-05 0.00200587 0.999998 0.484668 
130
87
334.469
1 -0.000125706 -0.000907697 -0.000791425 0.000124678 0.999999 -0.00113297 -0.00515518 0.000907839 0.00113286 0.999999 0.489565 
132
93
442.829
1 -0.000333171 -0.000351267 -0.000522596 0.000332958 1 -0.000607861 0.000479261 0.000351469 0.000607744 1 0.490087 
127
98
389.777
0.999985 -0.00133439 -0.0053644 -0.0034214 0.00135112 0.999994 0.00311746 -0.00718696 0.00536021 -0.00312466 0.999981 0.493765 
126
97
349.996
0.999991 -0.000590738 -0.00429492 0.000482941 0.000591308 1 0.000131471 -0.00669744 0.00429484 -0.000134009 0.999991 0.492665 
132
86
539.924
0.999998 0.000681432 0.00182074 -0.000990455 -0.000681118 1 -0.000173295 0.00379661 -0.00182086 0.000172055 0.999998 0.491458 
132
91
482.324
1 -2.20198e-05 0.000882909 -0.0014694 2.27006e-05 1 -0.000771045 0.000328351 -0.000882892 0.000771065 0.999999 0.489777 
131
98
578.273
0.999999 -5.44157e-05 -0.00132733 -0.00560764 5.33672e-05 1 -0.000789961 -0.00145978 0.00132737 0.000789889 0.999999 0.491407 
132
80
524.56
0.999989 -0.00172129 -0.00436732 0.00248051 0.00173424 0.999994 0.00296331 0.00195123 0.00436219 -0.00297085 0.999986 0.496373 
132
77
661.099
1 0.00025608 -0.000230819 -0.00519459 -0.000255783 0.999999 0.00128262 -0.00301376 0.000231147 -0.00128256 0.999999 0.491583 
131
90
456.734
1 3.27687e-05 -0.000385814 -0.00521705 -3.30182e-05 1 -0.000646728 -0.0102607 0.000385793 0.000646741 1 0.487561 
132
94
679.296
0.999999 0.000115233 0.00122526 -0.00616615 -0.000114032 1 -0.000979986 -0.00125374 -0.00122537 0.000979846 0.999999 0.474394 
130
86
202.651
1 -0.000800566 -0.000570108 0.0057857 0.000800778 1 0.000371961 -0.00635226 0.00056981 -0.000372418 1 0.488702 
132
93
486.948
1 4.8277e-05 0.000700812 0.00103369 -4.8324e-05 1 6.7087e-05 -0.00283559 -0.000700809 -6.71208e-05 1 0.487775 
131
90
327.968
0.999999 -0.000923317 -0.00116027 -0.00096022 0.000924293 0.999999 0.000840853 -0.0065575 0.00115949 -0.000841925 0.999999 0.492997 
131
88
564.159
1 -0.000201403 0.000175954 0.00407191 0.000201377 1 0.000148951 0.00505133 -0.000175984 -0.000148915 1 0.494713 
132
92
545.162
0.999998 0.000243927 -0.00199599 -0.00356462 -0.000247156 0.999999 -0.00161757 -0.0046478 0.00199559 0.00161806 0.999997 0.493228 
129
88
646.453
0.999999 -0.000561134 -0.00126729 -0.000794344 0.000561429 1 0.000232673 -0.00617237 0.00126716 -0.000233385 0.999999 0.48738 
130
87
567
0.999997 0.000515532 0.00236442 -0.00299455 -0.000513735 1 -0.000760598 -0.001179 -0.00236481 0.000759381 0.999997 0.486087 
132
84
580.521
1 -2.35516e-05 0.000138789 0.000139333 2.34952e-05 1 0.000406641 -3.67494e-05 -0.000138798 -0.000406637 1 -0.0313743 
122
72
346.77
0.999997 -0.000602635 -0.00235657 0.000598598 0.000601262 1 -0.000583042 -0.00338512 0.00235692 0.000581623 0.999997 0.492749 
131
86
478.738
0.999995 -0.000421158 -0.00325986 -0.000869067 0.000423113 1 0.000599057 -0.00281891 0.0032596 -0.000600433 0.999995 0.487581 
124
86
374.617
0.999998 0.0008197 0.00174342 -0.00262149 -0.000817475 0.999999 -0.00127635 -0.00220147 -0.00174446 0.00127492 0.999998 0.486815 
132
81
639.468
0.999997 0.000355252 0.00225564 -0.00509452 -0.000355504 1 0.000111192 -0.00450074 -0.0022556 -0.000111993 0.999997 0.487505 
128
95
593.723
1 -0.000363563 -0.00050373 -0.00284929 0.00036321 1 -0.000700333 0.00555913 0.000503984 0.00070015 1 0.518333 
132
77
540.192
1 0.000155206 9.72439e-05 -0.00350821 -0.000155214 1 8.00766e-05 -0.00254446 -9.72314e-05 -8.00916e-05 1 0.48685 
132
92
513.41
0.999999 -0.00100702 -0.0011964 -0.000966663 0.00101014 0.999996 0.00261093 -0.000861698 0.00119377 -0.00261213 0.999996 0.494634 
132
90
502.463
0.999989 0.00158795 0.00430286 -0.00495598 -0.00158989 0.999999 0.000447508 0.00123769 -0.00430214 -0.000454344 0.999991 0.492083 
125
88
535.887
1 0.000167222 0.000968272 -0.00279122 -0.000166889 1 -0.000344331 -0.00312146 -0.00096833 0.000344169 0.999999 0.491469 
132
104
545.36
1 0.000167222 0.000968272 -0.00279122 -0.000166889 1 -0.000344331 -0.00312146 -0.00096833 0.000344169 0.999999 0.491469 
121
87
148.959
1 0.000197497 -0.000223694 -0.000963301 -0.000197674 1 -0.000793214 -0.00241717 0.000223537 0.000793258 1 0.493284 
132
83
612.61
1 0.000276553 0.000432444 -0.00504695 -0.00027686 1 0.000708811 0.00350237 -0.000432248 -0.000708931 1 0.488403 
129
81
474.144
1 7.76218e-05 0.000314577 0.00149394 -7.75691e-05 1 -0.000167555 -0.0086521 -0.00031459 0.000167531 1 0.490124 
125
87
375.888
0.999998 -0.000344913 -0.00218847 -0.000713786 0.000345178 1 0.000120638 -0.00269933 0.00218843 -0.000121393 0.999998 0.492126 
132
87
549.963
0.999999 -0.000142549 -0.00148346 -0.00106808 0.000142494 1 -3.71548e-05 -0.00320686 0.00148347 3.69434e-05 0.999999 0.494459 
127
93
287.633
1 -3.27496e-05 -0.000268905 -0.000165285 3.28904e-05 1 0.000523569 -0.00344471 0.000268888 -0.000523578 1 0.486907 
131
80
550.662
0.999999 -0.000316159 -0.00100033 -0.0043033 0.000316665 1 0.000505563 -0.00969923 0.00100017 -0.000505879 0.999999 0.496264 
119
89
334.7
1 -0.000106048 0.000612464 -0.000850987 0.000105395 0.999999 0.0010659 -0.00317534 -0.000612577 -0.00106583 0.999999 0.498313 
130
91
392.211
1 -0.000106048 0.000612464 -0.000850987 0.000105395 0.999999 0.0010659 -0.00317534 -0.000612577 -0.00106583 0.999999 0.498313 
129
95
243.264
1 0.000494004 -0.000180771 -0.00809581 -0.000494013 1 -4.53617e-05 0.00112753 0.000180749 4.5451e-05 1 0.490257 
129
87
544.63
0.99999 0.00126459 0.00417172 -0.000678999 -0.00126935 0.999999 0.00113877 -0.003258 -0.00417028 -0.00114405 0.999991 0.485288 
126
77
452.084
0.999998 -0.000715759 -0.00169032 -0.00595486 0.00071744 0.999999 0.00099402 -0.00116337 0.00168961 -0.000995231 0.999998 0.488217 
119
86
361.553
1 0.000161705 -0.000757755 -0.000860871 -0.000163353 0.999998 -0.00217545 -0.00168015 0.000757401 0.00217558 0.999997 0.487947 
123
85
478.027
1 -0.000368464 0.000112605 0.000590049 0.000368652 0.999999 -0.00167753 -0.00189461 -0.000111987 0.00167758 0.999999 0.496196 
125
92
461.485
1 0.000192106 0.000104256 -0.00157904 -0.00019211 1 3.97165e-05 -0.00641692 -0.000104248 -3.97365e-05 1 0.486275 
127
85
531.923
0.999997 -0.00107097 -0.00240417 0.00208477 0.00107563 0.999998 0.00193425 -0.00474 0.00240209 -0.00193683 0.999995 0.490108 
123
84
599.938
1 -1.57718e-05 0.000715662 -0.000954087 1.62621e-05 1 -0.000685003 -0.00526559 -0.000715651 0.000685014 1 0.490475 
124
87
372.513
0.999997 -0.000877941 -0.00233101 0.00373626 0.000874222 0.999998 -0.0015962 -0.00480399 0.00233241 0.00159415 0.999996 0.487653 
122
75
434.16
1 -0.000317373 -0.000875948 0.00427235 0.000317721 1 0.000396497 0.000974133 0.000875822 -0.000396775 1 0.490635 
126
88
564.635
1 -0.000320443 -0.000675102 -0.000130527 0.000320828 1 0.000569768 -0.00460994 0.000674919 -0.000569985 1 0.486973 
124
73
578.557
0.999991 -0.000977149 -0.00409156 -0.00129884 0.000981007 0.999999 0.000941069 -0.00639495 0.00409064 -0.000945075 0.999991 0.491539 
126
91
560.617
1 -5.15586e-06 -0.000487764 0.000378174 4.85877e-06 1 -0.000609077 -0.00321821 0.000487767 0.000609075 1 0.490342 
125
88
564.276
1 -3.31707e-05 0.000364037 -0.000240659 3.33797e-05 1 -0.000574084 0.00249692 -0.000364018 0.000574096 1 0.489293 
121
84
479.832
1 -0.000178859 0.000451775 0.000651459 0.000178555 1 0.00067401 0.000999276 -0.000451896 -0.000673929 1 0.490214 
121
79
553.574
0.999995 -0.000571224 -0.00297866 -0.0040816 0.000572521 1 0.000434617 -0.0025672 0.00297841 -0.00043632 0.999995 0.49321 
125
83
492.006
0.999992 0.00112653 0.00387041 0.00374125 -0.0011213 0.999998 -0.00135352 -0.005555 -0.00387193 0.00134917 0.999992 0.480158 
120
78
301.707
1 0.000203161 0.00082482 -0.00013541 -0.000201628 0.999998 -0.00185843 0.00172878 -0.000825196 0.00185826 0.999998 0.490857 
126
88
547.574
0.999995 0.000686617 0.00293627 -0.00234381 -0.000687811 1 0.000405702 -0.00608561 -0.00293599 -0.00040772 0.999996 0.493389 
124
83
382.422
0.999998 -0.000661344 -0.00187276 -0.00549956 0.000662285 1 0.000502276 -0.00368377 0.00187243 -0.000503515 0.999998 0.484943 
119
69
511.421
1 -0.000132793 -0.000348582 -0.00709424 0.00013301 1 0.000623995 -0.0064598 0.000348499 -0.000624041 1 0.493668 
125
76
485.615
1 -0.000185346 -0.000891217 -0.00017479 0.000184624 1 -0.000809692 -0.00356003 0.000891367 0.000809527 0.999999 0.489968 
124
77
505.863
1 -0.000185346 -0.000891217 -0.00017479 0.000184624 1 -0.000809692 -0.00356003 0.000891367 0.000809527 0.999999 0.489968 
116
75
443.54
0.999998 -0.000684223 -0.00209736 -0.00105991 0.000684288 1 3.03295e-05 -0.00297015 0.00209734 -3.17646e-05 0.999998 0.494553 
119
84
440.858
0.999998 0.000174955 -0.00209157 0.00190789 -0.000175552 1 -0.000285128 -0.00233148 0.00209152 0.000285495 0.999998 0.492682 
123
68
419.568
1 -0.000573698 -0.000176654 0.00417244 0.000573809 1 0.000629522 -0.00285617 0.000176292 -0.000629623 1 0.495202 
126
82
559.459
0.999996 -0.000618632 -0.002656 -0.00549508 0.000617725 1 -0.000342331 -0.00568182 0.00265621 0.000340689 0.999996 0.49556 
124
82
558.279
0.999998 0.000116925 0.00204684 -8.1271e-05 -0.000116707 1 -0.000106694 0.00320476 -0.00204686 0.000106455 0.999998 0.494649 
124
80
489.422
0.999997 0.000259009 0.00255016 0.0059311 -0.000254733 0.999999 -0.00167676 0.00112151 -0.00255059 0.00167611 0.999995 0.484088 
127
71
629.809
0.999991 -0.00105142 -0.00420172 0.000314767 0.00105588 0.999999 0.00106018 -0.00216687 0.00420061 -0.0010646 0.999991 0.490215 
123
83
550.994
0.999997 -0.000908732 -0.00218891 -0.00127469 0.000903912 0.999997 -0.00220219 -0.00723751 0.00219091 0.0022002 0.999995 0.493747 
126
73
564.088
0.999998 -0.000540194 -0.00214185 -2.93644e-05 0.000538412 1 -0.000832355 -0.000580312 0.0021423 0.0008312 0.999997 0.499193 
123
81
384.306
1 5.94218e-05 8.34088e-05 0.00226381 -5.93452e-05 1 -0.000918203 -0.0022343 -8.34633e-05 0.000918198 1 0.488623 
125
80
592.512
0.999992 -0.000714688 -0.00385965 -0.000775136 0.000716927 1 0.000578693 -0.00860871 0.00385923 -0.000581455 0.999992 0.49236 
126
81
389.728
1 0.000114503 -0.00070387 0.00102484 -0.000114709 1 -0.000292223 -0.00649431 0.000703836 0.000292304 1 0.496753 
126
73
491.366
0.999998 -0.000429852 -0.0019251 -0.00171685 0.000425105 0.999997 -0.00246531 -0.00165478 0.00192615 0.00246449 0.999995 0.496935 
114
69
316.909
1 0.000227988 0.00023657 -0.00430552 -0.000227901 1 -0.000367228 0.00154307 -0.000236653 0.000367174 1 0.486114 
122
86
459.039
0.999998 -0.000384957 -0.00214535 -0.000147744 0.000386715 1 0.000818911 0.00120839 0.00214503 -0.000819739 0.999997 0.489182 
122
80
538.877
0.999999 0.0010041 0.00100681 -0.00445852 -0.00100174 0.999997 -0.00234117 -0.00440616 -0.00100916 0.00234016 0.999997 0.490381 
126
79
777.841
0.999999 0.00102925 0.000217453 -0.00427522 -0.00102892 0.999998 -0.00153278 -0.0085468 -0.000219031 0.00153256 0.999999 0.490876 
126
84
630.959
1 -0.000138686 0.000228697 0.00263803 0.000138781 1 -0.000417069 -0.00523986 -0.00022864 0.000417101 1 0.490855 
121
74
530.644
0.999999 0.000167385 0.00114558 0.00267199 -0.000167621 1 0.000206388 0.000246771 -0.00114555 -0.000206579 0.999999 0.488946 
122
82
492.522
0.999984 -0.000884716 -0.00566112 -0.00139638 0.000872319 0.999997 -0.00219194 -0.00762579 0.00566304 0.00218696 0.999982 0.482544 
128
79
647.908
0.999997 0.000610773 -0.00220798 -0.000565089 -0.000612483 1 -0.000773893 -0.00700504 0.00220751 0.000775243 0.999997 0.491612 
128
86
538.625
1 0.000108727 0.000282984 -0.00326129 -0.000108445 0.999999 -0.000997075 0.000910139 -0.000283093 0.000997044 0.999999 0.493625 
126
71
480.138
0.999998 0.000735806 -0.00195162 -0.00236914 -0.000740939 0.999996 -0.00263092 -0.00286751 0.00194968 0.00263236 0.999995 0.487408 
128
74
569.975
0.999999 -0.000521354 -0.00107714 -0.0011626 0.000521519 1 0.000152575 -0.00297094 0.00107706 -0.000153136 0.999999 0.489354 
129
83
542.004
1 -0.000308031 0.0001589 0.00229835 0.000307918 1 0.000708878 -0.00381422 -0.000159119 -0.000708829 1 0.494396 
130
81
486.403
0.999996 0.000958838 0.00248341 0.00248356 -0.000961949 0.999999 0.00125182 -0.00246705 -0.00248221 -0.0012542 0.999996 0.493256 
127
81
696.063
1 0.000416995 -0.000439359 -0.0071142 -0.000416475 0.999999 0.00118267 0.00244054 0.000439852 -0.00118249 0.999999 0.492004 
130
77
529.52
0.999997 0.000350014 0.00241535 0.00276523 -0.000350423 1 0.000168943 -0.000295746 -0.00241529 -0.000169789 0.999997 0.48965 
125
67
468.935
0.999997 0.000512045 0.00248754 -0.00105578 -0.000515255 0.999999 0.00128979 -0.0009598 -0.00248688 -0.00129106 0.999996 0.481955 
130
80
484.761
0.999994 -0.00072211 -0.0034485 0.00151864 0.00072066 1 -0.000421505 -0.00571018 0.0034488 0.000419017 0.999994 0.484795 
133
80
457.367
1 -0.000175822 -0.000132525 0.000582641 0.000175826 1 3.11732e-05 0.00414749 0.000132519 -3.11965e-05 1 0.491474 
131
84
410.605
0.999999 0.000465734 0.00121999 -0.0011389 -0.000465366 1 -0.000302561 -0.000566967 -0.00122013 0.000301993 0.999999 0.490917 
136
92
605.736
0.99999 -0.00107834 -0.00430941 0.00427166 0.00107692 0.999999 -0.000331269 -0.00425622 0.00430976 0.000326625 0.999991 0.497481 
134
70
648.947
0.999993 -0.00134077 -0.00360892 -0.00101372 0.00134369 0.999999 0.000806829 -0.00137574 0.00360783 -0.000811672 0.999993 0.491953 
138
91
675.976
1 -0.000284924 -0.000942861 -0.00592088 0.000285262 1 0.000358335 -0.00171715 0.000942758 -0.000358604 0.999999 0.49078 
135
87
689.931
1 -0.000130951 -0.00089694 -0.00113561 0.000129019 0.999998 -0.00215457 -0.00432731 0.00089722 0.00215445 0.999997 0.489636 
138
87
604.371
0.999999 -4.73503e-05 0.00129422 0.00096921 4.69271e-05 1 0.000327041 0.00480743 -0.00129424 -0.00032698 0.999999 0.494613 
137
71
317.955
0.999992 -0.00161733 -0.00372163 0.000163176 0.00163023 0.999993 0.00346413 0.00100884 0.003716 -0.00347016 0.999987 0.486613 
136
74
566.222
1 -0.000892501 5.78561e-05 -0.00555918 0.000892437 0.999999 0.00110567 -0.00189257 -5.88428e-05 -0.00110562 0.999999 0.479235 
138
76
505.772
0.999999 0.000351627 0.00102435 -0.00483155 -0.000349744 0.999998 -0.00183837 -0.00143723 -0.001025 0.00183801 0.999998 0.489715 
138
87
355.211
0.999977 0.0015494 0.0066685 0.00205384 -0.00152076 0.99999 -0.00429858 0.00481833 -0.00667509 0.00428834 0.999969 0.496761 
135
66
544.664
0.999997 0.00011611 0.00224004 -0.00139033 -0.000117409 1 0.000579405 0.00185553 -0.00223997 -0.000579666 0.999997 0.496459 
129
77
497.779
1 -0.000740531 -0.000302759 0.00117718 0.000741005 0.999998 0.00156917 -0.00240467 0.000301597 -0.0015694 0.999999 0.492091 
137
93
503.263
0.999998 -0.000194136 -0.00172563 -0.000669483 0.000194303 1 9.69799e-05 -0.00364988 0.00172561 -9.73151e-05 0.999999 0.440885 
138
80
359.342
1 -3.64482e-05 0.000532702 -0.00353703 3.68552e-05 1 -0.000764146 -0.00287674 -0.000532674 0.000764166 1 0.488177 
138
79
476.124
1 -0.000430113 -1.30894e-05 0.00198385 0.000430109 1 -0.000332268 0.00367516 1.32323e-05 0.000332262 1 0.496536 
135
89
577.054
0.999996 0.000288787 0.00268201 -0.000930506 -0.000289407 1 0.000230898 -0.00217573 -0.00268194 -0.000231673 0.999996 0.492022 
131
80
534.655
0.999998 0.000111245 -0.00195623 -0.00137671 -0.000111629 1 -0.000196359 -0.00510577 0.00195621 0.000196577 0.999998 0.528296 
135
77
241.554
1 -0.000320336 -0.000129841 0.00211181 0.000320286 1 -0.000389463 0.00323203 0.000129966 0.000389421 1 0.490973 
136
82
706.724
0.999998 -0.000461426 -0.0017321 -0.000579077 0.00046112 1 -0.000176975 0.000767017 0.00173218 0.000176176 0.999998 0.491753 
133
87
593.085
1 -6.9649e-05 0.00056024 0.00278477 6.84572e-05 0.999998 0.00212716 0.00122986 -0.000560387 -0.00212712 0.999998 0.489002 
132
90
487.154
0.99995 -0.00262894 -0.00965687 -7.35365e-05 0.00264227 0.999996 0.00136725 -0.00359402 0.00965324 -0.0013927 0.999952 0.477305 
132
81
570.055
0.999996 -0.00131763 -0.00234281 -0.00187911 0.00131764 0.999999 3.40041e-06 -0.00373739 0.0023428 -6.48737e-06 0.999997 0.495946 
134
78
495.812
0.999998 0.000217842 0.00187076 -0.00581807 -0.000215702 0.999999 -0.00114399 -0.00166065 -0.00187101 0.00114359 0.999998 0.491345 
135
84
624.014
1 -0.000927749 -6.19278e-05 0.000131821 0.000927763 1 0.000218549 0.00579048 6.1725e-05 -0.000218606 1 0.492942 
129
87
580.012
0.999999 -0.000260034 0.00148586 0.00191865 0.000257466 0.999998 0.00172786 -0.00521599 -0.0014863 -0.00172748 0.999997 0.475417 
129
67
422.491
0.999998 -0.000920586 -0.00169946 -0.00959178 0.000921243 1 0.000386224 0.000717634 0.0016991 -0.000387788 0.999998 0.478784 
128
76
611.174
0.999997 0.000854617 0.00219579 -0.00209861 -0.000850929 0.999998 -0.00167991 -0.00887677 -0.00219723 0.00167804 0.999996 0.491445 
122
79
341.131
0.999999 -0.000636703 -0.000904999 0.00377524 0.000636925 1 0.000245001 0.00107341 0.000904843 -0.000245577 1 0.488364 
134
80
659.572
0.999999 -0.000930301 -0.000852685 -0.000789291 0.000930791 0.999999 0.000574381 -0.00301239 0.00085215 -0.000575174 0.999999 0.490908 
128
96
413.913
0.999998 -0.000226507 0.00183995 -0.00187311 0.000224969 1 0.000835563 -0.00152922 -0.00184014 -0.000835147 0.999998 0.49105 
128
79
569.397
0.999999 -0.000943213 -0.000872049 -0.00203862 0.000943385 1 0.000196804 0.00290641 0.000871863 -0.000197627 1 0.492219 
121
89
465.279
1 -0.000171746 -0.00075965 -0.00425085 0.000170402 0.999998 -0.00176956 -0.00200226 0.000759952 0.00176943 0.999998 0.488668 
131
77
516.861
0.999999 -0.000753079 -0.000794642 6.88345e-05 0.000752637 1 -0.000556079 0.00220153 0.00079506 0.00055548 1 0.489112 
132
87
574.214
1 -0.000668598 -0.000610448 0.00326602 0.000668522 1 -0.000124765 0.00431639 0.000610531 0.000124357 1 0.487299 
132
82
583.229
0.999997 -0.000416579 0.00249359 0.00168701 0.000415383 1 0.000479895 -0.001069 -0.00249379 -0.000478857 0.999997 0.492183 
132
91
754.417
0.999999 -0.000741745 0.00107366 -0.00225678 0.000741668 1 7.22146e-05 -0.00312342 -0.00107372 -7.14182e-05 0.999999 0.488973 
126
84
509.158
0.999999 0.000296001 -0.00153372 0.000719567 -0.000296737 1 -0.000479629 0.00561805 0.00153358 0.000480083 0.999999 0.483824 
127
72
512.66
0.999999 -0.00085521 -0.000674782 0.00400116 0.000855373 1 0.000241993 0.0039715 0.000674575 -0.00024257 1 0.47794 
119
89
391.532
0.999999 -0.000737657 -0.00138852 0.00382598 0.000739 0.999999 0.000966778 -0.000309836 0.00138781 -0.000967803 0.999999 0.487104 
131
80
663.45
0.999999 -0.000737657 -0.00138852 0.00382598 0.000739 0.999999 0.000966778 -0.000309836 0.00138781 -0.000967803 0.999999 0.487104 
129
87
304.507
1 0.000452541 0.000402064 -0.00381474 -0.000451372 0.999996 -0.00290292 -0.00127584 -0.000403376 0.00290274 0.999996 0.489429 
132
77
413.328
0.999999 -0.000505837 0.00154989 -0.00160451 0.000506636 1 -0.000514825 0.0015045 -0.00154963 0.00051561 0.999999 0.486475 
131
84
486.571
0.999996 -0.00142441 -0.00247755 -0.0033431 0.00142195 0.999998 -0.000995002 -0.00846537 0.00247897 0.000991475 0.999996 0.493947 
127
79
525.805
0.999996 -0.00142441 -0.00247755 -0.0033431 0.00142195 0.999998 -0.000995002 -0.00846537 0.00247897 0.000991475 0.999996 0.493947 
128
96
219.496
0.999999 0.000228256 -0.00124096 0.000847526 -0.000229223 1 -0.000779396 -0.00561936 0.00124078 0.00077968 0.999999 0.485053 
131
78
605.228
0.999997 -0.000330274 -0.00262375 -0.00185921 0.000325145 0.999998 -0.00195493 0.00433202 0.00262439 0.00195407 0.999995 0.489459 
132
77
657.479
0.999998 -0.000713993 0.00183175 -0.00282216 0.000716648 0.999999 -0.00144925 0.012393 -0.00183071 0.00145056 0.999997 0.483897 
128
85
568.525
0.999999 -0.000848898 -0.00103315 0.000530676 0.000850287 0.999999 0.00134533 -0.00841092 0.00103201 -0.0013462 0.999999 0.490966 
132
83
583.754
0.999999 -0.000583984 0.000953477 0.00125684 0.000584709 1 -0.000760158 -0.00412518 -0.000953032 0.000760715 0.999999 0.489221 
129
82
700.37
0.999999 -0.000583984 0.000953477 0.00125684 0.000584709 1 -0.000760158 -0.00412518 -0.000953032 0.000760715 0.999999 0.489221 
125
75
253.448
0.999991 0.000101645 -0.0042537 -0.00244572 -9.92556e-05 1 0.000561828 -0.00224581 0.00425375 -0.000561401 0.999991 0.49414 
127
81
511.916
0.999991 0.000101645 -0.0042537 -0.00244572 -9.92556e-05 1 0.000561828 -0.00224581 0.00425375 -0.000561401 0.999991 0.49414 
128
85
175.721
0.999995 -0.00101134 -0.00283043 0.00170272 0.00101368 0.999999 0.000827086 0.000137746 0.00282959 -0.000829951 0.999996 0.493688 
126
89
586.578
0.999995 -0.00101134 -0.00283043 0.00170272 0.00101368 0.999999 0.000827086 0.000137746 0.00282959 -0.000829951 0.999996 0.493688 
108
68
348.456
0.999997 -0.000400106 -0.00260183 0.00224026 0.000396682 0.999999 -0.00131638 -0.000131217 0.00260235 0.00131534 0.999996 0.484777 
126
80
365.098
0.999997 -0.000400106 -0.00260183 0.00224026 0.000396682 0.999999 -0.00131638 -0.000131217 0.00260235 0.00131534 0.999996 0.484777 
120
85
172.197
0.999997 0.000605924 0.00223908 0.000159917 -0.00060534 1 -0.000261466 0.000288217 -0.00223924 0.00026011 0.999997 -0.0343171 
125
69
313.722
0.999986 -0.00162146 -0.00506282 -0.0060688 0.00162116 0.999999 -6.2114e-05 -0.00379304 0.00506291 5.39055e-05 0.999987 0.492339 
123
73
583.228
0.999998 0.00177264 -0.0011815 -0.00620697 -0.00177325 0.999998 -0.000514716 -0.00883931 0.00118059 0.00051681 0.999999 0.489259 
125
74
501.489
0.999989 0.000165404 0.00458788 0.00258249 -0.000155362 0.999998 -0.00218911 0.0056125 -0.00458823 0.00218838 0.999987 0.479548 
126
78
637.296
0.999953 -0.00160202 -0.00953444 0.00215048 0.00159942 0.999999 -0.000280264 -0.0108816 0.00953488 0.000265001 0.999955 0.483821 
124
77
360.867
0.999983 -0.00193957 -0.00556981 -0.00489427 0.00194617 0.999997 0.00117986 -0.00117998 0.0055675 -0.00119068 0.999984 0.491944 
126
72
495.309
