1 8.88364e-05 0.000450981 -0.00213655 -8.86924e-05 1 -0.00031915 -0.0109674 -0.000451009 0.00031911 1 0.441675 
149
91
923.104
0.999998 6.20072e-05 -0.00199811 -0.00452357 -5.99667e-05 0.999999 0.00102126 -0.0126941 0.00199817 -0.00102113 0.999997 0.450206 
148
86
904.753
1 -8.79562e-05 -6.07032e-05 0.00198003 8.79897e-05 1 0.000552315 -0.00352903 6.06546e-05 -0.00055232 1 0.458725 
150
90
944.321
0.99995 -0.000498095 0.00997216 -0.00349804 -0.000285666 0.996919 0.0784396 0.0100978 -0.0099805 -0.0784385 0.996869 0.523864 
150
69
1326.2
0.977144 -0.00671486 0.212474 0.000237624 0.0223953 0.997191 -0.0714791 0.0102595 -0.211397 0.0746038 0.974549 -0.078056 
146
79
1617.04
0.977144 -0.00671486 0.212474 0.000237624 0.0223953 0.997191 -0.0714791 0.0102595 -0.211397 0.0746038 0.974549 -0.078056 
149
67
1199.48
0.977144 -0.00671486 0.212474 0.000237624 0.0223953 0.997191 -0.0714791 0.0102595 -0.211397 0.0746038 0.974549 -0.078056 
150
74
1116.66
0.977144 -0.00671486 0.212474 0.000237624 0.0223953 0.997191 -0.0714791 0.0102595 -0.211397 0.0746038 0.974549 -0.078056 
150
80
1123
0.999524 0.00202374 0.0307895 0.0220071 -0.00209075 0.999996 0.00214439 -0.00190953 -0.030785 -0.00220774 0.999524 0.399636 
150
52
1000
1 -0.000403976 -0.000808155 0.00969207 0.000402606 0.999998 -0.00169482 0.00328615 0.000808839 0.00169449 0.999998 0.419441 
140
81
572.477
1 -2.58505e-05 -0.00027587 -0.0274978 2.57914e-05 1 -0.000214342 0.00626145 0.000275875 0.000214335 1 0.45724 
144
85
803.257
1 -9.09188e-05 -0.000738278 0.027409 8.95485e-05 0.999998 -0.00185592 -0.00208608 0.000738446 0.00185586 0.999998 0.442662 
139
82
910.871
0.999999 -0.000217319 -0.00154888 0.00857374 0.000217465 1 9.45485e-05 -0.0116015 0.00154886 -9.48852e-05 0.999999 0.457322 
137
86
876.338
1 0.000220555 8.41083e-05 -0.00266598 -0.000220819 0.999995 0.00315427 -0.00673406 -8.34122e-05 -0.00315429 0.999995 0.433154 
134
71
863.071
1 -0.000186646 0.000650602 -0.00292461 0.000188054 0.999998 -0.00216411 0.00260232 -0.000650197 0.00216423 0.999997 0.452475 
139
71
988.272
0.999999 -0.000726472 -0.000989254 -0.000411918 0.00072123 0.999986 -0.0052889 0.00188842 0.000993082 0.00528818 0.999986 0.445999 
134
58
1103.91
0.99799 0.00472669 0.0631966 0.0122864 -0.00584694 0.999829 0.0175531 -0.00740823 -0.0631028 -0.0178874 0.997847 0.335205 
134
35
762.986
0.977716 0.000355294 0.209932 0.0459203 6.20737e-05 0.999998 -0.00198152 -0.013799 -0.209932 0.00195039 0.977714 0.0859166 
148
67
1136.52
0.977716 0.000355294 0.209932 0.0459203 6.20737e-05 0.999998 -0.00198152 -0.013799 -0.209932 0.00195039 0.977714 0.0859166 
141
68
1138.38
0.977716 0.000355294 0.209932 0.0459203 6.20737e-05 0.999998 -0.00198152 -0.013799 -0.209932 0.00195039 0.977714 0.0859166 
144
74
1294.66
0.977716 0.000355294 0.209932 0.0459203 6.20737e-05 0.999998 -0.00198152 -0.013799 -0.209932 0.00195039 0.977714 0.0859166 
144
71
1048.86
0.992038 -0.000846172 0.125933 0.0138146 0.00119324 0.999996 -0.00268057 0.00278591 -0.12593 0.0028095 0.992035 0.154209 
144
67
972.142
0.999999 7.49974e-05 0.00124897 0.00405544 -7.3472e-05 0.999999 -0.00122132 -0.000528561 -0.00124906 0.00122122 0.999998 0.459311 
141
79
541.015
0.999989 0.00415049 0.00211899 -0.000393305 -0.00415109 0.999991 0.000278411 0.0101496 -0.00211782 -0.000287204 0.999998 0.459295 
138
78
647.792
0.999991 -0.000594691 -0.00415688 0.00672971 0.000604844 0.999997 0.00244168 0.00243444 0.00415542 -0.00244417 0.999988 0.47126 
137
70
642.952
0.999997 -0.000543776 -0.002259 -0.0035588 0.000556896 0.999983 0.00581125 -0.000462883 0.0022558 -0.00581249 0.999981 0.465552 
140
86
749.335
0.999982 -0.00444541 -0.00403995 0.00727415 0.00444324 0.99999 -0.000546214 -0.0101379 0.00404234 0.000528254 0.999992 0.447536 
139
76
569.926
0.99998 0.00340299 0.00540933 -0.0252564 -0.00335509 0.999955 -0.00883851 0.0311988 -0.00543917 0.00882018 0.999946 0.430349 
134
70
378.52
0.99998 0.00340299 0.00540933 -0.0252564 -0.00335509 0.999955 -0.00883851 0.0311988 -0.00543917 0.00882018 0.999946 0.430349 
135
74
171.341
0.997316 -0.000739302 0.0732166 -0.0044268 0.000866237 0.999998 -0.00170196 0.00111683 -0.0732152 0.00176081 0.997315 0.302377 
143
68
643.418
0.997316 -0.000739302 0.0732166 -0.0044268 0.000866237 0.999998 -0.00170196 0.00111683 -0.0732152 0.00176081 0.997315 0.302377 
144
69
1128.57
0.997316 -0.000739302 0.0732166 -0.0044268 0.000866237 0.999998 -0.00170196 0.00111683 -0.0732152 0.00176081 0.997315 0.302377 
148
71
928.882
0.997316 -0.000739302 0.0732166 -0.0044268 0.000866237 0.999998 -0.00170196 0.00111683 -0.0732152 0.00176081 0.997315 0.302377 
150
68
1187.85
0.997316 -0.000739302 0.0732166 -0.0044268 0.000866237 0.999998 -0.00170196 0.00111683 -0.0732152 0.00176081 0.997315 0.302377 
150
75
1185.59
0.997316 -0.000739302 0.0732166 -0.0044268 0.000866237 0.999998 -0.00170196 0.00111683 -0.0732152 0.00176081 0.997315 0.302377 
150
71
1062.53
0.997431 0.0018459 0.071606 -0.012885 -0.00132757 0.999973 -0.00728563 -0.0110049 -0.0716175 0.00717185 0.997406 0.340255 
146
54
1008.29
1 -0.000153979 -0.000122595 -0.00295352 0.000154103 0.999999 0.00101508 -0.0087301 0.000122439 -0.0010151 0.999999 0.468581 
145
67
766.561
1 -0.00029671 -0.000233727 0.00596279 0.00029644 0.999999 -0.00115264 -0.00186529 0.000234068 0.00115257 0.999999 0.463578 
142
70
604.461
0.999999 -9.45891e-05 -0.00146919 -0.0218753 9.57016e-05 1 0.00075713 -0.0306394 0.00146912 -0.00075727 0.999999 0.459543 
145
68
793.438
0.999999 -9.45891e-05 -0.00146919 -0.0218753 9.57016e-05 1 0.00075713 -0.0306394 0.00146912 -0.00075727 0.999999 0.459543 
130
72
407.977
0.999998 -0.000232533 -0.00201936 -0.0470526 0.000237409 0.999997 0.00241473 -0.0297806 0.0020188 -0.0024152 0.999995 0.426094 
144
64
701.448
0.982326 0.00121617 0.187175 -0.0136092 -0.00234369 0.99998 0.00580275 -0.00400334 -0.187164 -0.00613887 0.982309 0.0823888 
148
74
1199.37
0.982326 0.00121617 0.187175 -0.0136092 -0.00234369 0.99998 0.00580275 -0.00400334 -0.187164 -0.00613887 0.982309 0.0823888 
150
70
1091.45
0.982326 0.00121617 0.187175 -0.0136092 -0.00234369 0.99998 0.00580275 -0.00400334 -0.187164 -0.00613887 0.982309 0.0823888 
150
71
1133.25
0.982326 0.00121617 0.187175 -0.0136092 -0.00234369 0.99998 0.00580275 -0.00400334 -0.187164 -0.00613887 0.982309 0.0823888 
150
78
1263.84
0.982326 0.00121617 0.187175 -0.0136092 -0.00234369 0.99998 0.00580275 -0.00400334 -0.187164 -0.00613887 0.982309 0.0823888 
149
59
1340.51
0.982326 0.00121617 0.187175 -0.0136092 -0.00234369 0.99998 0.00580275 -0.00400334 -0.187164 -0.00613887 0.982309 0.0823888 
150
63
1289.52
0.982326 0.00121617 0.187175 -0.0136092 -0.00234369 0.99998 0.00580275 -0.00400334 -0.187164 -0.00613887 0.982309 0.0823888 
150
71
1152.11
0.999574 0.00199021 0.029111 -0.00744575 -0.00222014 0.999967 0.0078682 -0.0115131 -0.0290943 -0.00792948 0.999545 0.427852 
147
77
705.696
1 -7.28096e-05 2.98995e-05 0.000468194 7.28358e-05 1 -0.000877617 -0.000799176 -2.98356e-05 0.000877619 1 0.457692 
150
97
948.505
0.999965 -0.00175241 0.00822744 0.0115295 0.00110019 0.996904 0.0786185 0.0127726 -0.00833974 -0.0786067 0.996871 0.532894 
149
60
1239.96
0.990959 0.0010639 0.134163 0.0130041 0.00918737 0.997083 -0.0757667 -0.00746291 -0.133852 0.0763143 0.988059 0.110043 
150
76
1181.66
1 -0.000111499 -0.000250762 -0.0113302 0.000111487 1 -4.81049e-05 -0.00892474 0.000250767 4.80769e-05 1 0.477228 
149
101
824.347
1 -0.000213408 -5.8834e-05 -0.00531866 0.000213368 1 -0.000678712 0.0082767 5.89788e-05 0.0006787 1 0.47063 
145
97
523.131
1 0.000397732 0.000408243 -0.0990526 -0.000398383 0.999999 0.00159504 -0.030075 -0.000407608 -0.00159521 0.999999 0.439167 
148
94
868.181
1 9.51916e-05 -0.000898298 -0.00470252 -9.56041e-05 1 -0.000459203 0.00228019 0.000898254 0.000459288 0.999999 0.474882 
145
112
692.298
0.999997 -0.000388454 -0.00248274 2.98837e-05 0.00039277 0.999998 0.00173835 -0.00628484 0.00248206 -0.00173932 0.999995 0.429056 
145
96
571.707
1 -5.45985e-05 -0.000146185 -0.0132284 5.45837e-05 1 -0.000101222 0.000544864 0.00014619 0.000101214 1 0.43778 
150
98
833.377
0.999399 -0.00139581 -0.0346478 -0.00256726 0.00103931 0.999946 -0.0103053 0.00380184 0.0346603 0.0102631 0.999346 0.37918 
148
71
706.583
0.999399 -0.00139581 -0.0346478 -0.00256726 0.00103931 0.999946 -0.0103053 0.00380184 0.0346603 0.0102631 0.999346 0.37918 
150
78
1082.46
0.999399 -0.00139581 -0.0346478 -0.00256726 0.00103931 0.999946 -0.0103053 0.00380184 0.0346603 0.0102631 0.999346 0.37918 
150
71
1217.94
0.999399 -0.00139581 -0.0346478 -0.00256726 0.00103931 0.999946 -0.0103053 0.00380184 0.0346603 0.0102631 0.999346 0.37918 
150
64
1157.88
0.999399 -0.00139581 -0.0346478 -0.00256726 0.00103931 0.999946 -0.0103053 0.00380184 0.0346603 0.0102631 0.999346 0.37918 
150
76
1239.8
0.977946 0.00319685 -0.208833 -0.0645595 -0.00437694 0.999977 -0.00518901 0.0246586 0.208811 0.00598863 0.977938 0.183792 
150
68
1061.92
0.999802 -0.00130273 -0.0198774 0.0669028 0.00122452 0.999991 -0.00394624 0.0164719 0.0198824 0.00392112 0.999795 0.427114 
150
70
658.747
0.999998 0.000132674 0.00206217 -0.0156209 -0.000131411 1 -0.000612846 -0.00512946 -0.00206225 0.000612574 0.999998 0.469579 
146
92
586.635
1 -9.23051e-06 0.000453978 0.0239309 9.1181e-06 1 0.000247611 -0.00794792 -0.000453981 -0.000247607 1 0.450966 
144
103
401.03
1 9.91733e-05 0.000822873 0.000446389 -9.76921e-05 0.999998 -0.00179985 0.000508177 -0.00082305 0.00179976 0.999998 0.455185 
149
94
441.315
0.999999 0.000487904 0.00134846 -0.0207724 -0.000488916 1 0.000750164 -0.0043925 -0.00134809 -0.000750822 0.999999 0.453382 
149
90
529.576
0.998599 0.00216039 -0.0528761 0.0123488 -0.00115685 0.999819 0.0190023 -0.021333 0.0529076 -0.0189145 0.99842 0.39307 
150
53
763.6
0.998599 0.00216039 -0.0528761 0.0123488 -0.00115685 0.999819 0.0190023 -0.021333 0.0529076 -0.0189145 0.99842 0.39307 
150
78
1232.52
0.998599 0.00216039 -0.0528761 0.0123488 -0.00115685 0.999819 0.0190023 -0.021333 0.0529076 -0.0189145 0.99842 0.39307 
150
72
1161.04
0.998599 0.00216039 -0.0528761 0.0123488 -0.00115685 0.999819 0.0190023 -0.021333 0.0529076 -0.0189145 0.99842 0.39307 
148
67
1022.73
0.986499 -0.000275914 -0.163769 -0.0238711 -0.00241169 0.999866 -0.0162119 0.0220645 0.163752 0.016388 0.986365 0.105274 
150
69
1207.51
1 -0.000952336 0.000222753 -0.0824556 0.000949779 0.999937 0.0112095 0.0419894 -0.000233414 -0.0112093 0.999937 0.485419 
147
56
583.821
0.999999 0.000159505 0.00144688 0.0246989 -0.000159153 1 -0.000243542 0.00313614 -0.00144692 0.000243311 0.999999 0.464929 
150
91
798.967
1 0.000431701 -0.000534794 -0.0195159 -0.000430375 0.999997 0.00247747 -0.00522721 0.000535862 -0.00247724 0.999997 0.464617 
150
74
754.716
1 9.47899e-05 -0.000909626 0.0064812 -9.69991e-05 0.999997 -0.00242892 0.0158343 0.000909393 0.00242901 0.999997 0.464312 
146
85
639.434
0.988188 0.00438046 -0.153185 -8.85648e-05 -0.0042959 0.99999 0.000882948 -0.00134993 0.153188 -0.00021445 0.988197 0.132526 
150
59
1056.41
0.988188 0.00438046 -0.153185 -8.85648e-05 -0.0042959 0.99999 0.000882948 -0.00134993 0.153188 -0.00021445 0.988197 0.132526 
149
69
1117.45
0.988188 0.00438046 -0.153185 -8.85648e-05 -0.0042959 0.99999 0.000882948 -0.00134993 0.153188 -0.00021445 0.988197 0.132526 
150
66
1092.41
0.988188 0.00438046 -0.153185 -8.85648e-05 -0.0042959 0.99999 0.000882948 -0.00134993 0.153188 -0.00021445 0.988197 0.132526 
150
70
1057.79
0.988188 0.00438046 -0.153185 -8.85648e-05 -0.0042959 0.99999 0.000882948 -0.00134993 0.153188 -0.00021445 0.988197 0.132526 
147
68
1191.11
0.988188 0.00438046 -0.153185 -8.85648e-05 -0.0042959 0.99999 0.000882948 -0.00134993 0.153188 -0.00021445 0.988197 0.132526 
149
69
1181.91
0.988188 0.00438046 -0.153185 -8.85648e-05 -0.0042959 0.99999 0.000882948 -0.00134993 0.153188 -0.00021445 0.988197 0.132526 
148
74
1209.35
0.979293 -0.0154275 -0.201857 0.00562203 -0.000362626 0.996957 -0.0779544 0.00747717 0.202445 0.0764135 0.976308 -0.0528245 
149
71
1476.7
0.99995 0.00573995 0.00813512 0.0200652 -0.00638643 0.996628 0.0818081 0.0365807 -0.00763811 -0.081856 0.996615 0.461114 
148
53
870.526
1 -1.07311e-05 0.000792529 0.0251683 1.11626e-05 1 -0.000544438 0.00709967 -0.000792523 0.000544446 1 0.434181 
146
85
654.918
1 0.000229264 0.000835099 -0.169914 -0.000229129 1 -0.000161749 -0.165542 -0.000835136 0.000161558 1 0.237754 
148
70
603.873
1 -0.000233346 -0.000521307 0.157091 0.000233358 1 2.23626e-05 -0.0720975 0.000521302 -2.24842e-05 1 0.368005 
142
81
719.034
1 -6.26007e-05 -0.00073719 -0.00579064 6.18698e-05 1 -0.000991449 0.00596362 0.000737251 0.000991403 0.999999 0.472051 
149
81
979.639
1 -7.13205e-05 0.000895626 -0.00356331 7.02091e-05 0.999999 0.00124094 -0.00422954 -0.000895714 -0.00124088 0.999999 0.488333 
150
84
1013.95
1 4.83815e-05 0.000306656 0.026127 -4.86413e-05 1 0.000847202 0.00472561 -0.000306615 -0.000847217 1 0.43809 
150
78
896.576
1 0.000466015 -0.000185499 0.0269979 -0.000466388 0.999998 -0.0020107 -0.0108845 0.000184561 0.00201079 0.999998 0.41117 
140
78
415.703
1 -0.000243019 -1.6677e-05 -0.00659808 0.00024304 0.999999 0.00127477 0.00132486 1.63672e-05 -0.00127478 0.999999 0.501405 
143
73
734.005
0.999999 -8.6003e-05 0.00130881 0.00712108 8.50897e-05 1 0.000697885 -0.0183217 -0.00130887 -0.000697773 0.999999 0.482763 
146
68
927.507
0.989112 -0.00254842 -0.14714 0.0186601 0.0032973 0.999983 0.00484585 0.00446637 0.147126 -0.00527826 0.989104 0.170407 
149
54
1051.71
0.989112 -0.00254842 -0.14714 0.0186601 0.0032973 0.999983 0.00484585 0.00446637 0.147126 -0.00527826 0.989104 0.170407 
150
70
1248.34
0.989112 -0.00254842 -0.14714 0.0186601 0.0032973 0.999983 0.00484585 0.00446637 0.147126 -0.00527826 0.989104 0.170407 
150
70
1072.22
0.995465 0.0029509 -0.0950779 -0.0278426 -0.00279433 0.999995 0.00177983 0.0043877 0.0950827 -0.00150608 0.995468 0.280069 
150
71
906.835
0.998649 0.00589575 -0.0516365 -0.00705507 -0.00585954 0.999982 0.00085275 0.00639224 0.0516407 -0.000549031 0.998666 0.34144 
146
54
997.707
0.998649 0.00589575 -0.0516365 -0.00705507 -0.00585954 0.999982 0.00085275 0.00639224 0.0516407 -0.000549031 0.998666 0.34144 
148
59
1155.14
0.998649 0.00589575 -0.0516365 -0.00705507 -0.00585954 0.999982 0.00085275 0.00639224 0.0516407 -0.000549031 0.998666 0.34144 
148
66
1319.5
0.998649 0.00589575 -0.0516365 -0.00705507 -0.00585954 0.999982 0.00085275 0.00639224 0.0516407 -0.000549031 0.998666 0.34144 
146
69
1103.14
0.998649 0.00589575 -0.0516365 -0.00705507 -0.00585954 0.999982 0.00085275 0.00639224 0.0516407 -0.000549031 0.998666 0.34144 
150
67
1313.08
0.998649 0.00589575 -0.0516365 -0.00705507 -0.00585954 0.999982 0.00085275 0.00639224 0.0516407 -0.000549031 0.998666 0.34144 
150
78
1119.49
0.998649 0.00589575 -0.0516365 -0.00705507 -0.00585954 0.999982 0.00085275 0.00639224 0.0516407 -0.000549031 0.998666 0.34144 
150
63
1058.81
0.998649 0.00589575 -0.0516365 -0.00705507 -0.00585954 0.999982 0.00085275 0.00639224 0.0516407 -0.000549031 0.998666 0.34144 
150
79
1125.86
0.998649 0.00589575 -0.0516365 -0.00705507 -0.00585954 0.999982 0.00085275 0.00639224 0.0516407 -0.000549031 0.998666 0.34144 
150
71
1089.6
0.998649 0.00589575 -0.0516365 -0.00705507 -0.00585954 0.999982 0.00085275 0.00639224 0.0516407 -0.000549031 0.998666 0.34144 
150
82
1251.61
0.976578 0.0033276 -0.215139 -0.0435895 -0.00330954 0.999994 0.000444148 0.00894948 0.215139 0.000278267 0.976583 -0.122322 
150
69
1209.96
0.999736 -0.000113251 -0.0229949 0.0194834 6.99149e-05 0.999998 -0.00188541 -0.00893755 0.022995 0.00188331 0.999734 0.425659 
150
70
839.148
1 1.31069e-05 0.000455912 -0.00266105 -1.37232e-05 0.999999 0.00135179 -0.0188045 -0.000455893 -0.0013518 0.999999 0.481487 
150
90
835.887
0.980938 0.000932643 -0.19432 0.00663877 0.00169958 0.999909 0.0133787 0.00239609 0.194315 -0.0134539 0.980847 0.0993489 
150
64
999.254
1 -3.08703e-05 0.000134072 -0.0133099 3.08681e-05 1 1.68048e-05 -0.00560275 -0.000134072 -1.68006e-05 1 0.509085 
150
91
1057.13
1 0.000260913 0.00051556 -0.0247354 -0.000261016 1 0.000200474 -0.012015 -0.000515508 -0.000200608 1 0.474477 
145
82
722.787
1 -0.000117615 -0.000473649 -0.0431106 0.000117811 1 0.000413618 -0.011729 0.0004736 -0.000413674 1 0.493248 
144
90
637.036
1 -0.00029459 -0.000381966 0.00576091 0.000294105 0.999999 -0.00127008 0.0147129 0.00038234 0.00126997 0.999999 0.4684 
150
80
588.172
1 0.000230909 -0.000207226 -0.0399471 -0.000230822 1 0.000420398 -0.00188565 0.000207323 -0.00042035 1 0.482916 
150
94
434.616
1 -5.82134e-06 1.03796e-05 -0.0132692 5.8267e-06 1 -0.000515906 -0.00427241 -1.03766e-05 0.000515906 1 0.484809 
147
83
559.129
0.999998 0.000241299 0.00171848 -0.0290212 -0.000241583 1 0.000164873 -0.00513347 -0.00171844 -0.000165288 0.999999 0.455911 
149
89
717.292
0.993673 0.00170191 0.112296 0.0324501 -0.0018589 0.999997 0.00129333 0.015131 -0.112294 -0.0014939 0.993674 0.240818 
150
59
1055.11
0.993673 0.00170191 0.112296 0.0324501 -0.0018589 0.999997 0.00129333 0.015131 -0.112294 -0.0014939 0.993674 0.240818 
145
71
1218.78
0.993673 0.00170191 0.112296 0.0324501 -0.0018589 0.999997 0.00129333 0.015131 -0.112294 -0.0014939 0.993674 0.240818 
148
68
998.785
0.993673 0.00170191 0.112296 0.0324501 -0.0018589 0.999997 0.00129333 0.015131 -0.112294 -0.0014939 0.993674 0.240818 
150
80
1267.23
0.993673 0.00170191 0.112296 0.0324501 -0.0018589 0.999997 0.00129333 0.015131 -0.112294 -0.0014939 0.993674 0.240818 
150
77
1213.16
0.993673 0.00170191 0.112296 0.0324501 -0.0018589 0.999997 0.00129333 0.015131 -0.112294 -0.0014939 0.993674 0.240818 
150
73
1248.83
0.993673 0.00170191 0.112296 0.0324501 -0.0018589 0.999997 0.00129333 0.015131 -0.112294 -0.0014939 0.993674 0.240818 
150
82
1106.98
0.993673 0.00170191 0.112296 0.0324501 -0.0018589 0.999997 0.00129333 0.015131 -0.112294 -0.0014939 0.993674 0.240818 
150
71
1252.66
0.981084 -0.000753866 0.19358 0.00498189 0.000861909 1 -0.000473914 0.00405916 -0.19358 0.000631798 0.981084 0.0727692 
150
81
1260.34
1 -8.7294e-05 4.42123e-05 -0.00287687 8.73383e-05 0.999999 -0.00100263 -0.00615926 -4.41248e-05 0.00100263 0.999999 0.470747 
145
91
678.57
0.999999 -0.000110256 -0.00142744 -0.0203323 0.000111077 1 0.000574841 -0.0152652 0.00142737 -0.000574999 0.999999 0.466672 
144
90
718.725
0.999999 -0.000227275 -0.00114446 -0.00568614 0.000223088 0.999993 -0.00365729 0.00342387 0.00114529 0.00365703 0.999993 0.469964 
150
87
980.214
0.995351 -0.00027789 0.0963153 -0.0116011 0.000236851 1 0.000437523 0.00136048 -0.0963154 -0.000412677 0.995351 0.273492 
150
67
998.251
0.998954 0.000393725 0.0457242 0.00398115 -0.000510716 0.999997 0.00254697 -0.00997197 -0.045723 -0.00256766 0.998951 0.371687 
149
70
921.738
1 -1.46372e-05 -0.000846932 -0.000844481 1.45206e-05 1 -0.000137745 0.0081727 0.000846934 0.000137732 1 0.456514 
145
85
909.033
1 -9.82927e-05 -0.000967772 0.00523696 9.92194e-05 1 0.00095763 0.000797756 0.000967678 -0.000957726 0.999999 0.429532 
145
89
636.867
0.999999 -0.000225066 -0.00122282 -0.0144993 0.000225255 1 0.000154159 0.00966002 0.00122279 -0.000154434 0.999999 0.469282 
150
91
823.934
1 -9.36917e-05 -0.000534026 0.00432581 9.29969e-05 0.999999 -0.00130096 0.00669253 0.000534148 0.00130091 0.999999 0.454456 
150
89
1044.6
0.999998 0.000202556 0.00184129 0.00180783 -0.0002034 1 0.000458115 -0.00627283 -0.0018412 -0.000458489 0.999998 0.465911 
144
81
622.555
1 -0.00029262 -4.57049e-05 0.00811452 0.000292545 0.999999 -0.00163391 0.00175666 4.6183e-05 0.0016339 0.999999 0.455439 
150
85
821.699
0.999999 -0.000304201 0.00140305 -0.015842 0.000301866 0.999999 0.00166462 -0.000498815 -0.00140355 -0.00166419 0.999998 0.467418 
149
86
982.575
0.999994 -0.000218581 -0.00336764 -0.00587785 0.000207835 0.999995 -0.003191 0.00239966 0.00336832 0.00319028 0.999989 0.470773 
144
84
1164.59
1 -9.44125e-05 -0.000930493 0.000859091 9.40734e-05 1 -0.00036452 -0.00205877 0.000930528 0.000364432 1 0.46755 
141
86
911.561
1 0.000102052 -0.00075871 -0.0243863 -0.000102616 1 -0.000742854 -0.000291962 0.000758634 0.000742932 0.999999 0.46862 
137
65
825.886
1 -0.000157956 -0.000237223 -0.00426256 0.000156752 0.999987 -0.00506785 0.00308867 0.000238021 0.00506781 0.999987 0.429868 
139
66
784.416
0.999978 0.000486507 -0.00667694 -0.00552745 -0.000543688 0.999963 -0.00856475 -0.00586908 0.00667253 0.00856819 0.999941 0.439845 
130
65
948.963
0.998125 0.00359443 -0.0611068 -0.00658103 -0.00471568 0.999823 -0.0182148 0.00882432 0.0610305 0.0184688 0.997965 0.291837 
137
34
991.027
0.998125 0.00359443 -0.0611068 -0.00658103 -0.00471568 0.999823 -0.0182148 0.00882432 0.0610305 0.0184688 0.997965 0.291837 
143
69
1239.11
0.998125 0.00359443 -0.0611068 -0.00658103 -0.00471568 0.999823 -0.0182148 0.00882432 0.0610305 0.0184688 0.997965 0.291837 
144
71
1144.23
0.998125 0.00359443 -0.0611068 -0.00658103 -0.00471568 0.999823 -0.0182148 0.00882432 0.0610305 0.0184688 0.997965 0.291837 
141
65
939.909
0.998125 0.00359443 -0.0611068 -0.00658103 -0.00471568 0.999823 -0.0182148 0.00882432 0.0610305 0.0184688 0.997965 0.291837 
142
70
1206.98
0.999502 -0.00462857 -0.0312215 -0.0249209 0.00499248 0.99992 0.011588 -0.00619774 0.0311654 -0.0117381 0.999445 0.383942 
141
59
622.356
1 -0.000297387 0.000392737 0.000370788 0.000296811 0.999999 0.00146711 -0.00185273 -0.000393172 -0.001467 0.999999 0.458853 
140
60
610.343
1 -0.00041684 0.000641806 0.00627828 0.000415601 0.999998 0.00192958 0.00992969 -0.000642609 -0.00192931 0.999998 0.457867 
138
63
735.115
1 -0.000231199 -0.000556391 0.0116353 0.000232207 0.999998 0.00181176 -0.00934357 0.000555971 -0.00181189 0.999998 0.461547 
133
54
961.19
0.999992 -0.000503049 -0.00402779 -0.000314195 0.000512157 0.999997 0.00226058 0.00058595 0.00402665 -0.00226262 0.999989 0.460497 
113
40
663.786
0.999992 -0.000503049 -0.00402779 -0.000314195 0.000512157 0.999997 0.00226058 0.00058595 0.00402665 -0.00226262 0.999989 0.460497 
140
62
1235.87
0.999992 -0.000503049 -0.00402779 -0.000314195 0.000512157 0.999997 0.00226058 0.00058595 0.00402665 -0.00226262 0.999989 0.460497 
143
66
1003.53
0.999992 -0.000503049 -0.00402779 -0.000314195 0.000512157 0.999997 0.00226058 0.00058595 0.00402665 -0.00226262 0.999989 0.460497 
150
64
1356.03
0.999992 -0.000503049 -0.00402779 -0.000314195 0.000512157 0.999997 0.00226058 0.00058595 0.00402665 -0.00226262 0.999989 0.460497 
149
70
1006.24
0.999992 -0.000503049 -0.00402779 -0.000314195 0.000512157 0.999997 0.00226058 0.00058595 0.00402665 -0.00226262 0.999989 0.460497 
150
70
1097.94
0.999992 -0.000503049 -0.00402779 -0.000314195 0.000512157 0.999997 0.00226058 0.00058595 0.00402665 -0.00226262 0.999989 0.460497 
145
67
1144.73
0.994438 0.0104081 -0.104811 -0.0388458 -0.0110457 0.999924 -0.00550405 0.0236311 0.104746 0.00663114 0.994477 0.205583 
142
51
831.657
0.994438 0.0104081 -0.104811 -0.0388458 -0.0110457 0.999924 -0.00550405 0.0236311 0.104746 0.00663114 0.994477 0.205583 
134
74
124.346
0.999999 -0.000399184 0.0011442 -0.0058841 0.000398238 1 0.000826311 -0.0078315 -0.00114453 -0.000825855 0.999999 0.477746 
142
69
629.303
1 0.000376671 0.000692181 -0.000935604 -0.000376613 1 -8.39811e-05 0.00601169 -0.000692212 8.37204e-05 1 0.446521 
135
64
683.239
0.999969 -0.0028205 -0.00730062 0.0640555 0.00279587 0.99999 -0.00338229 -0.0228104 0.00731009 0.00336177 0.999968 0.400221 
137
63
270.481
0.999999 -2.9346e-05 0.00112161 -0.0739316 2.93942e-05 1 -4.2906e-05 0.0209083 -0.00112161 4.29389e-05 0.999999 0.470902 
135
57
505.255
0.983391 -0.000570803 -0.181497 0.0264775 0.00116746 0.999994 0.00318064 -0.0139605 0.181494 -0.0033397 0.983386 0.0852302 
139
50
1079.24
0.988079 0.00305257 -0.153914 -0.0215257 -0.00181561 0.999965 0.00817658 -0.0166195 0.153934 -0.00779966 0.98805 0.138978 
140
55
792.209
0.999999 0.000114249 -0.00116952 -0.04189 -0.000117927 0.999995 -0.00314568 0.0355131 0.00116915 0.00314581 0.999994 0.490667 
139
64
638.884
1 -5.09096e-05 0.000587601 0.0100735 5.0422e-05 1 0.00082972 -0.00707244 -0.000587643 -0.00082969 0.999999 0.49388 
133
74
362.756
0.999998 -0.00128802 -0.00132398 -0.124742 0.00128292 0.999992 -0.00385028 -0.119817 0.00132893 0.00384857 0.999992 0.340878 
143
75
637.567
0.999986 -0.00182601 -0.00488767 0.0106306 0.00181018 0.999993 -0.00324289 0.0127942 0.00489356 0.003234 0.999983 0.44134 
144
77
450.213
1 -2.67877e-05 0.000891204 -0.012531 2.57146e-05 0.999999 0.00120411 -0.00831328 -0.000891236 -0.00120409 0.999999 0.463263 
145
74
463.573
0.999995 -0.0011806 -0.00290952 0.0290424 0.00117488 0.999997 -0.00196815 0.0293845 0.00291184 0.00196473 0.999994 0.461682 
144
71
606.943
0.999998 0.000707487 0.0017891 -0.0362437 -0.000705559 0.999999 -0.00107814 0.00886872 -0.00178986 0.00107687 0.999998 0.454941 
142
73
538.134
0.997358 0.000345298 -0.0726471 0.0276679 2.59914e-06 0.999989 0.00478871 -0.0267525 0.072648 -0.00477625 0.997346 0.316594 
145
56
853.815
0.997358 0.000345298 -0.0726471 0.0276679 2.59914e-06 0.999989 0.00478871 -0.0267525 0.072648 -0.00477625 0.997346 0.316594 
150
73
1044.61
0.997358 0.000345298 -0.0726471 0.0276679 2.59914e-06 0.999989 0.00478871 -0.0267525 0.072648 -0.00477625 0.997346 0.316594 
150
68
1138.29
0.997358 0.000345298 -0.0726471 0.0276679 2.59914e-06 0.999989 0.00478871 -0.0267525 0.072648 -0.00477625 0.997346 0.316594 
150
70
1201.65
0.997358 0.000345298 -0.0726471 0.0276679 2.59914e-06 0.999989 0.00478871 -0.0267525 0.072648 -0.00477625 0.997346 0.316594 
150
78
1099.05
0.997358 0.000345298 -0.0726471 0.0276679 2.59914e-06 0.999989 0.00478871 -0.0267525 0.072648 -0.00477625 0.997346 0.316594 
148
68
1047.33
0.990645 0.00988962 -0.136108 -0.0376668 -0.00992349 0.999951 0.00042969 -0.00708439 0.136106 0.000924997 0.990694 0.179962 
150
74
1108.02
1 0.000236424 8.22341e-05 -0.00268095 -0.000236426 1 1.89951e-05 0.00408339 -8.22296e-05 -1.90146e-05 1 0.486335 
150
113
565.396
1 0.000187697 -3.74645e-05 -0.000973921 -0.000187759 0.999999 -0.00167331 -0.000218017 3.71504e-05 0.00167332 0.999999 0.431498 
150
106
595.42
1 0.000187406 0.00036713 -0.000826633 -0.000187028 0.999999 -0.00102919 -0.000548115 -0.000367323 0.00102912 0.999999 0.459699 
150
99
965.936
1 0.000139306 0.000276556 0.00109627 -0.000138795 0.999998 -0.00184664 0.00287762 -0.000276813 0.0018466 0.999998 0.461922 
147
109
494.312
0.999999 -0.000150453 -0.00102401 -0.00277813 0.000149753 1 -0.000683181 -0.000343536 0.00102411 0.000683027 0.999999 0.468496 
148
97
504.53
1 -8.60851e-05 -0.000330478 0.00765373 8.58023e-05 1 -0.000855664 0.00881104 0.000330552 0.000855635 1 0.439712 
150
106
738.514
0.999999 -0.000174784 -0.0013448 -0.00208665 0.000175451 1 0.000495666 -0.00124802 0.00134471 -0.000495901 0.999999 0.471232 
150
106
595.196
0.999999 0.000673084 0.00153821 -0.000740704 -0.000671415 0.999999 -0.00108512 0.00297838 -0.00153894 0.00108408 0.999998 0.4596 
150
111
530.608
1 0.000231007 0.000508973 0.00609212 -0.000231186 1 0.00035213 -0.00402459 -0.000508891 -0.000352248 1 0.475967 
150
101
598.545
1 -1.14324e-05 0.000603033 0.0157281 1.02502e-05 0.999998 0.00196033 0.0026312 -0.000603054 -0.00196033 0.999998 0.501456 
146
93
455.688
1 0.000213318 -0.000167387 -0.00619528 -0.000213579 0.999999 -0.00156005 0.00483409 0.000167054 0.00156009 0.999999 0.483768 
142
93
528.833
0.999999 0.000144674 0.00108396 -0.00139959 -0.000143745 1 -0.000856683 -0.00783942 -0.00108408 0.000856527 0.999999 0.441993 
150
94
747.762
1 -4.20241e-05 0.000533835 -0.00602757 4.26313e-05 0.999999 -0.00113743 0.00121105 -0.000533787 0.00113745 0.999999 0.47013 
143
90
806.35
0.993551 0.00829873 -0.113079 -0.0264953 -0.00912249 0.999935 -0.00676924 0.0179711 0.113016 0.00775716 0.993563 0.1961 
150
67
1048.03
0.993551 0.00829873 -0.113079 -0.0264953 -0.00912249 0.999935 -0.00676924 0.0179711 0.113016 0.00775716 0.993563 0.1961 
150
80
1079.59
