0.999989 0.00408148 0.00213608 -0.00953511 -0.00408441 0.999991 0.00137141 -0.00091106 -0.00213046 -0.00138012 0.999997 0.359089 
138
124
1202.07
0.999979 0.00327934 0.00561438 -0.282896 -0.00331155 0.999978 0.00573659 -0.225116 -0.00559545 -0.00575507 0.999968 6.01655 
130
113
1307.71
0.999999 0.00106867 0.000536234 -0.026595 -0.00106785 0.999998 -0.00152209 -0.0384684 -0.00053786 0.00152151 0.999999 6.5913 
125
98
1380.74
0.999708 0.00877587 0.0224976 -0.0162847 -0.0109387 0.995137 0.0978909 -0.0143193 -0.0215291 -0.0981084 0.994943 0.478095 
119
79
3644.94
0.999708 0.00877587 0.0224976 -0.0162847 -0.0109387 0.995137 0.0978909 -0.0143193 -0.0215291 -0.0981084 0.994943 0.478095 
5
79
3644.94
0.999708 0.00877587 0.0224976 -0.0162847 -0.0109387 0.995137 0.0978909 -0.0143193 -0.0215291 -0.0981084 0.994943 0.478095 
10
10
343.331
0.991639 0.120315 0.0466444 -0.0274315 -0.116994 0.990776 -0.0683708 0.0454946 -0.0544401 0.062342 0.996569 0.224021 
12
12
256.776
0.995299 -0.018709 0.0950308 0.228095 0.018271 0.999818 0.00547735 0.814016 -0.095116 -0.00371529 0.995459 3.14836 
28
23
605.348
0.999783 -0.0014738 0.020761 0.146042 0.0017398 0.999917 -0.0128004 0.053547 -0.0207405 0.0128337 0.999703 0.46949 
135
132
2224.66
0.999551 -0.00112126 -0.0299528 0.207261 0.00100371 0.999992 -0.00393915 0.0287129 0.029957 0.00390731 0.999544 0.228401 
136
135
1244.04
0.999572 -0.0031761 -0.0290832 0.165231 0.00273786 0.999882 -0.0150959 0.0836984 0.0291277 0.0150098 0.999463 0.500452 
137
136
1357.53
0.99999 0.00202527 -0.00386512 0.144664 -0.00202241 0.999998 0.00074306 0.00084479 0.00386662 -0.000735236 0.999992 0.0606926 
121
121
951.527
0.999947 0.00738912 0.0072043 -0.180159 -0.00747002 0.999909 0.0112679 -0.378152 -0.00712038 -0.0113212 0.999911 4.18183 
85
85
936.584
0.999972 0.00614318 -0.00429981 0.0369325 -0.00599156 0.999389 0.0344286 -0.215289 0.00450868 -0.0344019 0.999398 1.06773 
82
80
1082.89
0.999621 0.0163599 -0.0221408 -0.0855896 -0.0155171 0.999168 0.0377145 0.127271 0.0227394 -0.0373566 0.999043 -0.771715 
62
60
1020.34
0.99933 -0.0106689 -0.0350165 -0.0440635 0.0126567 0.998291 0.0570439 0.0334198 0.034348 -0.0574488 0.997757 -0.197187 
43
37
824.99
0.996214 0.00308721 0.086875 0.05202 -0.00808341 0.998329 0.0572175 0.255783 -0.0865532 -0.0577031 0.994575 -1.01896 
14
14
402.06
0.996214 0.00308721 0.086875 0.05202 -0.00808341 0.998329 0.0572175 0.255783 -0.0865532 -0.0577031 0.994575 -1.01896 
0
14
402.06
0.996214 0.00308721 0.086875 0.05202 -0.00808341 0.998329 0.0572175 0.255783 -0.0865532 -0.0577031 0.994575 -1.01896 
0
14
402.06
0.996214 0.00308721 0.086875 0.05202 -0.00808341 0.998329 0.0572175 0.255783 -0.0865532 -0.0577031 0.994575 -1.01896 
0
14
402.06
0.996214 0.00308721 0.086875 0.05202 -0.00808341 0.998329 0.0572175 0.255783 -0.0865532 -0.0577031 0.994575 -1.01896 
6
14
402.06
0.888558 -0.142295 -0.436138 2.40906 0.135669 0.989663 -0.046485 0.409122 0.438244 -0.0178658 0.898678 -0.569355 
51
32
2455.34
0.999997 -0.00130138 -0.00201562 0.00764131 0.00129462 0.999994 -0.00335378 0.00748958 0.00201997 0.00335116 0.999992 0.421166 
141
135
1129.49
0.999953 -0.00271001 -0.00934885 0.188039 0.00253729 0.999827 -0.0184378 0.296429 0.0093972 0.0184132 0.999786 1.86572 
140
132
1019.9
0.999996 -0.00014611 -0.00266566 0.00828793 0.000143851 1 -0.000847389 0.00825328 0.00266578 0.000847002 0.999996 0.376511 
141
136
1240.19
0.999997 0.000748225 -0.00235672 0.00726512 -0.000738074 0.99999 0.00430546 -0.0102971 0.00235992 -0.00430371 0.999988 0.360548 
141
133
1344.43
0.999999 -0.00116258 -9.60843e-05 -0.00721419 0.00115968 0.999658 -0.0261259 0.366927 0.000126425 0.0261258 0.999659 1.78608 
136
133
1396.79
0.999605 -0.00344992 0.0278749 -2.02569 0.00341531 0.999993 0.00128913 -0.203775 -0.0278792 -0.00119342 0.999611 9.27256 
107
107
1120.26
0.999973 -0.00251698 0.00689167 -0.441014 0.00242236 0.999903 0.0137043 -0.807056 -0.0069255 -0.0136872 0.999882 9.15868 
94
94
1150.05
0.995321 -0.00505618 0.0964886 -0.173391 0.00384785 0.999912 0.012705 -0.5824 -0.0965443 -0.0122743 0.995253 5.67717 
102
102
3127.03
0.995321 -0.00505618 0.0964886 -0.173391 0.00384785 0.999912 0.012705 -0.5824 -0.0965443 -0.0122743 0.995253 5.67717 
3
102
3127.03
0.995321 -0.00505618 0.0964886 -0.173391 0.00384785 0.999912 0.012705 -0.5824 -0.0965443 -0.0122743 0.995253 5.67717 
3
102
3127.03
0.995321 -0.00505618 0.0964886 -0.173391 0.00384785 0.999912 0.012705 -0.5824 -0.0965443 -0.0122743 0.995253 5.67717 
0
102
3127.03
0.995321 -0.00505618 0.0964886 -0.173391 0.00384785 0.999912 0.012705 -0.5824 -0.0965443 -0.0122743 0.995253 5.67717 
11
11
345.177
0.174341 0.854556 0.489223 -2.79687 -0.984679 0.153123 0.083434 0.559578 -0.00361228 -0.496274 0.868158 -2.29167 
17
14
820.559
0.998104 -0.00803977 0.0610152 0.0578381 0.0085059 0.999937 -0.00738366 0.0466297 -0.060952 0.00788865 0.99811 0.385239 
96
85
2176.48
0.999946 -0.00836944 -0.00610019 0.016884 0.00826743 0.999829 -0.0165593 0.0787395 0.00623774 0.016508 0.999844 0.430319 
91
82
562.686
0.99996 -0.00379519 -0.00813401 0.0116471 0.00362834 0.999785 -0.0204311 0.11723 0.0082098 0.0204008 0.999758 0.56546 
90
79
596.572
0.999978 -0.00582178 -0.00325842 0.0164493 0.00581927 0.999983 -0.000777623 -0.00975669 0.00326289 0.000758644 0.999994 0.375911 
86
77
589.446
0.999997 0.0023072 -0.00109372 0.0217995 -0.0023084 0.999997 -0.00109076 0.0289357 0.0010912 0.00109328 0.999999 0.946988 
84
79
619.048
0.999977 -0.00445939 -0.00511565 0.0275924 0.00448474 0.999978 0.00495467 -0.0233078 0.00509344 -0.0049775 0.999975 0.654818 
78
72
636.074
0.999977 -0.00445939 -0.00511565 0.0275924 0.00448474 0.999978 0.00495467 -0.0233078 0.00509344 -0.0049775 0.999975 0.654818 
3
72
636.074
0.999977 -0.00445939 -0.00511565 0.0275924 0.00448474 0.999978 0.00495467 -0.0233078 0.00509344 -0.0049775 0.999975 0.654818 
7
72
636.074
0.954353 -0.0293069 0.29724 -1.13235 0.0367752 0.999132 -0.0195633 0.277309 -0.296409 0.0296013 0.954602 -0.11878 
48
28
1137.8
0.992997 -0.10653 0.051081 0.192538 0.10984 0.991682 -0.0670975 -0.110065 -0.0435083 0.0722383 0.996438 0.435509 
60
25
1297.85
0.986729 -0.160652 0.0235806 -0.075801 0.161104 0.98676 -0.018706 0.282243 -0.0202632 0.0222567 0.999547 1.01017 
46
24
576.715
0.946969 -0.0672339 0.314213 -3.18493 0.0837536 0.995709 -0.0393574 0.179723 -0.310219 0.0635868 0.948536 -1.81609 
51
24
857.907
0.999913 0.0104296 0.00802803 0.384296 -0.010402 0.99994 -0.00347408 0.500862 -0.00806378 0.00339027 0.999962 4.18962 
28
20
246.073
0.999777 0.0102942 -0.0184204 0.486952 -0.011718 0.996811 -0.0789359 0.0493504 0.017549 0.0791342 0.996709 -0.0996026 
146
113
1713.94
0.998733 -0.0424793 -0.0269759 0.270777 0.0415751 0.998582 -0.03324 -0.0434203 0.0283496 0.0320764 0.999083 0.258691 
145
115
947.133
0.994216 -0.0929693 -0.053765 0.844339 0.0934205 0.995609 0.0059342 0.195924 0.0529772 -0.0109226 0.998536 1.01911 
146
117
4462.38
0.605106 0.406784 0.684378 -7.27238 0.080389 0.824003 -0.560853 5.00337 -0.792076 0.394392 0.465909 -1.95874 
49
27
2417.25
0.999951 -0.00789737 -0.0060035 0.042114 0.00786708 0.999956 -0.00505099 0.0179781 0.00604313 0.00500351 0.999969 0.394243 
150
129
741.158
0.999988 -0.00416505 -0.00267722 0.0161037 0.00416302 0.999991 -0.000761208 -0.000140612 0.00268037 0.000750054 0.999996 0.395427 
150
127
848.157
0.999997 -0.0025562 -7.81681e-05 0.00138701 0.00255603 0.999994 -0.00212493 -0.00613674 8.35995e-05 0.00212473 0.999998 0.389231 
150
132
918.174
0.999992 -0.00125541 -0.00372734 0.0187009 0.0012643 0.999996 0.00238463 -0.0181893 0.00372433 -0.00238932 0.99999 0.408369 
150
131
940.075
0.999986 -0.00249772 -0.00465806 0.0596872 0.00244132 0.999924 -0.012074 0.303791 0.00468787 0.0120625 0.999916 1.96812 
150
134
1064.86
0.999464 0.00582187 0.0322266 -0.210581 -0.00545064 0.999918 -0.0115953 0.0243019 -0.0322915 0.0114134 0.999413 0.208173 
150
137
1021.02
0.999005 -0.00102722 -0.0445931 0.00586838 0.000491324 0.999928 -0.0120268 0.0271098 0.0446022 0.0119929 0.998933 0.309981 
150
141
2233.56
0.973448 -0.0718066 -0.217354 0.712976 0.0780299 0.996747 0.0201749 -0.246382 0.215198 -0.0365993 0.975884 -1.10005 
41
29
1803.11
0.992293 -0.0296605 -0.12031 -0.0890276 0.039695 0.995851 0.0818854 -0.000110126 0.117382 -0.0860301 0.989353 0.0386515 
64
40
1691.29
0.998556 0.0392154 0.0367171 -0.170342 -0.0408012 0.998221 0.0434852 -0.449346 -0.0349465 -0.0449205 0.998379 -2.42526 
65
33
863.454
0.996018 -0.0271365 -0.0849245 0.876098 -0.0389817 0.724121 -0.688571 5.28279 0.080181 0.689139 0.720179 -1.83722 
43
26
2039.01
0.993726 0.0521524 0.0989386 0.159473 -0.0510349 0.998602 -0.0137941 0.061373 -0.0995196 0.00865828 0.994998 0.501579 
64
36
2240.21
0.998702 -0.0147167 -0.0487557 0.238682 0.0136202 0.999648 -0.0227471 0.0108981 0.0490734 0.0220535 0.998552 0.183599 
143
129
1029.21
0.998702 -0.0147167 -0.0487557 0.238682 0.0136202 0.999648 -0.0227471 0.0108981 0.0490734 0.0220535 0.998552 0.183599 
150
141
516.044
0.999972 -0.000250817 -0.00751939 0.142903 0.000126628 0.999864 -0.0165117 0.00405583 0.00752251 0.0165103 0.999835 0.0357515 
146
139
795.066
0.999987 0.000222553 -0.00508323 0.125321 -0.000337645 0.999743 -0.0226519 0.00122062 0.00507688 0.0226534 0.99973 0.0193195 
138
130
547.866
0.999331 -1.56218e-06 -0.0365787 0.249784 -7.81582e-05 0.999998 -0.00217799 -0.0213216 0.0365786 0.00217939 0.999328 0.220911 
137
127
1018.84
0.99767 0.00109586 -0.0682125 0.0666449 -0.000388842 0.999946 0.0103773 0.0448699 0.0682202 -0.0103266 0.997617 0.320483 
134
127
2680.33
0.99767 0.00109586 -0.0682125 0.0666449 -0.000388842 0.999946 0.0103773 0.0448699 0.0682202 -0.0103266 0.997617 0.320483 
1
127
2680.33
0.983379 0.157161 -0.0909234 -0.214584 -0.153688 0.987137 0.0440544 -0.274522 0.0966775 -0.0293483 0.994883 -1.1233 
29
22
1007.94
0.998145 -0.00647882 -0.0605394 -0.279911 0.00618229 0.999968 -0.00508421 -0.185564 0.0605704 0.00470051 0.998153 -1.09936 
37
25
623.8
0.992628 -0.0308454 -0.117212 -0.165478 0.0300676 0.999513 -0.00839866 0.14906 0.117414 0.00481247 0.993071 0.830985 
36
26
979.003
0.999791 0.00610038 0.0195119 -0.0977117 -0.00597648 0.999962 -0.00640184 0.0569752 -0.0195502 0.00628389 0.999789 0.31178 
124
115
1056.63
0.999719 0.00858375 0.0221 -0.164957 -0.00850927 0.999958 -0.00346203 0.0232605 -0.0221288 0.00327301 0.99975 0.26553 
122
112
929.808
0.99999 -0.0029084 0.00335545 -0.144261 0.00291052 0.999996 -0.000626228 0.00457924 -0.00335362 0.000635988 0.999994 0.13722 
111
102
727.96
0.999582 0.0030644 0.028742 -0.207966 -0.00291246 0.999982 -0.00532658 0.0348394 -0.0287578 0.00524065 0.999573 0.300833 
118
113
1116.93
0.992556 -0.000536589 -0.121789 -0.430501 0.00187908 0.999939 0.0109085 0.436688 0.121775 -0.0110562 0.992496 1.78917 
20
18
738.619
0.23803 -0.786836 0.569413 29.8605 0.910026 0.385544 0.152344 12.733 -0.339403 0.481919 0.807812 88.1997 
15
12
243.433
0.23803 -0.786836 0.569413 29.8605 0.910026 0.385544 0.152344 12.733 -0.339403 0.481919 0.807812 88.1997 
13
12
234.726
0.23803 -0.786836 0.569413 29.8605 0.910026 0.385544 0.152344 12.733 -0.339403 0.481919 0.807812 88.1997 
9
12
234.726
0.987811 -0.107838 -0.112253 -0.0519254 0.108989 0.994034 0.00414815 0.127862 0.111136 -0.0163319 0.993671 0.406429 
20
19
506.938
0.994776 -0.0217476 -0.0997378 -0.136616 0.0247284 0.999281 0.028748 0.0829477 0.0990409 -0.0310641 0.994598 0.28538 
16
16
579.82
0.999307 0.0274866 -0.0250967 -0.15754 -0.0280914 0.999315 -0.0240732 0.0796823 0.0244178 0.0247615 0.999395 -0.692003 
45
23
1092.81
0.988514 -0.111712 -0.101783 0.413794 0.102805 0.990719 -0.0889258 0.381367 0.110772 0.0774407 0.990824 2.96753 
40
26
698.116
0.999951 0.00918385 0.00356297 -0.0169724 -0.00946461 0.995985 0.0890214 0.0517261 -0.0027311 -0.0890508 0.996023 0.356597 
150
117
4688.28
0.99999 0.00413604 -0.00195197 0.00109161 -0.00415548 0.999941 -0.0100624 0.0747289 0.00191024 0.0100704 0.999947 0.502509 
150
123
1024.74
0.999823 0.01069 0.015509 -0.159251 -0.0106308 0.999936 -0.00389942 0.0442254 -0.0155497 0.00373386 0.999872 0.388628 
143
119
1023.37
0.999992 0.00381353 -0.00156371 -0.00326425 -0.00383533 0.999892 -0.014181 0.0867482 0.00150946 0.0141869 0.999898 0.511686 
130
118
889.22
0.999993 0.00359588 0.00121564 -0.0165733 -0.0035779 0.999889 -0.0144759 0.0591468 -0.00126755 0.0144715 0.999894 0.419035 
134
124
951.075
0.999996 0.00253701 0.00120163 -0.0208249 -0.00252677 0.999961 -0.00844812 0.0357158 -0.00122302 0.00844505 0.999964 0.403875 
129
117
1037.57
0.999826 0.00584507 0.0177101 -0.0919083 -0.00565646 0.999927 -0.0106811 0.0492126 -0.0177712 0.0105791 0.999786 0.322635 
127
119
1047.44
0.999743 0.00160039 0.0226225 -0.115459 -0.00159526 0.999999 -0.000244649 0.00611406 -0.0226228 0.000208497 0.999744 0.228898 
118
114
1035.83
0.999748 0.00325089 0.0222291 -1.22591 -0.00305349 0.999956 -0.00890876 0.388966 -0.0222571 0.00883864 0.999713 4.99652 
106
97
948.119
0.999709 0.000948241 0.0241122 -2.0598 -0.000754359 0.999967 -0.00804866 0.583016 -0.0241191 0.00802812 0.999677 6.94043 
101
94
1047.08
0.999709 0.000948241 0.0241122 -2.0598 -0.000754359 0.999967 -0.00804866 0.583016 -0.0241191 0.00802812 0.999677 6.94043 
10
9
1047.08
0.995634 -0.013897 -0.0923054 -0.241401 0.0166713 0.99943 0.0293533 0.129582 0.0918448 -0.030764 0.995298 0.558836 
13
13
508.803
0.990239 -0.0505043 -0.12991 0.00438941 0.0493004 0.998706 -0.0124682 -0.0704598 0.130372 0.00594189 0.991447 -0.291972 
21
20
592.019
0.994653 -0.00252843 -0.10324 -0.235462 0.00165181 0.999962 -0.00857566 0.201735 0.103258 0.00835927 0.994619 1.30547 
134
131
5237.5
0.997064 -0.000108619 -0.0765715 0.0338955 0.000975117 0.999936 0.0112789 0.00518295 0.0765654 -0.0113205 0.997 0.306548 
128
126
3103.9
0.997064 -0.000108619 -0.0765715 0.0338955 0.000975117 0.999936 0.0112789 0.00518295 0.0765654 -0.0113205 0.997 0.306548 
6
126
3103.9
0.991144 -0.0756839 -0.109115 -0.0773264 0.0737691 0.997044 -0.0214858 0.0687329 0.110418 0.0132462 0.993797 0.302551 
22
16
849.443
0.991144 -0.0756839 -0.109115 -0.0773264 0.0737691 0.997044 -0.0214858 0.0687329 0.110418 0.0132462 0.993797 0.302551 
6
16
849.443
0.948664 0.304494 0.0855581 -1.48817 -0.309831 0.949028 0.0578819 -0.924476 -0.0635723 -0.0814191 0.99465 -1.61095 
16
14
732.174
0.994176 -0.0626427 -0.0876875 -0.0501596 0.0582678 0.996967 -0.0515952 0.0900271 0.0906535 0.0461853 0.994811 0.592517 
28
19
548.019
0.990435 0.104656 0.0899195 -0.722762 -0.103679 0.99449 -0.0154768 0.239217 -0.0910438 0.00600596 0.995829 2.59127 
24
17
742.535
0.978114 -0.0380574 -0.20456 -0.616467 -0.0143659 0.968432 -0.248863 1.32248 0.207574 0.246355 0.94669 -0.00446386 
48
22
1260.44
0.452386 -0.456956 -0.765858 2.90118 0.191217 0.888484 -0.417172 1.24142 0.871081 0.0422776 0.489316 4.07996 
26
21
912.059
0.996171 0.0403431 -0.077567 -0.157756 -0.0419972 0.998921 -0.0198122 0.102107 0.0766841 0.0229939 0.99679 1.57923 
52
31
1058.31
0.993885 0.0905212 -0.063235 0.290008 -0.0924103 0.995338 -0.0276126 0.163641 0.0604406 0.0332873 0.997617 1.75886 
58
31
1368.97
0.999907 -0.0134978 0.00214237 -0.314145 0.0135999 0.998199 -0.0584309 0.0328186 -0.00134982 0.0584546 0.998289 -0.12803 
145
132
1383.2
0.999425 -0.0301188 -0.0155644 0.144189 0.0299744 0.999506 -0.00942612 0.06676 0.0158406 0.00895417 0.999834 0.609495 
147
129
684.449
0.937804 0.144997 0.315435 -2.18981 -0.133784 0.989368 -0.0570412 0.505063 -0.320352 0.0112933 0.947231 -1.46376 
55
30
1690.51
0.999709 -0.0111442 -0.0214077 0.160014 0.010895 0.999872 -0.0117234 0.0172639 0.0215357 0.0114867 0.999702 0.207495 
148
128
751.305
0.999693 -0.0151625 -0.0195984 0.152969 0.0150531 0.99987 -0.0057205 0.030976 0.0196826 0.00542373 0.999792 0.352703 
145
120
801.389
0.999687 -0.0173821 -0.0179779 0.132441 0.0172241 0.999812 -0.00890682 0.0103344 0.0181294 0.00859438 0.999799 0.156117 
148
131
856.275
0.999845 -0.00734233 -0.0160215 0.0790596 0.00725968 0.99996 -0.0052106 0.0220057 0.0160591 0.00509348 0.999858 0.294906 
143
127
861.653
0.999791 -0.0143863 -0.0145392 0.144289 0.0142434 0.99985 -0.00988663 0.016846 0.0146793 0.00967748 0.999845 0.159383 
140
123
914.732
0.999896 -0.00152957 -0.0143206 1.20543 0.00139258 0.999953 -0.00957072 0.205373 0.0143345 0.00954979 0.999852 2.11695 
127
111
732.898
0.999651 -0.00585711 -0.0257624 0.172258 0.00558254 0.999927 -0.0107168 0.0379411 0.0258233 0.0105692 0.999611 0.31466 
128
123
897.557
0.992233 -0.00347686 0.124344 0.526797 0.00435115 0.999968 -0.00676035 0.272249 -0.124317 0.00724888 0.992216 1.8894 
107
102
4764.92
0.321321 0.873476 -0.365776 -0.90458 -0.94019 0.340399 -0.0130464 1.09456 0.113114 0.348091 0.930611 3.33019 
36
23
504.137
0.992834 0.0908461 0.0776371 -0.820442 -0.0939608 0.994871 0.037447 -1.16136 -0.0738371 -0.0444735 0.996278 -5.89172 
26
19
885.58
0.999401 -0.0345942 -0.000478394 0.518589 0.034505 0.995623 0.0868608 0.179903 -0.00252858 -0.0868253 0.99622 0.7073 
26
18
646.096
0.935732 -0.341134 0.0896305 -0.158777 0.336855 0.939665 0.0596466 -0.143493 -0.10457 -0.0256208 0.994187 -2.05467 
20
16
361.715
0.990308 -0.0154118 0.138033 1.55637 0.0170687 0.999796 -0.0108277 1.04581 -0.137838 0.0130788 0.990368 5.9588 
28
15
522.297
0.992727 -0.029111 0.116815 0.12712 0.0339374 0.998641 -0.0395417 0.28754 -0.115506 0.0432185 0.992366 -1.09571 
81
27
2321.22
0.979487 -0.201112 -0.0125902 0.0546158 0.201126 0.979565 -0.00012909 0.0403917 0.0123589 -0.00240578 0.999921 -0.193391 
41
24
556.704
0.99164 -0.102658 0.0781806 0.299945 0.0984578 0.993574 0.0558201 -0.584543 -0.0834087 -0.0476559 0.995375 -1.61336 
52
32
1877.95
0.999971 0.00538283 0.0053258 -0.0169581 -0.00530921 0.999891 -0.0137417 0.0623421 -0.0053992 0.013713 0.999891 0.47813 
133
107
802.671
0.999933 -0.0100428 -0.00569083 0.0314562 0.00996911 0.999868 -0.0128292 0.0682619 0.00581892 0.0127716 0.999902 0.507229 
130
106
739.428
0.999832 0.00816783 0.01639 -0.0990665 -0.00801833 0.999926 -0.00916656 0.0382138 -0.0164637 0.0090336 0.999824 0.458115 
132
100
880.056
0.993722 -0.00110265 0.111876 -0.00871093 0.00127398 0.999998 -0.00145988 0.00765432 -0.111874 0.00159324 0.993721 0.222976 
130
114
4884.53
0.998692 -0.000889074 0.0511136 0.038884 0.00138438 0.999952 -0.00965576 0.0550617 -0.0511026 0.00971389 0.998646 0.372633 
131
112
2531.04
0.999904 0.00215971 0.0136997 -0.0818198 -0.00207799 0.99998 -0.0059765 0.0449502 -0.0137124 0.00594746 0.999888 0.374215 
129
114
858.209
0.999971 0.00410731 0.00641558 -0.0398016 -0.00405026 0.999952 -0.00888006 0.0657041 -0.00645174 0.00885382 0.99994 0.443425 
114
102
867.065
0.999937 0.00561681 0.00971958 -0.0431641 -0.00546136 0.999858 -0.015947 0.0573154 -0.00980778 0.015893 0.999826 0.354607 
116
109
869.271
0.999933 0.00492289 0.0104843 -0.0609183 -0.00472702 0.999815 -0.0186251 0.0665399 -0.0105741 0.0185743 0.999772 0.380984 
107
100
853.802
0.999601 -0.00209296 0.0281849 -0.131934 0.00243296 0.999925 -0.0120341 0.0353604 -0.0281576 0.0120979 0.99953 0.287642 
100
96
903.852
0.999438 0.00109264 0.0335012 -0.134693 -0.000837725 0.999971 -0.00762225 0.0266865 -0.0335085 0.00758991 0.99941 0.206246 
93
90
873.71
0.999919 0.00132929 0.0126601 -0.152399 -0.00131171 0.999998 -0.00139675 0.00604185 -0.0126619 0.00138003 0.999919 0.0811528 
76
76
582.033
0.99993 -0.00399413 -0.0110931 0.20087 0.00414644 0.999897 0.0137417 -0.327995 0.0110371 -0.0137868 0.999844 2.7751 
50
50
549.052
0.96993 0.242788 0.01699 -0.0750957 -0.243264 0.969269 0.0366163 0.155592 -0.00757789 -0.0396483 0.999185 -1.14843 
11
11
136.964
0.96993 0.242788 0.01699 -0.0750957 -0.243264 0.969269 0.0366163 0.155592 -0.00757789 -0.0396483 0.999185 -1.14843 
6
11
136.964
0.96993 0.242788 0.01699 -0.0750957 -0.243264 0.969269 0.0366163 0.155592 -0.00757789 -0.0396483 0.999185 -1.14843 
1
11
136.964
0.96993 0.242788 0.01699 -0.0750957 -0.243264 0.969269 0.0366163 0.155592 -0.00757789 -0.0396483 0.999185 -1.14843 
0
11
136.964
0.96993 0.242788 0.01699 -0.0750957 -0.243264 0.969269 0.0366163 0.155592 -0.00757789 -0.0396483 0.999185 -1.14843 
2
11
136.964
0.96993 0.242788 0.01699 -0.0750957 -0.243264 0.969269 0.0366163 0.155592 -0.00757789 -0.0396483 0.999185 -1.14843 
0
11
136.964
0.96993 0.242788 0.01699 -0.0750957 -0.243264 0.969269 0.0366163 0.155592 -0.00757789 -0.0396483 0.999185 -1.14843 
3
11
136.964
0.96993 0.242788 0.01699 -0.0750957 -0.243264 0.969269 0.0366163 0.155592 -0.00757789 -0.0396483 0.999185 -1.14843 
0
11
136.964
0.96993 0.242788 0.01699 -0.0750957 -0.243264 0.969269 0.0366163 0.155592 -0.00757789 -0.0396483 0.999185 -1.14843 
1
11
136.964
0.997559 0.000657907 -0.0698205 0.0744012 -0.000836168 0.999996 -0.00252393 -0.00599312 0.0698186 0.00257616 0.997556 0.930902 
131
129
2698.53
0.99987 -0.000790623 -0.0161315 0.186899 0.000873404 0.999986 0.00512524 -0.0677477 0.0161272 -0.00513866 0.999857 2.08344 
125
122
1577.16
0.999951 0.00874657 -0.00456819 0.0413081 -0.00866613 0.999812 0.0173412 -0.194207 0.00471901 -0.0173007 0.999839 2.6579 
110
103
1490.31
0.998766 -0.0440045 0.0230391 -0.414965 0.0439257 0.999027 0.00391236 -0.100479 -0.0231888 -0.00289552 0.999727 2.41177 
108
105
1674.65
0.996205 -0.00797265 -0.0866746 0.964198 0.00873209 0.999927 0.00838639 -0.070318 0.0866013 -0.00911141 0.996201 3.76843 
29
28
565.298
0.996205 -0.00797265 -0.0866746 0.964198 0.00873209 0.999927 0.00838639 -0.070318 0.0866013 -0.00911141 0.996201 3.76843 
0
28
565.298
0.996205 -0.00797265 -0.0866746 0.964198 0.00873209 0.999927 0.00838639 -0.070318 0.0866013 -0.00911141 0.996201 3.76843 
0
28
565.298
0.996205 -0.00797265 -0.0866746 0.964198 0.00873209 0.999927 0.00838639 -0.070318 0.0866013 -0.00911141 0.996201 3.76843 
1
28
565.298
0.996205 -0.00797265 -0.0866746 0.964198 0.00873209 0.999927 0.00838639 -0.070318 0.0866013 -0.00911141 0.996201 3.76843 
0
28
565.298
0.996205 -0.00797265 -0.0866746 0.964198 0.00873209 0.999927 0.00838639 -0.070318 0.0866013 -0.00911141 0.996201 3.76843 
0
28
565.298
0.991927 -0.0983334 -0.0800684 -0.895795 0.105447 0.990336 0.0900843 0.9761 0.0704363 -0.0978001 0.99271 2.92107 
12
11
370.589
0.991679 -0.0342547 -0.124092 -0.00115978 0.0342065 0.999412 -0.00251917 -0.0264855 0.124105 -0.00174655 0.992268 -0.155758 
44
37
1203.2
0.999973 0.00679433 -0.00262456 0.00426488 -0.00683743 0.999836 -0.0167762 0.0785554 0.00251015 0.0167937 0.999856 0.370965 
83
64
408.86
0.999959 0.00857203 0.00291322 -0.0152097 -0.00853792 0.999897 -0.011527 0.0537727 -0.00301173 0.0115016 0.999929 0.429586 
82
67
505.461
0.999989 0.00276247 0.00391742 0.0345055 -0.00271166 0.999913 -0.0129165 0.625695 -0.00395276 0.0129058 0.999909 2.57462 
65
51
150.998
0.999831 0.0117094 0.0142031 -0.589939 -0.0113899 0.999685 -0.0223694 0.406702 -0.0144605 0.0222039 0.999649 1.88425 
69
55
530.277
0.999909 -0.0113543 -0.00734434 0.0411553 0.0113666 0.999934 0.00163634 0.041539 0.00732527 -0.00171967 0.999972 0.467448 
69
58
368.047
0.970482 0.124554 0.206519 -20.8228 -0.241161 0.493122 0.835866 -60.3637 0.002272 -0.860998 0.508604 -13.644 
16
15
716.916
0.999874 0.0155926 -0.00283691 -0.386702 -0.0156687 0.999452 -0.0291674 -0.0387764 0.00238056 0.0292082 0.999571 -0.145514 
49
30
1731.07
0.999346 0.0143853 0.0331822 -0.216831 -0.0139571 0.999817 -0.0131014 -0.0456672 -0.0333646 0.0126297 0.999363 0.325575 
149
120
862.693
0.999985 0.00520542 0.00145544 -0.0119937 -0.00517826 0.999823 -0.0180812 0.146439 -0.00154931 0.0180733 0.999835 0.77051 
145
122
737.02
0.999785 -0.00957911 -0.0184144 0.0895245 0.00951647 0.999949 -0.0034863 0.0142035 0.0184469 0.00331031 0.999824 0.364328 
146
134
892.955
0.999985 0.00108992 -0.00536617 0.0242717 -0.00111276 0.99999 -0.00425475 0.0227415 0.00536148 0.00426066 0.999977 0.383073 
150
131
928.118
0.999908 0.00226673 0.0133891 -0.0679416 -0.00211875 0.999937 -0.011056 0.0392083 -0.0134133 0.0110266 0.999849 0.342406 
148
139
921.901
0.999955 0.00207069 0.00927326 -0.0891138 -0.0018741 0.999774 -0.0211588 0.153458 -0.00931498 0.0211405 0.999733 0.672396 
150
141
979.321
0.999997 0.00173749 -0.00198289 0.00939922 -0.00176697 0.999886 -0.0149626 0.0914745 0.00195667 0.014966 0.999886 0.538032 
147
140
1107.79
0.997374 0.000842132 -0.0724167 -0.0430968 -0.00115196 0.99999 -0.00423678 0.0152092 0.0724124 0.00430908 0.997365 0.270104 
150
148
4264.13
0.963885 0.240113 -0.115202 -0.107484 -0.236974 0.970675 0.0404112 -0.317477 0.121527 -0.0116519 0.99252 -1.22345 
11
11
306.043
0.3428 0.879227 -0.330829 -1.57924 -0.923638 0.251194 -0.289473 0.959886 -0.17141 0.404798 0.898197 3.51549 
28
23
1154.9
0.914524 0.403838 -0.0236593 0.34663 -0.404234 0.914529 -0.0152049 -0.376012 0.0154968 0.0234691 0.999604 -1.64115 
34
21
734.449
0.980288 -0.197293 0.0105014 -0.640949 0.191402 0.961513 0.197124 0.397963 -0.0489885 -0.191229 0.980322 4.20159 
39
21
883.705
0.951207 -0.117148 -0.285451 1.00476 0.141649 0.987669 0.0666814 0.105048 0.274119 -0.103862 0.956071 -0.756192 
41
23
1439.7
0.997369 0.0657774 -0.0304676 -0.0242224 -0.0644064 0.996954 0.0439839 0.00873262 0.033268 -0.0419059 0.998568 0.265664 
84
33
1998.05
1 5.94689e-05 0.00078397 -0.0140005 -5.07267e-05 0.999938 -0.0111465 0.0508374 -0.000784584 0.0111464 0.999938 0.394511 
150
128
666.606
0.999997 -0.00221982 -0.000820025 0.00571424 0.00222067 0.999997 0.00103011 -0.0181444 0.000817736 -0.00103193 0.999999 0.357868 
150
129
650.568
0.999977 0.00604746 0.00312531 -0.0214254 -0.00603849 0.999978 -0.00287212 0.00305296 -0.00314261 0.00285318 0.999991 0.39756 
150
133
696.804
0.999999 0.000988085 0.000590934 -0.0146636 -0.000987003 0.999998 -0.00182909 0.0114114 -0.00059274 0.00182851 0.999998 0.399609 
150
128
749.654
0.999969 0.00617069 0.00481061 -0.0259168 -0.00614735 0.999969 -0.00485215 0.0382306 -0.0048404 0.00482243 0.999977 0.420964 
150
136
790.479
0.999993 0.00154195 0.00334909 -0.0188416 -0.00153496 0.999997 -0.00208691 0.0156373 -0.0033523 0.00208176 0.999992 0.426458 
150
131
877.894
0.99998 0.00511322 0.00363478 -0.0231021 -0.00511375 0.999987 0.000136236 -0.0118106 -0.00363403 -0.000154821 0.999993 0.406961 
150
136
928.339
0.999984 0.00160008 0.00543977 -0.0257 -0.00158976 0.999997 -0.0019001 -0.000181448 -0.00544279 0.00189142 0.999983 0.391775 
150
141
950.969
1 -0.000447075 -0.000839983 0.00314083 0.000443871 0.999993 -0.00381074 0.0249382 0.000841681 0.00381036 0.999992 0.425602 
150
146
1040.4
0.999999 0.000579369 -0.00138736 0.0697322 -0.00059982 0.999891 -0.0147857 0.445849 0.00137864 0.0147865 0.99989 2.47643 
150
141
1122.56
0.999937 0.00342867 0.0107179 -0.048113 -0.00347117 0.999986 0.00394958 -0.0222522 -0.0107042 -0.00398654 0.999935 0.447979 
150
136
1260.18
0.999968 0.00138961 0.00792676 -0.061814 -0.0014054 0.999997 0.00198605 -0.0277031 -0.00792397 -0.00199713 0.999967 0.81434 
150
132
1280.47
0.999638 -0.00348518 -0.0266908 0.282728 0.00301907 0.999843 -0.0174837 0.118767 0.0267475 0.0173967 0.999491 1.04103 
150
128
1348.43
0.990737 -0.018035 -0.134594 -0.918151 0.016956 0.999814 -0.00915927 0.459385 0.134735 0.00679225 0.990858 3.98582 
83
74
3509.65
0.808221 0.332122 -0.486286 1.3054 -0.39123 0.920033 -0.021874 -0.365755 0.440134 0.207929 0.873526 4.1577 
11
11
280.892
