0.999987 -0.000244096 0.00505974 -0.0089587 0.000255414 0.999997 -0.00223624 -0.00493785 -0.00505918 0.00223751 0.999985 0.348559 
126
73
444.237
1 0.000148366 -0.000207731 0.00225456 -0.000148357 1 4.75217e-05 -0.00526943 0.000207738 -4.74909e-05 1 0.43718 
134
84
608.57
0.999999 -0.00115141 0.00067385 0.0030071 0.0011514 0.999999 9.18187e-06 -0.00191082 -0.00067386 -8.40599e-06 1 0.465262 
118
72
400.271
0.99992 -0.0022171 0.0124554 -0.0227692 0.00223608 0.999996 -0.00150982 0.00542344 -0.012452 0.00153755 0.999921 0.442763 
118
68
418.684
0.999988 0.000482721 0.00495566 -0.00828687 -0.000485896 1 0.000639591 -0.0102244 -0.00495535 -0.000641991 0.999988 0.471271 
127
67
568.355
0.999998 0.000223373 0.00198347 0.00368633 -0.000219931 0.999998 -0.00173524 -0.0049119 -0.00198386 0.0017348 0.999997 0.453208 
123
70
527.101
0.999999 -5.30997e-08 -0.00103025 0.00636327 8.4294e-08 1 3.02784e-05 -0.00285447 0.00103025 -3.02785e-05 0.999999 0.466407 
122
76
470.921
0.999997 -0.000224893 0.00228745 -0.0044987 0.00023633 0.999987 -0.00500089 0.0189592 -0.0022863 0.00500142 0.999985 0.448687 
121
68
429.489
0.999996 0.00053779 0.00284206 -0.00475806 -0.000531988 0.999998 -0.00204202 0.00128555 -0.00284315 0.0020405 0.999994 0.476444 
124
64
583.123
0.985447 0.00318905 -0.169951 0.00492116 -0.00404842 0.999981 -0.00471026 0.0059475 0.169933 0.00532974 0.985441 0.0858039 
136
71
1163.98
0.985447 0.00318905 -0.169951 0.00492116 -0.00404842 0.999981 -0.00471026 0.0059475 0.169933 0.00532974 0.985441 0.0858039 
137
66
982.784
0.985447 0.00318905 -0.169951 0.00492116 -0.00404842 0.999981 -0.00471026 0.0059475 0.169933 0.00532974 0.985441 0.0858039 
135
61
1074.67
0.989403 0.00622085 -0.145059 -0.035174 -0.00678517 0.999971 -0.00339585 -0.00319808 0.145034 0.00434412 0.989417 0.122224 
138
56
1298.64
0.999995 -0.00099796 0.00303215 -0.0112134 0.000991473 0.999997 0.00214003 -0.00820934 -0.00303428 -0.00213701 0.999993 0.458287 
123
57
680.687
0.999973 0.00727446 0.000445217 0.0183003 -0.00727148 0.999953 -0.00637633 0.0196648 -0.00049158 0.00637292 0.99998 0.460607 
116
46
549.589
1 0.000914677 -8.0626e-05 0.00530439 -0.000915222 0.999975 -0.00703953 0.00668577 7.41851e-05 0.0070396 0.999975 0.455754 
132
48
766.447
0.999659 0.0103201 0.0239697 -0.0447926 -0.0103982 0.999941 0.00313704 0.0052513 -0.0239359 -0.00338521 0.999708 0.498463 
128
42
661.997
0.999991 -0.00406103 0.00096539 0.00599952 0.0040499 0.999928 0.0112636 -0.0127472 -0.00101106 -0.0112596 0.999936 0.475679 
141
53
933.745
0.999834 -0.0175717 -0.00472543 0.021672 0.0175843 0.999842 0.00263771 -0.0136901 0.00467833 -0.00272037 0.999985 0.473163 
131
48
806.626
0.999708 0.000381406 0.0241766 -0.0394963 -0.0005277 0.999982 0.00604498 -0.0391897 -0.0241738 -0.00605597 0.999689 0.466729 
141
50
1023.85
0.999977 -0.00607417 0.00295669 -0.0999326 0.00611178 0.999898 -0.0128817 0.0551495 -0.00287814 0.0128994 0.999913 0.45877 
136
47
852.275
0.999663 0.0134759 -0.022176 0.0296189 -0.0138495 0.999763 -0.016783 0.0638826 0.0219446 0.0170845 0.999613 0.432114 
139
40
903.3
0.999812 -0.0118024 -0.0153913 0.0337992 0.0115895 0.999837 -0.0138506 0.0483098 0.0155523 0.0136696 0.999786 0.463615 
142
48
1024.86
0.999988 -0.000949757 0.00485939 -0.00438205 0.000997753 0.999951 -0.00988409 0.00591066 -0.00484977 0.00988882 0.999939 0.459592 
129
57
605.208
0.999772 -0.0202218 0.00683764 0.0350637 0.0202942 0.999737 -0.010697 0.0405966 -0.00661953 0.0108333 0.999919 0.453341 
137
48
776.686
0.999998 -0.00109089 0.00173562 -0.00773684 0.00110641 0.999959 -0.00896986 0.00723529 -0.00172577 0.00897176 0.999958 0.436102 
146
41
837.971
0.999325 -0.00375081 0.0365396 -0.170979 0.0038354 0.99999 -0.00224531 0.0143358 -0.0365308 0.00238393 0.99933 0.446168 
130
36
766.625
0.988173 0.0172497 -0.15237 -0.0701381 -0.0187767 0.999787 -0.00858847 0.0061524 0.152189 0.0113479 0.988286 0.0983323 
142
55
1264.21
0.975569 0.00345158 -0.219666 -0.0407769 -0.00366695 0.999993 -0.000572709 -0.00298266 0.219662 0.00136422 0.975575 0.0645496 
136
77
1106.06
0.98415 0.000786866 -0.177339 -0.0246096 -0.00264284 0.999944 -0.0102298 0.000473087 0.177321 0.0105363 0.984097 0.0799702 
134
64
1204.7
0.99998 -0.0042059 0.00463406 0.0075032 0.00419343 0.999988 0.00269763 0.00664424 -0.00464535 -0.00267815 0.999986 0.469626 
129
57
702.394
0.999975 -0.000265999 0.00707407 0.00988242 0.000278535 0.999998 -0.0017713 -0.00730098 -0.00707359 0.00177323 0.999973 0.454083 
125
58
657.752
0.999911 -0.00897586 0.009897 -0.139989 0.00907122 0.999912 -0.00963247 0.0758608 -0.00980967 0.00972139 0.999905 0.451395 
125
47
554.199
0.999986 0.00409147 0.00335754 -0.00648411 -0.00407228 0.999975 -0.00570259 0.0110937 -0.00338079 0.00568883 0.999978 0.437795 
120
49
486.028
0.999846 -0.00282573 0.0173203 -0.0256797 0.00282218 0.999996 0.000229423 0.00967964 -0.0173209 -0.000180506 0.99985 0.452974 
122
52
531.011
0.999935 0.00199679 -0.011244 0.0269657 -0.00201876 0.999996 -0.00194307 -0.0172015 0.0112401 0.00196564 0.999935 0.443248 
122
45
574.546
0.999994 -0.00263245 -0.00245848 0.0144234 0.0026303 0.999996 -0.000877361 -0.0131015 0.00246078 0.000870889 0.999997 0.450204 
134
56
909.677
1 -0.000456608 9.40333e-05 -0.00166605 0.000456473 0.999999 0.001435 0.00017448 -9.46884e-05 -0.00143495 0.999999 0.464854 
129
67
801.692
0.999992 -0.00304936 -0.00259453 0.00949648 0.00305145 0.999995 0.000802759 0.0158582 0.00259207 -0.00081067 0.999996 0.459968 
132
56
859.85
0.999987 -0.00363963 -0.00348665 -0.00861684 0.00368555 0.999905 0.0132555 -0.0234862 0.00343808 -0.0132682 0.999906 0.477604 
132
54
800.235
0.999777 -0.00137816 0.0210631 -0.0414752 0.00126013 0.999983 0.00561577 -0.0228112 -0.0210705 -0.00558798 0.999762 0.472706 
131
63
797.118
0.999939 -0.00736654 0.00817397 -0.00147198 0.00733928 0.999967 0.00335981 -0.000463224 -0.00819846 -0.00329961 0.999961 0.461515 
122
52
605.579
0.999976 -0.00405882 -0.00567609 0.0212232 0.00410331 0.999961 0.00784814 0.0095322 0.00564401 -0.00787124 0.999953 0.519708 
120
50
548.353
0.999997 0.00077172 -0.00244823 0.00738977 -0.000776729 0.999998 -0.00204593 -0.0145186 0.00244664 0.00204782 0.999995 0.466325 
115
43
635.312
0.999563 -0.0171557 0.0240918 -0.00561941 0.0173776 0.999808 -0.00903202 0.0303884 -0.0239322 0.00944673 0.999669 0.400584 
118
47
662.45
0.999989 0.000971659 0.00452595 0.00256867 -0.000899478 0.999873 -0.0159229 0.0330425 -0.00454085 0.0159187 0.999863 0.439073 
120
49
714.864
0.999825 0.00766984 0.0170503 -0.0121248 -0.00744577 0.999886 -0.0131662 0.0105643 -0.0171494 0.0130369 0.999768 0.413548 
117
45
597.461
0.999828 0.0071404 0.0171347 -0.047528 -0.00719279 0.99997 0.00299801 0.0174859 -0.0171127 -0.00312074 0.999849 0.456969 
108
49
654.92
1 0.000420255 0.000621768 -0.00120211 -0.000421775 0.999997 0.00244557 -0.00451282 -0.000620738 -0.00244583 0.999997 0.46373 
99
45
517.76
0.999897 0.0121445 0.00765333 -0.0259841 -0.0121455 0.999926 7.18187e-05 -0.0169695 -0.00765189 -0.000164764 0.999971 0.448282 
119
48
796.804
0.999976 0.00688591 -0.00109787 -0.00899016 -0.00688508 0.999976 0.00075469 -0.0153013 0.00110304 -0.000747113 0.999999 0.455301 
118
55
855.531
0.999897 0.00379515 -0.0138285 0.194214 -0.00357488 0.999867 0.0159192 -0.157195 0.0138871 -0.0158681 0.999778 0.311067 
107
35
557.559
0.999945 0.00633002 0.00839744 -0.02084 -0.00636458 0.999971 0.00409538 0.00213775 -0.00837127 -0.0041486 0.999956 0.474034 
124
50
900.689
0.999998 -0.00181018 0.000326031 0.0219551 0.00180923 0.999994 0.00289031 -0.0265742 -0.000331261 -0.00288972 0.999996 0.446699 
116
53
539.248
0.999947 -0.00216357 -0.0100371 -0.000165118 0.00213548 0.999994 -0.00280833 -0.010246 0.0100431 0.00278675 0.999946 0.459272 
123
52
722.871
0.999877 -0.00859944 -0.0131253 0.0303175 0.00861762 0.999962 0.00132972 -0.00653266 0.0131134 -0.00144266 0.999913 0.451169 
113
54
504.33
0.999967 -0.00078 -0.00814456 0.00555798 0.00080196 0.999996 0.0026933 -0.016254 0.00814242 -0.00269974 0.999963 0.479108 
105
45
448.589
0.999968 0.00212463 0.00766222 -0.00612812 -0.0021277 0.999998 0.000391984 3.56058e-05 -0.00766137 -0.000408275 0.999971 0.459105 
110
58
352.752
0.999997 -0.000344506 -0.00252148 0.0105869 0.000316751 0.999939 -0.0109996 0.00690498 0.00252511 0.0109988 0.999936 0.457419 
109
53
427.284
0.999998 -0.00127219 0.00177295 -0.00772869 0.0012742 0.999999 -0.0011357 -0.00132146 -0.0017715 0.00113796 0.999998 0.477036 
104
60
422.932
0.999981 0.00290297 0.00537724 -0.00355113 -0.00290269 0.999996 -5.82052e-05 0.0126567 -0.00537739 4.25956e-05 0.999986 0.47582 
121
62
668.873
0.997475 -0.00646025 0.070719 0.0115736 0.00631359 0.999977 0.00229717 -0.0330936 -0.0707323 -0.00184488 0.997494 0.293703 
127
66
813.834
0.997475 -0.00646025 0.070719 0.0115736 0.00631359 0.999977 0.00229717 -0.0330936 -0.0707323 -0.00184488 0.997494 0.293703 
136
62
1079.25
0.997475 -0.00646025 0.070719 0.0115736 0.00631359 0.999977 0.00229717 -0.0330936 -0.0707323 -0.00184488 0.997494 0.293703 
144
67
1126.78
0.997475 -0.00646025 0.070719 0.0115736 0.00631359 0.999977 0.00229717 -0.0330936 -0.0707323 -0.00184488 0.997494 0.293703 
147
67
1007.24
0.999946 -0.00318185 0.00990819 0.0125719 0.00311412 0.999972 0.00684427 -0.0254582 -0.00992969 -0.00681304 0.999927 0.393145 
141
53
707.474
0.999999 0.00151296 0.000357261 5.09335e-05 -0.0015132 0.999999 0.000661529 -0.0210224 -0.00035626 -0.000662068 1 0.451171 
138
62
904.219
0.999729 -0.00421065 -0.0228782 0.0281903 0.00418613 0.999991 -0.00111969 0.00451909 0.0228827 0.00102362 0.999738 0.453131 
136
48
683.768
0.999961 0.00155689 0.00870936 -0.0247616 -0.00147141 0.999951 -0.00981218 0.0197435 -0.00872421 0.00979898 0.999914 0.455479 
148
50
1052.41
0.999985 -0.00260223 -0.00488958 0.0127086 0.0025854 0.999991 -0.00344514 -0.00106023 0.0048985 0.00343244 0.999982 0.450591 
143
64
948.453
0.999987 -0.00506469 -0.00106192 0.0139402 0.00506531 0.999987 0.000584054 0.00871243 0.00105895 -0.000589425 0.999999 0.45429 
150
64
950.265
0.999996 0.00146028 0.00256659 0.00107353 -0.00146957 0.999992 0.00362349 -0.00582443 -0.00256128 -0.00362725 0.99999 0.460982 
150
56
1059.45
0.999994 -0.000386068 -0.00345927 0.0086498 0.000388421 1 0.00067957 -0.00106132 0.00345901 -0.00068091 0.999994 0.451681 
150
62
887.632
0.999984 0.00177439 0.00545117 -0.00133285 -0.00175464 0.999992 -0.00362517 0.00824056 -0.00545756 0.00361554 0.999979 0.4579 
145
55
821.666
0.999956 0.00187423 0.00918602 -0.0026626 -0.00187493 0.999998 6.76935e-05 -0.00324052 -0.00918588 -8.49137e-05 0.999958 0.452186 
150
53
879.568
0.999967 -0.00125773 -0.00801214 0.00442823 0.00115963 0.999924 -0.0122364 0.00401802 0.00802693 0.0122267 0.999893 0.446063 
150
58
1041.58
0.999978 -0.00318049 -0.00580165 -0.0103026 0.00323305 0.999954 0.00907263 -0.0122518 0.00577253 -0.00909119 0.999942 0.462858 
149
58
957.672
0.999983 0.00260744 -0.00528246 -0.00908533 -0.00259756 0.999995 0.001876 0.000195579 0.00528733 -0.00186224 0.999984 0.474218 
146
62
919.427
0.999888 -0.00134052 -0.0149227 0.0082008 0.0013104 0.999997 -0.00202797 0.00383991 0.0149254 0.00200818 0.999887 0.460357 
148
59
991.318
0.999995 0.00309002 0.000433671 -0.0010743 -0.00308606 0.999956 -0.00884195 0.0151363 -0.000460974 0.00884057 0.999961 0.441769 
145
49
780.748
0.999998 -0.00033007 -0.00205538 0.0023133 0.00033255 0.999999 0.00120641 0.0048988 0.00205498 -0.00120709 0.999997 0.457821 
150
55
989.79
0.99998 -0.00221386 -0.00585763 -0.00496192 0.00222014 0.999997 0.00106732 0.0215672 0.00585525 -0.0010803 0.999982 0.453248 
150
49
942.188
0.992662 0.0145162 0.120047 -0.0362809 -0.0140286 0.99989 -0.00490597 0.00919182 -0.120105 0.00318588 0.992756 0.207568 
150
57
1226.25
0.999674 -0.000583661 0.0255314 0.0132758 0.000854382 0.999944 -0.0105938 0.00532009 -0.0255238 0.0106122 0.999618 0.334802 
149
64
898.409
0.999952 -0.000774586 0.00980207 -0.0094394 0.000797492 0.999997 -0.00233316 -0.00475174 -0.00980023 0.00234086 0.999949 0.437629 
141
48
852.226
0.999985 -0.00119784 -0.00535252 0.00725831 0.00125484 0.999942 0.0106581 -0.0158635 0.00533944 -0.0106646 0.999929 0.458704 
141
53
827.054
0.999921 0.00874143 0.00899601 -0.0218724 -0.00873299 0.999961 -0.000977009 0.00485274 -0.0090042 0.000898371 0.999959 0.452896 
150
64
974.144
0.999913 -0.0106248 0.0078238 0.0135434 0.0107456 0.999821 -0.015561 -0.0129299 -0.00765706 0.0156437 0.999848 0.431553 
148
45
1055.66
0.999994 0.00178427 0.00304661 -0.000737834 -0.00176376 0.999976 -0.00672051 0.0130365 -0.00305853 0.00671509 0.999973 0.437922 
149
61
806.198
0.999979 0.00095765 0.00635599 0.00457302 -0.000954438 0.999999 -0.000508285 0.000990467 -0.00635647 0.000502208 0.99998 0.450784 
150
61
1026.8
0.999973 0.00178758 0.00713817 -0.0066638 -0.00180109 0.999997 0.00188759 -0.00475497 -0.00713477 -0.00190039 0.999973 0.449887 
150
55
1013.79
0.999999 0.000957559 -0.000952322 -0.00216804 -0.000966924 0.999951 -0.00988314 0.0178891 0.000942811 0.00988405 0.999951 0.447644 
149
55
1101.14
0.999843 0.0106616 0.0141253 -0.0233204 -0.0106365 0.999942 -0.0018518 -0.00766837 -0.0141443 0.00170126 0.999899 0.455574 
150
49
1015.99
0.999886 -0.00295069 -0.014782 0.00349516 0.00285745 0.999976 -0.00632493 -0.00239794 0.0148003 0.00628198 0.999871 0.453821 
149
49
1105.21
0.999892 -0.00453515 0.0139747 0.0020451 0.00410908 0.99953 0.0303681 -0.0377456 -0.0141058 -0.0303074 0.999441 0.463688 
150
51
1057.32
0.999892 -0.00453515 0.0139747 0.0020451 0.00410908 0.99953 0.0303681 -0.0377456 -0.0141058 -0.0303074 0.999441 0.463688 
148
67
1122.26
0.999892 -0.00453515 0.0139747 0.0020451 0.00410908 0.99953 0.0303681 -0.0377456 -0.0141058 -0.0303074 0.999441 0.463688 
150
61
1195.4
0.999892 -0.00453515 0.0139747 0.0020451 0.00410908 0.99953 0.0303681 -0.0377456 -0.0141058 -0.0303074 0.999441 0.463688 
150
59
1221.42
0.999892 -0.00453515 0.0139747 0.0020451 0.00410908 0.99953 0.0303681 -0.0377456 -0.0141058 -0.0303074 0.999441 0.463688 
148
61
1120.22
0.999892 -0.00453515 0.0139747 0.0020451 0.00410908 0.99953 0.0303681 -0.0377456 -0.0141058 -0.0303074 0.999441 0.463688 
145
79
1087.85
0.999892 -0.00453515 0.0139747 0.0020451 0.00410908 0.99953 0.0303681 -0.0377456 -0.0141058 -0.0303074 0.999441 0.463688 
139
60
1079.38
0.999892 -0.00453515 0.0139747 0.0020451 0.00410908 0.99953 0.0303681 -0.0377456 -0.0141058 -0.0303074 0.999441 0.463688 
138
65
1076.23
0.999892 -0.00453515 0.0139747 0.0020451 0.00410908 0.99953 0.0303681 -0.0377456 -0.0141058 -0.0303074 0.999441 0.463688 
138
59
1090.76
0.999892 -0.00453515 0.0139747 0.0020451 0.00410908 0.99953 0.0303681 -0.0377456 -0.0141058 -0.0303074 0.999441 0.463688 
145
72
1050.73
0.999892 -0.00453515 0.0139747 0.0020451 0.00410908 0.99953 0.0303681 -0.0377456 -0.0141058 -0.0303074 0.999441 0.463688 
145
75
1226.68
0.999892 -0.00453515 0.0139747 0.0020451 0.00410908 0.99953 0.0303681 -0.0377456 -0.0141058 -0.0303074 0.999441 0.463688 
148
69
1182.85
0.999892 -0.00453515 0.0139747 0.0020451 0.00410908 0.99953 0.0303681 -0.0377456 -0.0141058 -0.0303074 0.999441 0.463688 
150
64
1484.28
0.993384 -0.00398694 0.114773 0.0280924 0.00506059 0.999946 -0.00906471 -0.0018238 -0.11473 0.00958556 0.99335 0.212268 
150
54
1103.19
0.999967 -0.00813294 0.000827239 0.0188034 0.00813368 0.999967 -0.000901586 0.0141004 -0.000819879 0.000908285 0.999999 0.455521 
150
56
943.37
0.999621 0.0107924 0.0253373 -0.0420558 -0.0108075 0.999941 0.000459957 -0.00305356 -0.0253309 -0.000733615 0.999679 0.458928 
149
56
986.508
0.999935 0.00882936 0.00724518 -0.0256708 -0.00880556 0.999956 -0.00331006 -0.0102476 -0.00727408 0.00324605 0.999968 0.44849 
145
54
971.084
0.999979 -0.00441384 -0.00464214 -0.00382509 0.00441803 0.99999 0.000890807 -0.0164884 0.00463816 -0.000911298 0.999989 0.460269 
142
59
1032.31
0.999902 0.0119583 0.0072848 -0.0268197 -0.0119413 0.999926 -0.00236623 0.00968662 -0.00731256 0.00227901 0.999971 0.463334 
143
57
987.684
0.99984 0.000754745 0.0178533 -0.0109672 -0.000711794 0.999997 -0.00241202 -0.0090179 -0.017855 0.00239892 0.999838 0.453477 
135
53
821.014
0.999971 -0.00081991 -0.00759584 -0.000933149 0.000770707 0.999979 -0.0064783 -0.00759044 0.00760099 0.00647226 0.99995 0.452266 
142
55
923.747
0.999951 0.00605162 0.00787729 -0.0368892 -0.00599792 0.999959 -0.0068223 -0.00624935 -0.00791825 0.00677471 0.999946 0.437373 
138
54
771.62
0.999924 -0.00899118 -0.00848473 0.0328401 0.00896097 0.999953 -0.00359149 0.0191722 0.00851663 0.00351519 0.999958 0.459873 
144
55
1128.73
0.999981 0.0013418 0.00595603 -0.0331289 -0.00134547 0.999999 0.000612383 0.00567592 -0.0059552 -0.000620385 0.999982 0.456914 
144
52
956.108
0.999979 0.00587883 0.00267585 -0.0209412 -0.0058779 0.999983 -0.000357793 -0.0247461 -0.0026779 0.000342058 0.999996 0.445636 
143
54
973.918
0.998351 -0.00309274 -0.0573242 0.0108216 0.0031256 0.999995 0.000483581 0.0193191 0.0573224 -0.000661956 0.998355 0.368706 
141
47
884.674
0.998351 -0.00309274 -0.0573242 0.0108216 0.0031256 0.999995 0.000483581 0.0193191 0.0573224 -0.000661956 0.998355 0.368706 
141
58
1097.88
0.998351 -0.00309274 -0.0573242 0.0108216 0.0031256 0.999995 0.000483581 0.0193191 0.0573224 -0.000661956 0.998355 0.368706 
143
60
1128.1
0.998351 -0.00309274 -0.0573242 0.0108216 0.0031256 0.999995 0.000483581 0.0193191 0.0573224 -0.000661956 0.998355 0.368706 
137
70
992.512
0.982339 0.00337158 -0.18708 -0.0120742 -0.00482183 0.999962 -0.00729752 -0.00513677 0.187049 0.00807071 0.982317 0.0529845 
141
68
1353.18
0.999955 0.000213585 -0.00943458 0.0247885 -0.000203448 0.999999 0.00107536 0.00300636 0.0094348 -0.0010734 0.999955 0.458148 
144
56
910.185
0.999771 -0.00411881 -0.0209992 0.0131797 0.0039125 0.999944 -0.00985636 0.0106916 0.0210386 0.00977195 0.999731 0.452151 
144
55
1005.04
0.999997 0.000942029 -0.00224602 0.00417617 -0.000942418 1 -0.000172186 0.00330748 0.00224586 0.000174302 0.999997 0.449512 
144
73
985.468
0.999998 0.00166384 0.000639151 -0.00941047 -0.00166474 0.999998 0.00140895 -0.0105166 -0.000636805 -0.00141001 0.999999 0.452761 
144
61
832.463
0.999986 -0.00197432 -0.0048778 0.0022085 0.0019475 0.999983 -0.0054979 0.00685087 0.00488857 0.00548833 0.999973 0.445653 
144
67
1092.31
0.999997 -0.000741334 -0.0025361 -0.00494611 0.000735959 0.999997 -0.00211984 0.0059657 0.00253767 0.00211797 0.999995 0.455581 
144
65
1041.51
0.999642 0.00405161 -0.0264423 -0.00610955 -0.00398741 0.999989 0.00248049 0.00106357 0.026452 -0.00237417 0.999647 0.386306 
144
56
944.938
0.999642 0.00405161 -0.0264423 -0.00610955 -0.00398741 0.999989 0.00248049 0.00106357 0.026452 -0.00237417 0.999647 0.386306 
144
62
1064.42
0.999642 0.00405161 -0.0264423 -0.00610955 -0.00398741 0.999989 0.00248049 0.00106357 0.026452 -0.00237417 0.999647 0.386306 
150
60
1113.7
0.999642 0.00405161 -0.0264423 -0.00610955 -0.00398741 0.999989 0.00248049 0.00106357 0.026452 -0.00237417 0.999647 0.386306 
150
69
1303.17
0.999642 0.00405161 -0.0264423 -0.00610955 -0.00398741 0.999989 0.00248049 0.00106357 0.026452 -0.00237417 0.999647 0.386306 
150
81
1256.46
0.999642 0.00405161 -0.0264423 -0.00610955 -0.00398741 0.999989 0.00248049 0.00106357 0.026452 -0.00237417 0.999647 0.386306 
150
65
1226.95
0.985413 0.00158135 -0.170173 -0.00539506 -0.00186434 0.999997 -0.00150317 -0.00949681 0.17017 0.0017985 0.985413 0.0823869 
147
55
1376.82
0.999999 0.00111358 0.000778104 -0.00585462 -0.00111022 0.99999 -0.00430343 0.00774023 -0.000782889 0.00430256 0.99999 0.451389 
149
67
1051.06
0.999985 -0.00546777 0.000480053 0.00790681 0.00546683 0.999983 0.00193304 -0.0333191 -0.000490615 -0.00193039 0.999998 0.455246 
148
56
977.239
0.999879 -0.0050454 -0.0147114 0.0133656 0.00506554 0.999986 0.0013324 -0.00891589 0.0147045 -0.00140676 0.999891 0.458828 
144
52
1002.48
0.999962 0.00361181 -0.00793103 -0.00290095 -0.00362066 0.999993 -0.00110123 0.00320332 0.007927 0.00112991 0.999968 0.444482 
144
62
1110.3
0.999996 -0.000919284 0.00260062 -0.00872753 0.000920103 1 -0.000313762 -0.0103871 -0.00260033 0.000316153 0.999997 0.446291 
149
68
1196.42
0.999987 -0.0043141 0.00253051 0.0117521 0.00434463 0.999916 -0.0121842 -0.00197662 -0.00247773 0.0121951 0.999923 0.438576 
146
51
1086.32
0.99994 0.00493963 -0.00980923 -0.0118541 -0.00496677 0.999984 -0.00274469 -0.00535067 0.00979551 0.00279324 0.999948 0.452776 
148
50
1172.98
0.999996 0.000448801 0.00288844 0.00401061 -0.000439272 0.999994 -0.00329873 0.000617821 -0.0028899 0.00329744 0.99999 0.450166 
138
49
1074.28
0.999993 0.002849 -0.00243019 -0.0061362 -0.00284563 0.999995 0.00138748 0.00236204 0.00243413 -0.00138055 0.999996 0.459429 
144
45
1119.83
0.999841 0.00915934 0.0153028 -0.0251794 -0.00925533 0.999938 0.00621371 -0.0330931 -0.0152449 -0.00635436 0.999864 0.465349 
144
40
1222.37
0.99994 -0.00267178 0.0106244 0.00256587 0.00302608 0.999435 -0.0334723 0.0309232 -0.010529 0.0335025 0.999383 0.416171 
146
42
1348.59
0.999997 -0.00166312 0.00172677 -0.00809932 0.00166137 0.999998 0.00101514 -0.0241045 -0.00172846 -0.00101226 0.999998 0.456857 
147
58
1280.91
0.999992 0.00303178 0.00245116 -0.0046487 -0.00303445 0.999995 0.00108659 -0.0105558 -0.00244785 -0.00109402 0.999996 0.450107 
143
63
1026
0.999999 -0.00109837 0.00093192 0.00234358 0.00109664 0.999998 0.00186055 -0.000144887 -0.000933962 -0.00185952 0.999998 0.456853 
149
55
1495.92
0.999903 0.00438583 0.0132553 -0.0235334 -0.00441063 0.999989 0.00184206 -0.0146317 -0.013247 -0.00190034 0.99991 0.459683 
143
52
1114.09
0.999805 0.0189506 0.00563535 -0.00268768 -0.0189497 0.99982 -0.00020508 -0.0337232 -0.00563823 9.82515e-05 0.999984 0.451044 
144
46
1132.85
0.999996 -0.00281856 -0.000159826 -0.014843 0.002818 0.99999 -0.00340154 0.0145737 0.000169412 0.00340107 0.999994 0.451065 
127
51
639.94
0.999964 -0.00076663 0.00843661 -0.0189746 0.000746518 0.999997 0.00238677 -0.00169641 -0.00843842 -0.00238039 0.999962 0.490681 
119
53
615.793
0.999975 0.00284371 0.00647251 -0.0192301 -0.00286667 0.99999 0.00354128 -0.0171764 -0.00646237 -0.00355975 0.999973 0.454509 
124
64
565.136
0.999984 -0.00222925 -0.00525809 0.00410843 0.00221602 0.999994 -0.00252114 0.016235 0.00526368 0.00250945 0.999983 0.463627 
126
57
626.038
0.999767 -0.000776922 0.0215513 0.0026004 0.000746937 0.999999 0.00139936 -0.00930113 -0.0215524 -0.00138294 0.999767 0.390805 
122
51
543.089
0.978393 0.0106491 0.206479 -0.031399 -0.0105434 0.999943 -0.00161262 0.00597319 -0.206485 -0.000599209 0.97845 0.100046 
136
49
1301.11
0.999942 -0.00947851 0.00514317 0.0242372 0.00947337 0.999955 0.00102325 -0.0199739 -0.00515263 -0.000974468 0.999986 0.462778 
113
38
518.06
0.999911 0.00235126 -0.013152 0.0655121 -0.00224164 0.999963 0.00834366 -0.0389853 0.0131711 -0.00831343 0.999879 0.45989 
114
38
650.216
0.999984 0.00498159 0.00271625 0.0200733 -0.00496394 0.999967 -0.0064685 -0.0257603 -0.00274838 0.00645491 0.999975 0.43604 
129
40
614.255
0.999919 -0.00469383 0.011795 -0.0287981 0.00468858 0.999989 0.00047273 -0.00960705 -0.0117971 -0.00041739 0.99993 0.431819 
116
48
476.399
0.999983 -0.00464205 0.00358936 -0.0170359 0.00464129 0.999989 0.000220719 0.00320682 -0.00359034 -0.000204056 0.999994 0.444327 
121
50
635.061
0.999976 0.00185623 0.00663567 -0.0416562 -0.00189235 0.999983 0.00544065 -0.0118513 -0.00662546 -0.00545308 0.999963 0.471706 
124
44
578.655
0.999965 -0.00241391 -0.0079493 0.0100969 0.00240871 0.999997 -0.000664427 -0.03528 0.00795088 0.000645256 0.999968 0.436895 
116
39
564.474
0.999993 0.00304794 -0.00222268 -0.0435314 -0.00304979 0.999995 -0.000828495 0.0150802 0.00222015 0.000835268 0.999997 0.481677 
130
35
530.939
0.999941 7.8043e-05 0.0108357 -0.0526113 -6.85109e-05 1 -0.000880066 0.0199873 -0.0108357 0.000879271 0.999941 0.44871 
128
50
773.027
0.999979 0.00593075 0.0025846 0.00288776 -0.00594547 0.999966 0.00572469 -0.0243677 -0.00255056 -0.00573994 0.99998 0.464536 
132
49
1075.22
0.999774 0.00463163 0.0207333 -0.0153528 -0.00473506 0.999977 0.00494268 -0.00788882 -0.0207099 -0.00503974 0.999773 0.448805 
142
48
1151.03
0.999957 -0.00656493 0.00657537 0.0116205 0.0065689 0.999978 -0.00058208 -0.0109935 -0.00657141 0.000625248 0.999978 0.470315 
139
49
744.519
0.983947 0.0061684 -0.178354 -0.00523162 -0.00578309 0.99998 0.00268021 -0.00273865 0.178367 -0.00160575 0.983963 0.0891485 
140
59
1116.69
0.999995 -0.0027639 0.00156013 -0.00191508 0.00277925 0.999947 -0.00992363 0.00248575 -0.00153262 0.00992792 0.99995 0.411937 
134
57
718.598
0.999941 -0.0104929 -0.00265247 0.0181569 0.0104861 0.999942 -0.00254457 0.00573499 0.00267902 0.00251661 0.999993 0.459777 
135
53
914.622
1 -0.000903302 0.00025227 0.000363394 0.000903238 1 0.000254724 0.0042124 -0.0002525 -0.000254496 1 0.450629 
139
70
969.334
0.999955 -0.00193375 -0.00932958 0.00451253 0.0019749 0.999988 0.00440361 -0.00695044 0.00932096 -0.00442184 0.999947 0.468463 
140
66
961.998
0.999992 -0.000576808 0.00404665 0.0187839 0.000578341 1 -0.000377666 -0.0149336 -0.00404643 0.000380003 0.999992 0.423627 
136
47
800.526
0.999994 0.002643 0.00207891 -0.00885142 -0.00263332 0.999986 -0.00464393 0.000476682 -0.00209116 0.00463843 0.999987 0.468574 
142
60
908.042
0.999945 -0.0012448 0.0104593 -0.0277177 0.00117671 0.999978 0.00651277 -0.0157297 -0.0104672 -0.0065001 0.999924 0.480248 
124
55
678.154
0.999985 0.00186885 -0.00505588 -0.00593478 -0.00185858 0.999996 0.00203622 0.0086016 0.00505966 -0.00202679 0.999985 0.488223 
127
64
556.915
0.999976 0.00172842 0.00677936 -0.0195157 -0.00174497 0.999996 0.00243623 -0.00884096 -0.00677512 -0.002448 0.999974 0.460428 
123
61
545.007
0.999998 -0.000823646 -0.0017593 0.000366791 0.000817003 0.999993 -0.00377356 0.00208585 0.0017624 0.00377212 0.999991 0.474803 
134
58
885.424
0.999998 -0.00132552 -0.00118438 0.00943169 0.00132416 0.999998 -0.00115269 -0.0110199 0.0011859 0.00115112 0.999999 0.458848 
132
47
1071.53
0.99997 0.00768995 0.000825833 -0.016594 -0.00768863 0.999969 -0.00158885 -0.000566502 -0.000838026 0.00158246 0.999998 0.460086 
137
62
945.265
0.999861 0.0114417 -0.0121453 -0.0241287 -0.0114063 0.99993 0.00298254 -0.0508692 0.0121786 -0.00284359 0.999922 0.462424 
128
52
788.082
0.99992 0.00681255 0.0106748 -0.0304659 -0.00672109 0.999941 -0.00857965 0.010791 -0.0107326 0.00850722 0.999906 0.445469 
120
41
728.243
0.99993 -0.00839838 -0.00835919 0.0032985 0.00841478 0.999963 0.00192874 -0.00370566 0.00834268 -0.00199894 0.999963 0.470499 
121
51
585.289
0.999799 -0.00851874 -0.0181695 0.0519367 0.0084381 0.999954 -0.00451017 0.0195386 0.0182071 0.00435595 0.999825 0.489657 
118
48
768.099
0.999799 -0.00851874 -0.0181695 0.0519367 0.0084381 0.999954 -0.00451017 0.0195386 0.0182071 0.00435595 0.999825 0.489657 
131
65
1128.06
0.998395 0.000138771 0.0566303 0.00828092 -0.000359501 0.999992 0.00388756 -0.00477871 -0.0566293 -0.00390168 0.998388 0.394299 
128
51
931.774
0.999996 -0.00239246 -0.00133784 -0.0118919 0.00239098 0.999997 -0.00110719 -0.00290477 0.00134049 0.00110398 0.999998 0.466082 
118
51
622.385
0.998635 0.00384708 0.0520973 -0.00687762 -0.00376038 0.999991 -0.00176219 0.00370391 -0.0521037 0.00156388 0.99864 0.339741 
120
49
686.19
0.998635 0.00384708 0.0520973 -0.00687762 -0.00376038 0.999991 -0.00176219 0.00370391 -0.0521037 0.00156388 0.99864 0.339741 
128
57
1082.34
0.998635 0.00384708 0.0520973 -0.00687762 -0.00376038 0.999991 -0.00176219 0.00370391 -0.0521037 0.00156388 0.99864 0.339741 
137
67
1048.53
0.998635 0.00384708 0.0520973 -0.00687762 -0.00376038 0.999991 -0.00176219 0.00370391 -0.0521037 0.00156388 0.99864 0.339741 
142
68
1315.78
0.998635 0.00384708 0.0520973 -0.00687762 -0.00376038 0.999991 -0.00176219 0.00370391 -0.0521037 0.00156388 0.99864 0.339741 
145
69
1280.55
0.987397 -0.00218594 0.158249 0.0237421 0.00268157 0.999992 -0.00291845 6.17212e-05 -0.158241 0.00330603 0.987395 0.12825 
147
80
1075.52
0.999997 1.98514e-05 -0.00224086 -0.00661373 -2.18704e-05 1 -0.00090095 -0.00246796 0.00224084 0.000900997 0.999997 0.480501 
141
81
561.741
0.999999 0.000212258 -0.00110692 -0.00518796 -0.000214449 0.999998 -0.00197943 -0.0023394 0.0011065 0.00197966 0.999997 0.468347 
139
95
527.219
1 -0.000130848 -0.000569881 -0.00738622 0.000130859 1 1.87162e-05 0.00439487 0.000569879 -1.87908e-05 1 0.489311 
137
78
554.077
