1 0 0 0 0 1 0 0 0 0 1 0 
128
127
1
1 0 0 0 0 1 0 0 0 0 1 0 
127
122
20.7994
1 0 0 0 0 1 0 0 0 0 1 0 
127
124
5
1 0 0 0 0 1 0 0 0 0 1 0 
127
124
17.6569
1 0 0 0 0 1 0 0 0 0 1 0 
127
126
12.9274
1 0 0 0 0 1 0 0 0 0 1 0 
128
126
2
1 0 0 0 0 1 0 0 0 0 1 0 
127
119
8.9907
1 0 0 0 0 1 0 0 0 0 1 0 
127
127
1.41421
0.999993 -0.00114364 -0.00362974 -0.00237392 0.00113364 0.999996 -0.00275645 -0.000290399 0.00363287 0.00275232 0.99999 0.463971 
120
91
364.842
0.999986 0.0028549 0.00442742 -0.00382353 -0.0028653 0.999993 0.0023463 -0.00737834 -0.0044207 -0.00235895 0.999987 0.490828 
122
83
411.706
1 -4.46183e-05 9.63214e-05 0.000617511 4.47435e-05 0.999999 -0.00130027 -0.00158488 -9.62633e-05 0.00130027 0.999999 0.471739 
127
72
462.464
0.999998 0.00208183 0.000436542 -0.0106102 -0.00208208 0.999998 0.000563431 -0.00635997 -0.000435368 -0.000564339 1 0.492021 
127
66
295.692
0.999999 0.00112874 0.00126032 -0.00293726 -0.00112812 0.999999 -0.000493841 -0.00483745 -0.00126088 0.000492418 0.999999 0.486549 
120
77
267.754
1 -0.000253148 -0.000361069 -0.00307941 0.000252849 1 -0.000827575 0.00208119 0.000361278 0.000827483 1 0.494215 
126
82
297.178
0.999997 0.000612633 0.0023408 -0.00180931 -0.000613196 1 0.00024008 0.000544576 -0.00234065 -0.000241515 0.999997 0.491324 
124
72
425.067
0.999997 0.00182211 -0.00164972 -0.00404513 -0.00182349 0.999998 -0.000830931 -0.00153084 0.0016482 0.000833937 0.999998 0.489421 
126
79
334.037
0.999996 0.00153856 0.00226377 0.000489664 -0.00153834 0.999999 -9.85747e-05 0.000535102 -0.00226392 9.50919e-05 0.999997 -0.0343273 
121
67
290.283
0.999994 -0.000519003 -0.00331219 -0.00582966 0.000513228 0.999998 -0.00174393 0.00162275 0.00331309 0.00174222 0.999993 0.484568 
126
82
382.273
0.99999 -0.00161763 -0.00409913 -0.000978513 0.00160956 0.999997 -0.00197071 0.00433486 0.0041023 0.0019641 0.99999 0.487011 
124
79
369.962
0.999994 0.00231841 0.00262543 0.000568212 -0.00231892 0.999997 0.000189417 -0.0137541 -0.00262499 -0.000195504 0.999997 0.491898 
126
79
372.298
0.999996 -0.00220712 0.00183162 -0.000900693 0.00220582 0.999997 0.000715705 -0.00208552 -0.00183319 -0.000711662 0.999998 -0.157573 
127
75
431.119
0.999999 0.000182877 0.00105207 -0.0014749 -0.000183545 1 0.000634861 -0.00660627 -0.00105196 -0.000635054 0.999999 0.491551 
126
80
441.228
1 0.000173783 0.00034381 0.00013971 -0.000173683 1 -0.000291095 -0.00194344 -0.000343861 0.000291035 1 0.487862 
121
83
354.292
0.999999 -0.00035014 -0.00161256 -0.00253709 0.000348486 0.999999 -0.00102596 -0.00511713 0.00161292 0.00102539 0.999998 0.484366 
125
89
507.463
1 0.000309796 -0.00010824 0.00286825 -0.000309976 0.999999 -0.00166732 -0.0156574 0.000107723 0.00166736 0.999999 0.489024 
118
68
259.834
0.999996 0.000625977 -0.0028474 -0.0031495 -0.00062684 1 -0.000302239 -0.01031 0.00284721 0.000304023 0.999996 0.498178 
124
66
369.267
0.999995 0.00116314 0.00301267 -0.00156223 -0.00116509 0.999999 0.000643314 -0.00898184 -0.00301192 -0.000646821 0.999995 0.498076 
128
81
523.517
0.999997 -0.000721512 -0.00250797 -0.00142228 0.000715847 0.999997 -0.00225902 -0.00252811 0.00250959 0.00225722 0.999994 0.486987 
127
85
515.137
0.999999 -4.62104e-05 -0.00164584 0.000634155 4.38875e-05 0.999999 -0.00141136 -0.00783675 0.0016459 0.00141128 0.999998 0.498678 
126
76
414.324
0.999997 0.00216182 0.00101966 -0.00928403 -0.00215923 0.999994 -0.00253815 -0.0114971 -0.00102514 0.00253594 0.999996 0.483622 
121
67
293.114
0.999979 0.00124383 -0.00631927 -0.00619956 -0.00126835 0.999992 -0.00387706 -0.0104476 0.00631439 0.00388499 0.999973 0.481167 
128
73
476.592
0.999979 0.00124383 -0.00631927 -0.00619956 -0.00126835 0.999992 -0.00387706 -0.0104476 0.00631439 0.00388499 0.999973 0.481167 
128
77
210.344
1 -2.20466e-05 -0.000435937 -0.00415842 2.20497e-05 1 7.05472e-06 0.00116483 0.000435937 -7.06433e-06 1 0.490084 
126
88
337.663
1 -0.000100548 -0.000220907 -0.000136036 0.00010036 1 -0.000850148 0.00150505 0.000220993 0.000850126 1 0.49319 
124
74
487.299
1 -0.000100548 -0.000220907 -0.000136036 0.00010036 1 -0.000850148 0.00150505 0.000220993 0.000850126 1 0.49319 
126
67
365.187
0.99999 -0.00126149 -0.00429012 0.00134101 0.00124785 0.999994 -0.00317872 -0.00512194 0.00429411 0.00317334 0.999986 0.484977 
126
90
295.519
0.989618 -0.00311714 -0.143691 0.0150953 0.00355688 0.99999 0.00280359 -0.00128706 0.143681 -0.00328558 0.989619 0.0937272 
126
65
425.995
0.989618 -0.00311714 -0.143691 0.0150953 0.00355688 0.99999 0.00280359 -0.00128706 0.143681 -0.00328558 0.989619 0.0937272 
127
61
784.718
0.99521 0.00159389 -0.0977444 -0.0222286 -0.00122889 0.999992 0.00379429 -0.00975658 0.0977497 -0.003656 0.995204 0.321269 
125
55
431.957
0.99999 -0.000281361 -0.00441072 -0.00171209 0.000277437 1 -0.000890154 0.000401339 0.00441097 0.000888921 0.99999 -1.15033 
127
82
345.937
0.999996 -0.000504622 -0.00271724 -0.0093816 0.000508454 0.999999 0.00140975 -0.00505087 0.00271653 -0.00141113 0.999995 0.491048 
128
82
542.137
1 9.92051e-05 0.000591617 -0.000386326 -9.88284e-05 1 -0.000636716 -0.000875889 -0.00059168 0.000636657 1 0.484349 
123
78
259.171
0.999998 -2.82314e-05 -0.00193178 -0.00317253 2.85584e-05 1 0.000169231 -0.00057567 0.00193177 -0.000169286 0.999998 0.488144 
126
95
482.881
0.999998 -0.000391833 -0.00173083 0.00599774 0.000391673 1 -9.25596e-05 -0.00957392 0.00173087 9.18815e-05 0.999998 0.485828 
127
81
527.72
0.999987 -0.00112803 -0.00494229 4.02698e-05 0.00113437 0.999999 0.00127836 -0.00283442 0.00494084 -0.00128395 0.999987 0.48334 
129
81
415.308
0.999999 0.000734219 0.000857485 -0.00465133 -0.000733186 0.999999 -0.00120344 -0.00278294 -0.000858368 0.00120281 0.999999 0.486767 
128
93
442.277
0.999997 0.000140094 -0.00257658 -0.00186318 -0.000140624 1 -0.000205331 -0.00102839 0.00257655 0.000205693 0.999997 0.486242 
128
98
589.136
0.999996 0.000734247 0.00267746 -0.00195469 -0.000727974 0.999997 -0.00234332 -0.00178447 -0.00267917 0.00234136 0.999994 0.498671 
115
89
177.484
0.999979 0.00311342 0.00563026 -0.00575104 -0.00309652 0.999991 -0.00300825 0.00451534 -0.00563958 0.00299076 0.99998 0.48019 
128
89
318.328
0.999997 -0.00063532 -0.00224948 0.00136394 0.000637168 0.999999 0.000820983 -0.00296613 0.00224895 -0.000822414 0.999997 0.484688 
128
82
452.938
0.999995 -0.000692774 -0.00323655 -0.00323491 0.00069069 1 -0.000644973 -0.00494804 0.00323699 0.000642734 0.999995 0.486589 
121
83
374.685
1 -5.42419e-05 -0.000920437 -0.00375681 5.34633e-05 1 -0.000845929 -0.000744041 0.000920483 0.00084588 0.999999 0.484745 
129
89
532.644
0.999995 -0.000550091 -0.00317272 -0.00555056 0.000550378 1 8.95824e-05 -0.00178962 0.00317267 -9.13281e-05 0.999995 0.491297 
123
86
418.867
1 -6.82232e-05 4.13239e-05 0.00718322 6.82088e-05 1 0.000348703 -0.0090479 -4.13477e-05 -0.0003487 1 0.491545 
127
76
542.558
0.999992 0.00116425 0.00370327 -0.000541896 -0.00116428 0.999999 7.03898e-06 0.00164201 -0.00370326 -1.13506e-05 0.999993 0.489863 
124
87
403.047
1 0.000200026 -0.000823304 0.000154596 -0.000200566 1 -0.000655062 -0.00484408 0.000823173 0.000655227 0.999999 0.459623 
126
91
472.976
1 0.000200026 -0.000823304 0.000154596 -0.000200566 1 -0.000655062 -0.00484408 0.000823173 0.000655227 0.999999 0.459623 
127
86
209.246
0.999985 -0.000897866 -0.00549249 0.00349163 0.000901332 0.999999 0.000628459 -0.00554252 0.00549192 -0.0006334 0.999985 0.493919 
128
77
320.705
0.99998 -0.00194651 -0.00604671 0.00331977 0.00196587 0.999993 0.0031968 -0.00342491 0.00604044 -0.00320862 0.999977 0.494899 
129
86
489.419
0.999996 0.000588327 0.00260719 0.00338933 -0.00058918 1 0.00032648 -0.00222794 -0.002607 -0.000328015 0.999997 0.496071 
130
92
378.641
0.999996 0.000588327 0.00260719 0.00338933 -0.00058918 1 0.00032648 -0.00222794 -0.002607 -0.000328015 0.999997 0.496071 
130
86
322.375
0.999996 0.000588327 0.00260719 0.00338933 -0.00058918 1 0.00032648 -0.00222794 -0.002607 -0.000328015 0.999997 0.496071 
126
90
323.137
0.999968 -0.00224681 -0.00763442 0.000774285 0.0022679 0.999994 0.00275496 0.000402104 0.00762818 -0.00277219 0.999967 0.493054 
125
83
383.336
0.99999 0.00077379 0.0043898 0.000860998 -0.000772083 1 -0.000390586 -0.00154319 -0.00439011 0.000387193 0.99999 0.489518 
128
91
536.734
0.999998 -0.000602348 -0.00213272 0.000571059 0.000600881 1 -0.000688689 -0.000742248 0.00213314 0.000687405 0.999997 0.485501 
126
85
470.683
1 -2.1536e-05 0.000801607 -0.00241887 2.18887e-05 1 -0.000439931 -0.00797443 -0.000801598 0.000439948 1 0.487489 
128
84
411
1 -0.000478803 -9.37693e-05 -0.000664179 0.000478858 1 0.000589662 0.00142974 9.3487e-05 -0.000589707 1 0.485991 
125
87
348.388
1 -0.000674008 -0.00032247 -0.00179852 0.000674603 0.999998 0.00184738 0.00165064 0.000321224 -0.00184759 0.999998 0.500207 
129
74
392.219
1 -0.000674008 -0.00032247 -0.00179852 0.000674603 0.999998 0.00184738 0.00165064 0.000321224 -0.00184759 0.999998 0.500207 
128
87
219.811
1 -0.000674008 -0.00032247 -0.00179852 0.000674603 0.999998 0.00184738 0.00165064 0.000321224 -0.00184759 0.999998 0.500207 
130
93
331.656
0.999999 0.000248454 -0.00154254 -0.00339414 -0.00025035 0.999999 -0.00122878 0.00136555 0.00154223 0.00122917 0.999998 0.493623 
127
96
326.153
0.999987 -0.00240112 -0.00452309 0.00572263 0.00241333 0.999993 0.00269541 -0.00330747 0.00451659 -0.00270629 0.999986 0.49031 
128
85
374.959
1 -0.000302499 0.00017536 0.00187115 0.000302356 1 0.000811662 -0.00151726 -0.000175605 -0.000811609 1 0.497738 
128
87
531.081
1 -0.000100761 -9.43327e-05 -0.00122865 0.000100735 1 -0.000281064 -0.0035108 9.43611e-05 0.000281055 1 0.497847 
126
97
318.723
1 -1.54345e-05 -0.00016991 -0.00252821 1.5506e-05 1 0.00042106 0.00249877 0.000169904 -0.000421063 1 0.495048 
128
82
451.435
1 -1.54345e-05 -0.00016991 -0.00252821 1.5506e-05 1 0.00042106 0.00249877 0.000169904 -0.000421063 1 0.495048 
132
83
243.684
0.999978 -0.00170122 -0.00638165 0.0024695 0.00170848 0.999998 0.00113103 -0.011424 0.00637971 -0.00114191 0.999979 0.493576 
127
83
413.623
0.999998 -0.00055499 -0.00210561 -0.000564112 0.000555662 1 0.000318638 -0.000700218 0.00210543 -0.000319807 0.999998 0.493348 
126
94
394.462
1 0.000100814 -8.96842e-05 0.00295382 -0.000100921 0.999999 -0.00119215 -0.000391677 8.9564e-05 0.00119216 0.999999 0.490492 
131
94
346.344
0.999996 0.000904973 0.00267468 -0.00848635 -0.00090187 0.999999 -0.00116094 0.0060003 -0.00267573 0.00115853 0.999996 0.483907 
128
92
339.9
0.999999 0.000812713 0.000829746 -0.00807096 -0.000811334 0.999998 -0.00166043 0.0035886 -0.000831094 0.00165976 0.999998 0.484602 
129
78
446.117
0.999999 -8.49233e-05 -0.00105678 -0.00073811 8.62981e-05 0.999999 0.00130097 -0.000272176 0.00105667 -0.00130106 0.999999 0.49063 
132
77
529.732
1 -1.33446e-05 -0.000485857 0.000371471 1.30783e-05 1 -0.000548032 -0.00489795 0.000485865 0.000548025 1 0.481232 
128
90
346.527
1 -0.000138549 -0.0005063 0.000941688 0.000138314 1 -0.000463638 0.00241106 0.000506364 0.000463568 1 0.486761 
127
91
395.523
1 -6.32293e-05 -0.000377336 -0.00181906 6.32617e-05 1 8.57609e-05 -0.00153394 0.000377331 -8.57848e-05 1 0.497564 
125
87
339.241
1 -0.000419277 -0.000375355 0.00197926 0.000419647 0.999999 0.000984976 -0.0105793 0.000374942 -0.000985133 0.999999 0.49408 
128
76
438.192
1 7.63194e-05 -0.000304666 -0.00299035 -7.64991e-05 1 -0.000589712 -0.00128571 0.000304621 0.000589735 1 0.487506 
130
87
424.588
1 -0.000254467 -0.000788388 0.00303107 0.000254376 1 -0.000115709 0.00128306 0.000788417 0.000115508 1 0.496581 
132
90
375.249
1 -0.000182918 -0.000210418 -0.0079444 0.000182859 1 -0.000280392 0.000637194 0.000210469 0.000280354 1 0.491633 
132
87
508.857
0.999993 -0.0017004 -0.00320064 0.00387468 0.00170412 0.999998 0.00116102 -0.00997674 0.00319866 -0.00116646 0.999994 0.494633 
128
68
307.489
0.999986 -0.000950469 -0.00511729 0.00238189 0.000951315 1 0.000162789 -0.00449475 0.00511713 -0.000167655 0.999987 0.48861 
131
91
386.803
0.999997 -0.000485306 0.00226706 0.00562398 0.000482531 0.999999 0.00122456 -0.00793369 -0.00226765 -0.00122347 0.999997 0.492241 
132
87
497.748
0.999998 -0.000135612 -0.00191258 0.00244226 0.000132392 0.999999 -0.00168333 -0.00275745 0.0019128 0.00168308 0.999997 0.489961 
130
92
350.8
0.999998 0.000262753 0.00175116 -0.00296245 -0.000261261 1 -0.000852204 0.00432764 -0.00175139 0.000851745 0.999998 0.488078 
129
84
363.635
1 -0.000227039 -0.000727862 -0.00438647 0.000228448 0.999998 0.00193626 -0.00270432 0.000727421 -0.00193642 0.999998 0.496376 
132
81
468.627
0.999994 -0.000723819 -0.00349987 -0.00195508 0.000727161 0.999999 0.000953756 -0.0043502 0.00349918 -0.000956295 0.999993 0.489027 
130
90
374.958
0.999998 0.000218064 0.00176372 -0.00118209 -0.000218576 1 0.000290257 0.00135935 -0.00176366 -0.000290642 0.999998 0.490534 
132
82
491.65
0.999998 0.000218064 0.00176372 -0.00118209 -0.000218576 1 0.000290257 0.00135935 -0.00176366 -0.000290642 0.999998 0.490534 
129
91
355.272
1 7.63066e-05 0.000731601 0.000603716 -7.60045e-05 1 -0.000412914 0.00264302 -0.000731632 0.000412859 1 0.497013 
127
81
427.135
0.999986 -0.00212095 -0.00489443 0.0027274 0.00212738 0.999997 0.00131049 -0.00132396 0.00489163 -0.00132088 0.999987 0.497724 
129
83
450.538
1 -0.000196124 -0.000801107 0.0013193 0.000196406 1 0.000351512 -0.00043503 0.000801038 -0.000351669 1 0.494357 
130
89
378.82
0.999999 -4.53172e-05 -0.00172931 -0.00301331 4.47597e-05 1 -0.000322396 0.000624301 0.00172933 0.000322318 0.999998 0.488592 
132
86
444.123
0.999997 -0.000338326 -0.00249479 -0.00139651 0.000339807 1 0.000593095 -0.00541687 0.00249459 -0.000593941 0.999997 0.487353 
132
86
425.988
1 0.00027216 -0.000505508 0.000727021 -0.000272441 1 -0.000557459 -0.00825067 0.000505356 0.000557596 1 0.490769 
127
67
513.445
1 0.00027216 -0.000505508 0.000727021 -0.000272441 1 -0.000557459 -0.00825067 0.000505356 0.000557596 1 0.490769 
131
82
256.986
0.999993 -0.000429104 -0.0036307 -0.0052396 0.000420222 0.999997 -0.00244694 -0.0067051 0.00363174 0.0024454 0.99999 0.491181 
132
87
508.183
1 -0.00010714 -4.98349e-05 0.00114459 0.000107052 0.999998 -0.00175439 0.00125961 5.00228e-05 0.00175439 0.999998 0.485947 
132
91
466.338
0.999985 -0.00127441 -0.00526502 -0.00161324 0.00127597 0.999999 0.000294442 -0.00490779 0.00526464 -0.000301156 0.999986 0.49035 
132
90
380.055
0.999996 0.000579786 0.00283849 0.0052206 -0.000576918 0.999999 -0.00101088 0.00587558 -0.00283908 0.00100924 0.999995 0.489394 
130
58
401.979
0.999996 0.000579786 0.00283849 0.0052206 -0.000576918 0.999999 -0.00101088 0.00587558 -0.00283908 0.00100924 0.999995 0.489394 
130
93
326.528
0.999996 -0.000274876 -0.00283092 0.00162349 0.000276417 1 0.000544295 0.00162382 0.00283077 -0.000545076 0.999996 0.491448 
127
91
529.205
1 0.000420638 0.00023808 -0.00620743 -0.000420402 0.999999 -0.000988813 0.000118565 -0.000238496 0.000988713 0.999999 0.490467 
126
81
321.712
1 2.11056e-05 0.000772386 -0.0034539 -2.08495e-05 1 -0.000331623 -0.00500285 -0.000772393 0.000331606 1 0.497367 
125
77
360.669
0.999999 -0.000524894 -0.00133226 -0.00829876 0.000524525 1 -0.000276809 -0.0096746 0.00133241 0.00027611 0.999999 0.497067 
128
70
193.261
0.999999 0.00011431 0.00139588 -0.000153924 -0.000113414 1 -0.00064196 0.00213976 -0.00139595 0.000641801 0.999999 0.478493 
132
88
359.589
0.999996 -0.00080382 -0.00263241 -0.000992005 0.000800125 0.999999 -0.00140449 0.00284825 0.00263354 0.00140238 0.999996 0.48739 
131
91
327.84
0.999996 -0.00080382 -0.00263241 -0.000992005 0.000800125 0.999999 -0.00140449 0.00284825 0.00263354 0.00140238 0.999996 0.48739 
132
88
385.026
0.999997 -6.43873e-05 -0.00259464 -0.00528568 6.86082e-05 0.999999 0.00162672 0.00129927 0.00259454 -0.00162689 0.999995 0.487368 
129
71
492.682
1 3.66379e-05 0.000308671 0.000553894 -3.64005e-05 1 -0.000768848 -0.00193851 -0.000308699 0.000768836 1 0.490507 
129
90
323.415
0.999981 -0.00168455 -0.00586964 -0.00237211 0.00168628 0.999999 0.000290319 -0.00503598 0.00586915 -0.000300212 0.999983 0.498507 
126
85
277.92
0.999998 0.000398361 0.00173016 -0.00581429 -0.000397421 1 -0.000543587 0.000753588 -0.00173037 0.000542899 0.999998 0.48702 
131
96
375.44
1 -0.000249552 -0.000621368 -0.00734254 0.000248962 1 -0.00094903 0.00239487 0.000621604 0.000948875 0.999999 0.490924 
125
77
331.582
0.999999 0.000483305 0.000981485 -0.00555192 -0.000483317 1 1.24584e-05 -0.00331291 -0.000981479 -1.29328e-05 1 0.4819 
131
74
563.571
0.999999 -0.000136683 -0.00148982 1.36542e-05 0.000135214 1 -0.000985996 6.29922e-05 0.00148996 0.000985794 0.999998 -0.00455624 
128
79
345.893
1 -5.86367e-05 0.000297596 -0.00456462 5.86977e-05 1 -0.000204895 0.00904482 -0.000297584 0.000204912 1 0.478353 
128
84
361.933
1 0.000196607 0.000113416 -0.00256614 -0.00019668 1 0.000645019 0.00147114 -0.000113289 -0.000645041 1 0.487059 
124
82
387.423
0.999999 0.00114919 -0.000390326 -0.00522168 -0.0011484 0.999997 0.00200756 -0.00334589 0.000392632 -0.00200712 0.999998 0.492948 
127
72
446.553
0.999998 -0.00111921 0.001885 0.000588764 0.00111756 0.999999 0.000880845 0.00178179 -0.00188599 -0.000878736 0.999998 0.491042 
125
84
378.399
1 -0.00034908 -7.78208e-05 -0.000200932 0.000348995 0.999999 -0.00107786 -0.00235758 7.81971e-05 0.00107783 0.999999 0.486123 
127
88
298.707
1 0.00048791 0.000646872 0.00430054 -0.000487835 1 -0.000116278 0.000227155 -0.000646928 0.000115963 1 0.489276 
127
72
335.965
0.999998 -0.00137871 -0.00144335 -0.00213628 0.00137968 0.999999 0.00067244 -0.00111788 0.00144242 -0.00067443 0.999999 0.491151 
131
79
420.773
1 0.000194601 -0.000449975 0.00179916 -0.000194986 1 -0.000856569 -0.00600075 0.000449808 0.000856656 1 0.490737 
124
76
367.301
0.999998 -0.000312244 -0.00218734 -0.000527712 0.000309353 0.999999 -0.001322 -0.00265252 0.00218776 0.00132132 0.999997 0.492672 
128
89
498.87
0.999999 -0.000249063 -0.0015307 -0.00139951 0.000248844 1 -0.000143461 -0.000837022 0.00153073 0.00014308 0.999999 0.491998 
130
89
412.413
0.999999 -0.000168446 0.00104179 0.00103446 0.000167905 1 0.000519066 -0.00329995 -0.00104188 -0.000518891 0.999999 0.493105 
129
77
378.79
0.99998 0.0033852 0.00531543 -0.00743107 -0.00338141 0.999994 -0.000722977 -0.00701966 -0.00531785 0.000704989 0.999986 0.490881 
123
63
345.013
1 -0.000289057 -0.000885556 -0.00456817 0.000289659 1 0.000679156 -0.00454588 0.000885359 -0.000679412 0.999999 0.490007 
127
80
361.83
0.999997 -0.000448918 -0.00252856 -0.00075894 0.000447118 1 -0.000712393 0.00588626 0.00252888 0.00071126 0.999997 0.480743 
127
74
451.476
1 -6.43788e-05 -0.000458293 -0.00425724 6.4073e-05 1 -0.000667227 -0.0044238 0.000458336 0.000667198 1 0.483105 
134
81
370.993
0.999974 0.0045324 -0.00568978 -0.0110971 -0.00453846 0.999989 -0.00105229 -0.0031707 0.00568495 0.00107809 0.999983 0.48369 
130
72
346.563
0.999974 0.0045324 -0.00568978 -0.0110971 -0.00453846 0.999989 -0.00105229 -0.0031707 0.00568495 0.00107809 0.999983 0.48369 
134
77
258.469
0.999997 -0.000555107 -0.00256674 0.00479463 0.000553341 1 -0.000688771 -0.00817032 0.00256712 0.000687349 0.999996 0.496737 
129
86
436.454
0.999997 -0.000555107 -0.00256674 0.00479463 0.000553341 1 -0.000688771 -0.00817032 0.00256712 0.000687349 0.999996 0.496737 
131
84
300.438
1 -0.00025803 5.88137e-05 0.00410249 0.000257998 1 0.000551668 0.00398457 -5.8956e-05 -0.000551653 1 0.488257 
134
94
451.921
1 -0.000705442 -0.000430293 -0.000739081 0.000706529 0.999997 0.00253019 0.00188911 0.000428506 -0.00253049 0.999997 0.491056 
135
79
385.284
1 -0.000666453 0.000400954 0.00127703 0.000666223 1 0.000573778 -0.00216015 -0.000401336 -0.000573511 1 0.514893 
133
85
367.44
0.999998 -3.29991e-05 0.00209233 -0.00173588 3.35794e-05 1 -0.000277306 -0.00365254 -0.00209232 0.000277376 0.999998 0.494503 
135
84
463.212
1 -0.000306021 -0.000399434 0.00188905 0.0003061 1 0.00019878 0.000275102 0.000399373 -0.000198903 1 0.492538 
136
84
303.71
0.999999 -0.00070142 -0.000914652 -8.08783e-06 0.000702069 1 0.000709966 -0.000558349 0.000914153 -0.000710608 0.999999 0.481885 
136
84
398.665
0.999999 -0.00073055 -0.00102279 0.00314162 0.000731377 0.999999 0.000808483 0.0011402 0.0010222 -0.00080923 0.999999 0.4912 
139
88
526.576
0.999998 -0.000281431 -0.0017648 -0.00506907 0.000280297 1 -0.000642667 -0.00296099 0.00176498 0.000642172 0.999998 0.488635 
135
85
458.88
0.999995 -0.000612827 -0.00301804 -0.000912736 0.00060737 0.999998 -0.00180853 0.00483502 0.00301914 0.00180668 0.999994 0.506421 
134
76
394.368
0.999999 -0.000991343 -0.000560942 0.000505484 0.000990964 0.999999 -0.000675411 0.00644303 0.000561611 0.000674855 1 0.491973 
135
86
439.882
0.999999 -0.00058405 0.00162656 -0.00394668 0.000582113 0.999999 0.00119118 -1.8815e-05 -0.00162725 -0.00119023 0.999998 0.501197 
135
82
452.974
0.999999 -0.000867798 -0.000718266 -0.00104897 0.000868101 1 0.000421134 0.00289202 0.0007179 -0.000421758 1 0.482576 
138
91
566.955
0.999999 -0.000540908 -0.00104888 0.00166742 0.000541465 1 0.000530861 -0.00133837 0.00104859 -0.000531429 0.999999 0.495515 
136
90
555.343
0.999997 0.00141348 -0.00206094 -0.00229413 -0.00142011 0.999994 -0.00321787 -0.0112614 0.00205638 0.00322078 0.999993 0.492818 
134
68
407.341
1 -0.000802739 5.4242e-05 -0.0083327 0.000802706 0.999999 0.000600877 0.00907673 -5.47243e-05 -0.000600833 1 0.497488 
136
70
387.089
1 -0.000928865 -0.000112965 -0.000324808 0.000929129 0.999997 0.00236082 -0.00123398 0.000110772 -0.00236092 0.999997 0.494998 
138
93
561.294
0.999995 -0.000146245 -0.00314274 -0.00492376 0.000146202 1 -1.38906e-05 0.00193154 0.00314274 1.34311e-05 0.999995 0.495474 
138
81
434.907
0.99998 0.00388787 -0.00506639 -0.0119921 -0.0038918 0.999992 -0.00076572 -0.00368184 0.00506337 0.000785422 0.999987 0.495754 
137
73
472.33
0.999998 -0.00113927 -0.00135277 0.00336957 0.0011381 0.999999 -0.000868502 -0.00234535 0.00135376 0.000866961 0.999999 0.487797 
136
89
347.988
0.999994 -0.00139238 -0.00308998 0.00403439 0.0013921 0.999999 -9.26946e-05 0.0021043 0.00309011 8.83925e-05 0.999995 0.499539 
135
71
425.199
0.999996 -0.000609985 0.00278327 -0.000777785 0.000611431 1 -0.000518992 0.00503883 -0.00278296 0.000520691 0.999996 0.488979 
133
88
381.65
1 -0.000191826 0.000413259 0.00290203 0.000192044 1 -0.00052843 -0.00378012 -0.000413157 0.000528509 1 0.496427 
136
80
399.621
0.999991 -5.66114e-05 -0.0041421 -0.000492385 5.32755e-05 1 -0.00080545 0.0014223 0.00414214 0.000805223 0.999991 0.459255 
136
73
374.136
0.999999 -0.000797835 -0.000826863 0.0038251 0.000797427 1 -0.00049399 0.000119958 0.000827257 0.00049333 1 0.498684 
135
85
483.449
1 -0.000673889 -8.34169e-05 0.00150764 0.000673838 1 -0.000618505 -0.00649067 8.38337e-05 0.000618448 1 0.493558 
133
91
384.122
0.999999 -0.000919145 -0.000574258 0.00149565 0.000919058 1 -0.000151097 -0.00279713 0.000574397 0.000150569 1 0.489012 
131
89
368.921
1 -0.000892234 -0.000327381 0.00135787 0.00089196 0.999999 -0.000836702 -0.000633412 0.000328127 0.00083641 1 0.475038 
135
80
324.947
1 -0.000132305 -0.000678236 0.000623299 0.0001319 1 -0.000597517 -0.00199658 0.000678315 0.000597427 1 0.496945 
137
95
476.308
0.999999 -7.44508e-05 -0.00110558 0.00187269 7.45602e-05 1 9.8935e-05 -0.00807345 0.00110557 -9.90174e-05 0.999999 0.492161 
132
74
524.79
1 -0.000371003 0.000298386 0.0014037 0.000371119 1 -0.000387386 -0.00661964 -0.000298243 0.000387496 1 0.493538 
132
78
371.31
1 -0.000371003 0.000298386 0.0014037 0.000371119 1 -0.000387386 -0.00661964 -0.000298243 0.000387496 1 0.493538 
134
81
337.861
1 -0.000371003 0.000298386 0.0014037 0.000371119 1 -0.000387386 -0.00661964 -0.000298243 0.000387496 1 0.493538 
129
76
363.332
0.999998 -0.00103981 0.00139731 -0.00156809 0.0010404 0.999999 -0.00042107 0.00205559 -0.00139687 0.000422523 0.999999 0.487535 
130
89
498.489
0.999997 -0.00131911 -0.00209037 0.00127181 0.0013203 0.999999 0.000568049 0.00192299 0.00208961 -0.000570807 0.999998 0.485414 
131
75
280.113
0.999996 9.76563e-05 -0.00280636 0.000909965 -9.89207e-05 1 -0.000450421 -0.00515907 0.00280632 0.000450697 0.999996 0.489728 
128
85
283.452
0.999996 9.76563e-05 -0.00280636 0.000909965 -9.89207e-05 1 -0.000450421 -0.00515907 0.00280632 0.000450697 0.999996 0.489728 
125
77
307.731
0.999997 -0.000476179 -0.00247162 -0.00123814 0.000475717 1 -0.00018728 -0.00147544 0.00247171 0.000186103 0.999997 0.486535 
129
83
228.406
0.999996 -0.000992191 -0.00255766 0.00320819 0.000990004 0.999999 -0.000856231 0.00219497 0.0025585 0.000853696 0.999996 0.48754 
132
80
386.273
0.999998 -0.000959292 0.00181962 0.00460934 0.000958787 1 0.000278084 0.000944981 -0.00181988 -0.000276338 0.999998 0.490988 
132
80
525.304
0.999998 -0.000959292 0.00181962 0.00460934 0.000958787 1 0.000278084 0.000944981 -0.00181988 -0.000276338 0.999998 0.490988 
132
81
371.921
0.999998 -0.000959292 0.00181962 0.00460934 0.000958787 1 0.000278084 0.000944981 -0.00181988 -0.000276338 0.999998 0.490988 
130
84
283.865
0.999991 -0.00146459 -0.00399731 0.00235606 0.00146704 0.999999 0.000610446 0.000398237 0.00399642 -0.000616305 0.999992 0.492108 
131
79
568.1
0.999991 -0.00146459 -0.00399731 0.00235606 0.00146704 0.999999 0.000610446 0.000398237 0.00399642 -0.000616305 0.999992 0.492108 
127
85
246.765
1 -0.000533171 -0.00025703 -0.00804902 0.000533269 1 0.000381895 0.000759401 0.000256827 -0.000382032 1 0.491203 
132
84
538.149
1 -0.000533171 -0.00025703 -0.00804902 0.000533269 1 0.000381895 0.000759401 0.000256827 -0.000382032 1 0.491203 
129
84
321.127
1 6.83506e-05 -0.000297664 -0.00200307 -6.84558e-05 1 -0.000353379 -0.00130826 0.00029764 0.0003534 1 0.492398 
130
88
421.126
0.999999 -0.000687971 0.00114635 -0.000102324 0.000686795 0.999999 0.00102573 -6.58812e-05 -0.00114706 -0.00102494 0.999999 -0.0144888 
129
83
298.479
0.999999 -0.000687971 0.00114635 -0.000102324 0.000686795 0.999999 0.00102573 -6.58812e-05 -0.00114706 -0.00102494 0.999999 -0.0144888 
132
87
335.94
1 -0.000121941 -0.000544575 0.00485202 0.000122017 1 0.000139752 -0.00345184 0.000544558 -0.000139819 1 0.492176 
130
74
452.896
1 -4.02365e-05 -0.000652441 0.000573598 3.97785e-05 1 -0.000701985 -0.000838816 0.000652469 0.000701959 1 0.496884 
132
87
442.015
0.999998 -0.000584265 -0.00170032 0.00834025 0.00058654 0.999999 0.00133779 -0.00374476 0.00169953 -0.00133878 0.999998 0.494567 
132
71
464.69
0.999999 -0.000532326 -0.000888648 0.00496846 0.00053189 1 -0.00049112 0.00154485 0.00088891 0.000490648 0.999999 0.497596 
132
78
422.99
1 -0.000240508 -0.000132879 0.00135143 0.000240445 1 -0.000472862 -0.00208564 0.000132992 0.00047283 1 0.4847 
129
75
316.64
1 0.000350834 -0.000744132 -0.00425309 -0.000350861 1 -3.52357e-05 -0.00307543 0.000744119 3.54968e-05 1 0.494103 
130
76
533.786
1 0.000361573 -0.000892151 -0.00435957 -0.000362088 1 -0.000577636 -0.00813174 0.000891942 0.000577958 0.999999 0.48233 
130
68
326.177
1 0.000361573 -0.000892151 -0.00435957 -0.000362088 1 -0.000577636 -0.00813174 0.000891942 0.000577958 0.999999 0.48233 
129
84
286.298
0.999994 -0.000698685 -0.00324872 -0.00116211 0.000704701 0.999998 0.00185119 0.00212694 0.00324742 -0.00185347 0.999993 0.494765 
131
78
519.602
