1 -0.000276431 -0.00012978 0.00167297 0.000276152 0.999998 -0.0021424 0.00147914 0.000130372 0.00214237 0.999998 0.354488 
128
77
649.823
0.999997 -0.00100833 -0.00221075 0.00322152 0.00100889 0.999999 0.000252372 0.000855144 0.00221049 -0.000254602 0.999998 0.450741 
130
84
675.989
0.999993 0.0019314 0.00324037 -0.00620278 -0.00194305 0.999992 0.0035988 0.00105847 -0.00323339 -0.00360507 0.999988 0.459356 
121
69
537.841
0.999992 -0.000896103 -0.00381316 0.00556763 0.000898333 0.999999 0.000583053 -0.00317314 0.00381264 -0.000586474 0.999993 0.463053 
135
74
778.268
0.999999 -0.00152394 0.000292055 0.00061191 0.00152477 0.999995 -0.00286882 -0.00792965 -0.000287682 0.00286926 0.999996 0.448167 
131
77
718.753
0.999975 -0.00193507 -0.00674439 0.0110171 0.00188492 0.999971 -0.00743443 0.0138348 0.00675858 0.00742153 0.99995 0.447509 
121
64
534.746
0.999973 0.000134245 0.0073937 -0.0161716 -0.000131898 1 -0.000317909 0.00133088 -0.00739375 0.000316925 0.999973 0.457998 
127
71
634.239
0.999996 0.00103868 -0.00253972 -0.00247991 -0.00103355 0.999997 0.00202136 -0.00404433 0.00254181 -0.00201873 0.999995 0.460716 
125
69
570.229
0.999995 -0.00121055 -0.00286557 0.000273158 0.00120437 0.999997 -0.00215608 -0.00313713 0.00286817 0.00215262 0.999994 0.508477 
123
71
590.616
0.984865 0.000507155 -0.17332 0.0083773 -0.00110432 0.999994 -0.00334903 -0.00035685 0.173317 0.00348975 0.98486 0.0875949 
138
74
1756.3
0.984865 0.000507155 -0.17332 0.0083773 -0.00110432 0.999994 -0.00334903 -0.00035685 0.173317 0.00348975 0.98486 0.0875949 
138
68
1348.39
0.984865 0.000507155 -0.17332 0.0083773 -0.00110432 0.999994 -0.00334903 -0.00035685 0.173317 0.00348975 0.98486 0.0875949 
144
83
1518.29
0.987142 0.00172069 -0.159837 -0.00319491 -0.00221285 0.999993 -0.00290121 -0.0102902 0.159831 0.00321761 0.987139 0.117711 
137
61
1874.59
0.999974 0.00207209 0.00687369 -0.0145692 -0.00209783 0.999991 0.00374009 -0.00936394 -0.00686588 -0.00375441 0.999969 0.486116 
119
51
646.114
0.999993 0.00294217 -0.00235646 0.0227109 -0.00294087 0.999996 0.000552102 -0.0252014 0.00235807 -0.000545168 0.999997 0.471132 
121
49
673.643
0.999801 -0.00444479 -0.01943 0.031093 0.00425766 0.999944 -0.00966167 0.0311355 0.0194719 0.00957702 0.999765 0.459465 
139
55
1001.24
0.999935 -0.00400612 -0.0106441 0.0282803 0.00401142 0.999992 0.000476516 -0.0168252 0.0106421 -0.000519183 0.999943 0.445818 
129
51
796.048
0.999998 3.56615e-05 0.00214268 -0.0335472 -4.83556e-05 0.999982 0.00592466 -0.0124428 -0.00214243 -0.00592475 0.99998 0.462758 
142
60
1178.94
0.999988 0.00138664 0.00461054 -0.0132279 -0.00136616 0.999989 -0.00444152 -0.00703795 -0.00461665 0.00443517 0.99998 0.456645 
143
55
1139.8
0.999865 0.0016603 0.0163364 -0.0231746 -0.00165133 0.999998 -0.000562605 -0.00137922 -0.0163373 0.000535553 0.999866 0.467619 
141
48
1178.48
0.999845 -0.0132857 0.0115422 -0.179177 0.0131661 0.99986 0.0103729 -0.065731 -0.0116784 -0.0102193 0.99988 0.269076 
124
43
840.228
0.999989 0.00309056 -0.003615 -0.00875224 -0.0031129 0.999976 -0.00619235 -0.00149473 0.00359577 0.00620353 0.999974 0.453471 
133
54
1057.46
0.999675 0.0144215 0.0210362 -0.23329 -0.0141912 0.999838 -0.0110541 0.0609735 -0.0211923 0.0107519 0.999718 0.520018 
122
45
575.223
0.999933 0.00607351 0.00989968 -0.0445403 -0.00607075 0.999982 -0.000308811 -0.00494974 -0.00990137 0.000248692 0.999951 0.458787 
122
46
813.943
0.999353 0.00967553 0.0346383 -0.0870019 -0.0093949 0.999922 -0.00825531 0.0274407 -0.0347154 0.00792455 0.999366 0.447094 
124
50
815.217
0.999916 -0.0074999 0.0105922 -0.27746 0.00752731 0.999968 -0.0025501 -0.00140028 -0.0105727 0.00262961 0.999941 0.294104 
124
44
700.964
0.99969 0.00482344 0.0244363 -0.0255049 -0.0047893 0.999987 -0.00145551 0.0247406 -0.024443 0.00133803 0.9997 0.460912 
127
52
1026.87
0.986487 0.0091198 -0.163587 -0.0365523 -0.00855006 0.999955 0.00418656 0.00376867 0.163618 -0.0027313 0.98652 0.0835341 
137
65
1569.05
0.986487 0.0091198 -0.163587 -0.0365523 -0.00855006 0.999955 0.00418656 0.00376867 0.163618 -0.0027313 0.98652 0.0835341 
136
77
1615.73
0.984181 0.00322636 -0.177135 -0.00958208 -0.00383178 0.999988 -0.00307586 -0.00699625 0.177123 0.00370595 0.984182 0.0621855 
135
75
1616.79
0.999713 -0.00499433 0.0234302 -0.00592603 0.00494665 0.999986 0.00209251 0.0266578 -0.0234404 -0.00197601 0.999723 0.46659 
124
56
573.22
0.999943 -0.00618198 0.00876173 -0.103643 0.00616645 0.999979 0.00179823 -0.00693948 -0.00877267 -0.0017441 0.99996 0.500384 
118
52
628.555
0.999965 0.00295029 0.00777888 -0.0195104 -0.00289827 0.999973 -0.00669045 0.0148341 -0.00779841 0.00666768 0.999947 0.437327 
129
60
998.485
0.999987 0.00224674 0.00458664 -0.0146981 -0.00225706 0.999995 0.00224742 0.00701141 -0.00458156 -0.00225775 0.999987 0.450353 
114
72
712.923
0.999961 -0.000711136 -0.00880223 0.00338645 0.0007262 0.999998 0.00170833 0.000831381 0.008801 -0.00171465 0.99996 0.474181 
112
47
786.372
0.999972 0.0058922 0.00462475 -0.0145637 -0.00586578 0.999967 -0.00570695 0.036441 -0.00465822 0.00567966 0.999973 0.481049 
113
56
845.536
0.999461 0.0298769 0.0136225 -0.0727776 -0.0296825 0.999458 -0.0142533 -0.0252347 -0.0140409 0.0138413 0.999806 0.419363 
127
53
1202.34
0.999994 -0.00286181 0.00176848 0.00698008 0.00284739 0.999963 0.00810546 -0.00167945 -0.00179161 -0.00810038 0.999966 0.49011 
114
62
722.798
0.999907 -0.007847 -0.0111945 0.0227268 0.00784294 0.999969 -0.000406421 0.0105193 0.0111974 0.000318585 0.999937 0.467442 
129
62
1035.15
0.999942 0.00736933 0.00785694 -0.0244005 -0.00725823 0.999875 -0.0140774 0.0555617 -0.0079597 0.0140195 0.99987 0.446496 
126
51
780.927
0.999988 0.00378638 0.0030111 -0.0651272 -0.00375548 0.999941 -0.0102 0.035685 -0.00304955 0.0101886 0.999943 0.47746 
111
47
580.808
0.999985 -0.00508864 -0.00195446 0.010466 0.00508173 0.999981 -0.00352487 0.0160482 0.00197236 0.00351488 0.999992 0.482196 
115
60
763.775
0.99998 0.000342067 0.00629528 -0.000626476 -0.000327178 0.999997 -0.00236599 0.0542444 -0.00629607 0.00236388 0.999977 0.458262 
119
49
675.471
0.999895 0.000914018 -0.0144475 -0.00939347 -0.00108751 0.999927 -0.0120051 0.0654257 0.0144355 0.0120196 0.999824 0.490526 
120
46
629.256
0.999995 0.00220557 0.00209208 0.0023426 -0.00220532 0.999998 -0.000123962 -0.00308787 -0.00209235 0.000119348 0.999998 0.475846 
120
52
724.057
0.999973 -0.00705904 -0.00221774 0.0192433 0.00706427 0.999972 0.00235756 -0.0265358 0.00220104 -0.00237316 0.999995 0.445612 
114
44
699.381
0.999703 0.0239652 0.00432485 -0.0103762 -0.0239564 0.999711 -0.00207427 -0.0429325 -0.00437331 0.00197005 0.999988 0.43403 
100
39
652.754
0.999999 -0.0009498 0.000543642 -0.0163695 0.000950351 0.999999 -0.00101559 0.0238595 -0.000542677 0.00101611 0.999999 0.47612 
103
47
841.316
0.999892 0.0141721 0.0039076 -0.0262317 -0.0141585 0.999894 -0.00349297 0.0228777 -0.00395668 0.00343727 0.999986 0.460244 
94
41
774.527
0.99994 0.0102578 0.00381906 -0.0192976 -0.0102485 0.999945 -0.00243909 -0.00926395 -0.00384386 0.00239981 0.99999 0.459584 
119
56
770.557
0.999987 -0.00419058 -0.00284847 0.00291536 0.00419635 0.999989 0.00202595 -0.0164887 0.00283995 -0.00203787 0.999994 0.436254 
125
57
752.404
0.999997 -0.00232528 -0.00101012 0.00351103 0.00232799 0.999994 0.00269601 -0.00573872 0.00100384 -0.00269835 0.999996 0.454313 
125
62
857.636
0.999957 -0.00522067 -0.00772749 0.0171413 0.0052158 0.999986 -0.000649485 0.00624603 0.00773078 0.000609152 0.99997 0.442046 
117
55
661.712
0.999996 -0.00285827 -0.000568847 0.00665829 0.00285792 0.999996 -0.000613266 -0.00647052 0.000570597 0.000611638 1 0.460569 
131
75
727.569
0.999999 0.000427971 -0.0013289 -0.0120099 -0.000432759 0.999993 -0.00360409 0.0169122 0.00132735 0.00360467 0.999993 0.475327 
129
66
778.917
0.999989 0.000837793 0.00453647 -0.0111847 -0.000834501 0.999999 -0.000727448 0.00252289 -0.00453707 0.000723654 0.999989 0.465643 
128
66
716.075
0.999998 -0.00102919 -0.00165751 -0.00268566 0.00102699 0.999999 -0.00132501 0.0222853 0.00165887 0.0013233 0.999998 0.494779 
126
71
684.172
0.999973 -0.00378837 -0.00623631 0.00931442 0.00378391 0.999993 -0.000725634 -0.00839675 0.00623901 0.000702017 0.99998 0.476106 
128
72
611.948
0.999997 0.000132426 0.0025676 -0.000404973 -0.000120871 0.99999 -0.0044999 0.00660155 -0.00256817 0.00449958 0.999987 0.446163 
125
68
537.153
0.999977 -0.00301235 -0.00610403 0.0185684 0.003014 0.999995 0.000261228 -0.00583078 0.00610321 -0.000279619 0.999981 0.470726 
123
64
537.812
0.999989 0.00103456 0.00448908 -0.0128863 -0.00103438 0.999999 -4.30394e-05 0.0100208 -0.00448912 3.83956e-05 0.99999 0.449715 
125
63
679.089
0.997063 0.00189514 0.0765593 -0.00656156 -0.001596 0.999991 -0.0039682 0.00707148 -0.0765661 0.00383436 0.997057 0.296985 
150
73
1248.9
0.997063 0.00189514 0.0765593 -0.00656156 -0.001596 0.999991 -0.0039682 0.00707148 -0.0765661 0.00383436 0.997057 0.296985 
147
70
1494.74
0.997063 0.00189514 0.0765593 -0.00656156 -0.001596 0.999991 -0.0039682 0.00707148 -0.0765661 0.00383436 0.997057 0.296985 
150
78
1452.6
0.997063 0.00189514 0.0765593 -0.00656156 -0.001596 0.999991 -0.0039682 0.00707148 -0.0765661 0.00383436 0.997057 0.296985 
147
76
1636.17
0.999987 -0.00313429 0.00403884 0.0175669 0.00318764 0.999907 -0.0132709 0.0214684 -0.00399687 0.0132836 0.999904 0.379754 
148
68
821.251
0.999952 -0.00619292 -0.00756543 0.023492 0.00620452 0.99998 0.00151119 -0.00736564 0.00755592 -0.00155806 0.99997 0.480521 
137
69
794.262
0.99993 -0.00134055 -0.0117193 0.0315553 0.00128504 0.999988 -0.00474245 0.0243764 0.0117256 0.00472706 0.99992 0.470153 
135
49
769.51
0.999956 0.00325158 0.00878347 -0.0323573 -0.00326101 0.999994 0.00105977 -0.0102361 -0.00877997 -0.00108837 0.999961 0.435148 
141
58
848.114
0.999997 -0.00237497 -0.00071882 0.0039406 0.00237151 0.999986 -0.00477099 0.0209666 0.000730141 0.00476927 0.999988 0.461803 
149
66
1122.8
1 -0.000263159 -0.000144448 0.0202224 0.00026333 0.999999 0.00118101 -0.0458097 0.000144137 -0.00118105 0.999999 0.42037 
137
55
854.249
0.999965 -0.0034484 0.00768267 5.6925e-07 0.00347441 0.999988 -0.003375 0.010508 -0.00767094 0.00340157 0.999965 0.440179 
149
63
1224.48
0.999995 0.00152653 0.00269684 -0.00984237 -0.00152903 0.999998 0.000923839 0.00985776 -0.00269542 -0.000927958 0.999996 0.453665 
150
65
1096.78
0.999999 -0.000738314 -0.00138134 -0.00881217 0.000729972 0.999982 -0.00603008 0.0114366 0.00138576 0.00602907 0.999981 0.439992 
150
65
1199.32
0.999976 -0.00504261 -0.00482178 0.0209263 0.00501627 0.999973 -0.00545881 -0.000986915 0.00484917 0.00543449 0.999973 0.425044 
149
56
1110.75
0.999965 0.00171142 -0.00823702 0.052864 -0.00175108 0.999987 -0.00481015 0.015146 0.00822868 0.0048244 0.999955 0.446191 
132
61
737.555
0.999983 0.00584825 -8.20942e-05 -0.0249605 -0.00584784 0.999974 0.00430575 -0.0192575 0.000107273 -0.0043052 0.999991 0.451507 
149
61
1232.29
0.999999 -0.00119919 0.000482645 0.00405521 0.00119981 0.999998 -0.00127163 0.0186704 -0.00048112 0.0012722 0.999999 0.45566 
150
59
1307.2
0.999998 -0.000727114 -0.00176334 0.0020152 0.000725891 0.999999 -0.000694276 0.00145963 0.00176384 0.000692995 0.999998 0.463808 
137
70
942.422
0.99996 0.00546924 0.00714172 -0.00321638 -0.00545908 0.999984 -0.00144199 -0.00481974 -0.00714949 0.00140294 0.999973 0.428324 
144
60
1052.48
0.999999 -0.00112699 -2.97067e-05 0.0011695 0.00112708 0.999993 0.00344385 -0.0133378 2.58254e-05 -0.00344388 0.999994 0.433831 
139
52
1075.94
0.999807 0.011512 0.0159074 -0.0334497 -0.0115223 0.999933 0.000556814 0.0171612 -0.0159 -0.000739997 0.999873 0.464732 
147
64
1190.21
0.992581 -0.00322138 0.121546 -0.00139341 0.0030759 0.999994 0.00138458 0.0119971 -0.12155 -0.00100044 0.992585 0.217994 
150
69
1520.19
0.998836 0.00679613 0.0477638 -0.0467568 -0.0061115 0.999877 -0.0144651 0.0415884 -0.0478562 0.0141564 0.998754 0.349235 
150
57
1054.68
0.999953 -0.00176601 -0.00953646 0.013839 0.00172969 0.999991 -0.0038154 0.0134196 0.00954312 0.00379873 0.999947 0.456832 
148
57
1193.81
0.999992 -0.00117114 0.00375905 -0.00539984 0.00116652 0.999999 0.00122918 -0.00281011 -0.00376049 -0.00122478 0.999992 0.457511 
150
55
1271.45
0.999676 -0.0199004 -0.0158674 0.0491298 0.0199237 0.999801 0.00131197 0.0297626 0.0158381 -0.00162769 0.999873 0.471806 
150
48
1272.42
0.999576 -0.0285975 0.00548123 0.0148136 0.02873 0.999253 -0.0258463 0.0811966 -0.00473799 0.0259928 0.999651 0.445068 
146
43
1092.56
0.999998 -0.000783257 -0.00188151 -0.01583 0.000748212 0.999828 -0.0185548 0.0461574 0.00189572 0.0185534 0.999826 0.422327 
147
49
1082.15
0.999995 -0.000894772 0.00314251 0.00233727 0.000884959 0.999995 0.00312246 0.00676959 -0.00314529 -0.00311967 0.99999 0.452276 
145
50
1151.36
0.999889 -0.00240926 -0.0146779 0.0197531 0.00245126 0.999993 0.00284396 -0.00129701 0.0146709 -0.00287962 0.999888 0.462761 
148
50
1293.95
0.999995 -0.00244037 0.00199098 -0.0124887 0.00244804 0.99999 -0.00385937 -0.00424345 -0.00198154 0.00386422 0.999991 0.449638 
150
59
1319.46
0.999995 0.00180723 0.00276877 9.02517e-05 -0.00179491 0.999989 -0.00444424 0.00992102 -0.00277677 0.00443925 0.999986 0.462069 
149
63
1359.9
0.999996 -0.00221867 -0.00191616 -0.025189 0.00221608 0.999997 -0.0013533 0.0112824 0.00191915 0.00134905 0.999997 0.460115 
142
59
1136.34
0.999918 0.000802679 0.0127597 -0.014356 -0.00108078 0.999762 0.0218033 0.00616957 -0.0127392 -0.0218153 0.999681 0.457603 
142
53
1182.45
0.999918 0.000802679 0.0127597 -0.014356 -0.00108078 0.999762 0.0218033 0.00616957 -0.0127392 -0.0218153 0.999681 0.457603 
138
63
1687.31
0.999918 0.000802679 0.0127597 -0.014356 -0.00108078 0.999762 0.0218033 0.00616957 -0.0127392 -0.0218153 0.999681 0.457603 
147
73
1629.76
0.999918 0.000802679 0.0127597 -0.014356 -0.00108078 0.999762 0.0218033 0.00616957 -0.0127392 -0.0218153 0.999681 0.457603 
150
72
1705.75
0.999918 0.000802679 0.0127597 -0.014356 -0.00108078 0.999762 0.0218033 0.00616957 -0.0127392 -0.0218153 0.999681 0.457603 
150
63
1482.57
0.999918 0.000802679 0.0127597 -0.014356 -0.00108078 0.999762 0.0218033 0.00616957 -0.0127392 -0.0218153 0.999681 0.457603 
150
71
1689.9
0.999918 0.000802679 0.0127597 -0.014356 -0.00108078 0.999762 0.0218033 0.00616957 -0.0127392 -0.0218153 0.999681 0.457603 
145
84
1584.21
0.999918 0.000802679 0.0127597 -0.014356 -0.00108078 0.999762 0.0218033 0.00616957 -0.0127392 -0.0218153 0.999681 0.457603 
145
69
1668.3
0.999918 0.000802679 0.0127597 -0.014356 -0.00108078 0.999762 0.0218033 0.00616957 -0.0127392 -0.0218153 0.999681 0.457603 
143
68
1542.18
0.999918 0.000802679 0.0127597 -0.014356 -0.00108078 0.999762 0.0218033 0.00616957 -0.0127392 -0.0218153 0.999681 0.457603 
141
71
1347.56
0.999918 0.000802679 0.0127597 -0.014356 -0.00108078 0.999762 0.0218033 0.00616957 -0.0127392 -0.0218153 0.999681 0.457603 
134
75
1474.34
0.999918 0.000802679 0.0127597 -0.014356 -0.00108078 0.999762 0.0218033 0.00616957 -0.0127392 -0.0218153 0.999681 0.457603 
137
65
1695.94
0.999918 0.000802679 0.0127597 -0.014356 -0.00108078 0.999762 0.0218033 0.00616957 -0.0127392 -0.0218153 0.999681 0.457603 
141
69
1423.38
0.991601 -0.00163557 0.129327 0.00656317 0.00211916 0.999991 -0.00360171 0.020629 -0.12932 0.00384552 0.991595 0.22559 
145
60
1451.65
0.999999 0.000359938 0.00149275 -0.0066672 -0.000360721 1 0.000524399 -0.00198106 -0.00149257 -0.000524937 0.999999 0.448612 
129
63
800.34
0.999983 0.00408597 0.00409986 -0.0138782 -0.00408824 0.999991 0.000546339 -0.00373999 -0.0040976 -0.000563091 0.999991 0.457671 
137
54
1213.61
0.999991 0.00203582 -0.0037666 0.00107312 -0.00202384 0.999993 0.00318228 -0.0172658 0.00377305 -0.00317463 0.999988 0.469337 
130
55
876.875
1 0.00065806 -0.000716555 -0.00636446 -0.000658281 1 -0.000309006 -0.00842413 0.000716352 0.000309478 1 0.463769 
135
66
1055.84
0.999755 0.0176362 0.0133431 -0.0447354 -0.0174946 0.99979 -0.0106535 0.0394019 -0.0135282 0.0104175 0.999854 0.446813 
139
51
950.85
0.999976 0.00458849 0.0051751 -0.00795895 -0.00458914 0.999989 0.000113718 0.0230909 -0.00517452 -0.000137465 0.999987 0.461998 
142
56
1180.93
0.999737 0.0119488 0.0195659 -0.0401614 -0.0118931 0.999925 -0.00296092 -0.000915919 -0.0195998 0.00272744 0.999804 0.446913 
136
52
1024.56
0.999795 0.0150148 0.0135675 -0.0500482 -0.0148886 0.999845 -0.00935334 0.0201473 -0.0137059 0.00914942 0.999864 0.450411 
141
61
1120.24
0.999993 -0.00151393 -0.00355504 0.00358564 0.0015223 0.999996 0.00235323 -0.012637 0.00355147 -0.00235862 0.999991 0.446362 
139
70
948.711
0.999983 0.00548995 0.00197558 -0.0107602 -0.00548766 0.999984 -0.00116387 -0.0136016 -0.00198194 0.00115301 0.999997 0.4383 
134
52
977.121
0.999992 0.00384379 0.00142852 -0.000596986 -0.00384304 0.999992 -0.000527454 -0.010749 -0.00143053 0.00052196 0.999999 0.453354 
133
58
756.595
0.999188 0.00363095 -0.0401263 -0.00493705 -0.00361311 0.999993 0.000517064 -0.00530329 0.0401279 -0.000371663 0.999194 0.361511 
144
68
1093.15
0.999188 0.00363095 -0.0401263 -0.00493705 -0.00361311 0.999993 0.000517064 -0.00530329 0.0401279 -0.000371663 0.999194 0.361511 
138
71
1620.97
0.999188 0.00363095 -0.0401263 -0.00493705 -0.00361311 0.999993 0.000517064 -0.00530329 0.0401279 -0.000371663 0.999194 0.361511 
138
75
1697.61
0.999188 0.00363095 -0.0401263 -0.00493705 -0.00361311 0.999993 0.000517064 -0.00530329 0.0401279 -0.000371663 0.999194 0.361511 
140
73
1829.13
0.980753 -0.000856238 -0.195252 -0.0048584 -0.00100595 0.999955 -0.00943797 -0.00109204 0.195251 0.00945273 0.980708 0.0534128 
141
74
1857.33
0.999991 -0.00328713 -0.00264048 0.00200304 0.00329553 0.99999 0.00318221 0.0106114 0.00262999 -0.00319088 0.999991 0.453124 
141
70
1146.86
0.999844 -0.00564778 -0.0167336 0.0830405 0.00561748 0.999982 -0.00185691 -0.0156514 0.0167438 0.00176262 0.999858 0.406419 
133
52
721.91
0.999927 -0.0109948 -0.00503595 0.0115547 0.0109893 0.999939 -0.00112249 0.00979175 0.00504798 0.00106707 0.999987 0.446991 
131
53
845.982
0.999999 -0.000649622 0.000785283 0.0129324 0.000648718 0.999999 0.00115116 0.00318892 -0.00078603 -0.00115065 0.999999 0.444751 
143
59
1132.9
0.999948 -0.000410595 0.0101571 -0.0116476 0.000431059 0.999998 -0.00201257 0.00312376 -0.0101562 0.00201684 0.999946 0.473901 
136
59
909.002
0.999909 0.0105813 0.00833369 -0.0306063 -0.0105072 0.999905 -0.00888451 0.0160376 -0.00842691 0.00879614 0.999926 0.446081 
141
49
1150.51
0.99946 0.00063503 -0.0328399 0.0162442 -0.000911427 0.999964 -0.00840223 0.0406183 0.0328334 0.00842763 0.999425 0.389097 
144
58
1087.06
0.99946 0.00063503 -0.0328399 0.0162442 -0.000911427 0.999964 -0.00840223 0.0406183 0.0328334 0.00842763 0.999425 0.389097 
150
71
1786.2
0.99946 0.00063503 -0.0328399 0.0162442 -0.000911427 0.999964 -0.00840223 0.0406183 0.0328334 0.00842763 0.999425 0.389097 
150
64
1894.32
0.99946 0.00063503 -0.0328399 0.0162442 -0.000911427 0.999964 -0.00840223 0.0406183 0.0328334 0.00842763 0.999425 0.389097 
149
81
1670.72
0.99946 0.00063503 -0.0328399 0.0162442 -0.000911427 0.999964 -0.00840223 0.0406183 0.0328334 0.00842763 0.999425 0.389097 
150
69
1570.48
0.99946 0.00063503 -0.0328399 0.0162442 -0.000911427 0.999964 -0.00840223 0.0406183 0.0328334 0.00842763 0.999425 0.389097 
150
67
1570.55
0.983913 -0.0100663 -0.178363 0.0240107 0.0106508 0.999941 0.00231943 0.025012 0.178329 -0.00418182 0.983962 0.101296 
150
63
1645.23
0.999994 0.00231363 0.00240988 -0.00788615 -0.00229498 0.999968 -0.00771258 0.0107912 -0.00242765 0.00770701 0.999967 0.444429 
146
52
1199.57
0.999996 -0.000503165 -0.00269189 0.00422922 0.000505594 0.999999 0.000901976 -0.0215018 0.00269144 -0.000903333 0.999996 0.451309 
147
55
1306.97
0.999995 0.000411898 0.00324081 -0.000723569 -0.000421118 0.999996 0.00284497 -0.00586849 -0.00323962 -0.00284632 0.999991 0.468789 
150
63
1397.21
0.999956 -0.00228736 -0.00908922 0.0132161 0.00234227 0.999979 0.00603608 -0.0118762 0.00907522 -0.00605711 0.99994 0.459475 
150
67
1335.49
0.999987 -0.00292234 0.00420673 0.00305753 0.00296012 0.999955 -0.00900251 0.0121111 -0.00418024 0.00901484 0.999951 0.445212 
147
47
1430.05
0.999991 0.000827284 -0.00415958 -0.00258215 -0.000811504 0.999992 0.00379399 -0.00802794 0.00416268 -0.00379058 0.999984 0.463742 
148
60
1496.46
1 0.000530386 -0.00078449 -0.00233336 -0.000539034 0.999939 -0.0110651 0.0252314 0.000778573 0.0110655 0.999938 0.457813 
149
50
1491.48
0.999985 -0.00500003 0.0022389 0.00280765 0.0049983 0.999987 0.000780287 -0.00136714 -0.00224277 -0.000769085 0.999997 0.451669 
150
49
1423.18
0.999995 0.00127928 0.00274308 -0.00471331 -0.0012651 0.999986 -0.00516187 0.0214432 -0.00274965 0.00515838 0.999983 0.454943 
140
48
1357.75
0.999796 0.0189352 0.00697803 -0.0435375 -0.0189532 0.999817 0.00251916 -0.0797977 -0.00692905 -0.00265091 0.999972 0.388305 
135
37
1102.75
0.999918 0.0127743 0.0012532 -0.0223142 -0.0127892 0.999837 0.0127117 -0.0484064 -0.00109061 -0.0127267 0.999918 0.459941 
144
46
1439.27
0.999946 0.00148414 0.0102873 -0.0369914 -0.00146688 0.999998 -0.00168524 0.0263927 -0.0102898 0.00167006 0.999946 0.473948 
140
55
1285.14
0.999858 0.00549488 0.0159569 -0.029982 -0.00557438 0.999972 0.00494209 -0.0130255 -0.0159293 -0.00503033 0.99986 0.443737 
135
49
1330.82
0.999943 -0.00263392 -0.0103918 0.00433222 0.00267433 0.999989 0.00387621 -0.0012692 0.0103815 -0.00390378 0.999938 0.468692 
144
54
1544.22
0.999937 0.00217528 0.0110367 -0.0188498 -0.00218057 0.999998 0.000467274 0.000913812 -0.0110357 -0.00049131 0.999939 0.44207 
138
59
1433.31
0.999883 -0.00778638 -0.0131667 0.0374155 0.00776807 0.999969 -0.00144113 0.0050514 0.0131775 0.00133868 0.999912 0.457929 
119
46
557.493
0.999962 -0.0025316 -0.00839782 0.0284448 0.00252848 0.999997 -0.000382068 -0.00469694 0.00839876 0.000360819 0.999965 0.436159 
114
50
562.119
0.999942 0.00672925 0.00839388 -0.00168728 -0.00674615 0.999975 0.00198717 -0.0157904 -0.0083803 -0.00204368 0.999963 0.435878 
121
52
657.657
0.99998 0.00305301 0.00554546 0.000659652 -0.0030669 0.999992 0.00249841 -0.0167765 -0.00553779 -0.00251537 0.999982 0.468364 
127
67
834.403
0.998997 0.00504607 0.044492 -0.122201 -0.0042575 0.999832 -0.0178008 0.0372042 -0.0445744 0.0175935 0.998851 0.456556 
126
58
710.579
0.999387 -0.00128063 0.0349716 -0.0347347 0.00146957 0.999984 -0.00537763 0.00201903 -0.0349642 0.00542573 0.999374 0.396388 
126
53
692.081
0.98213 0.0003601 0.188205 0.00362173 -0.00124134 0.999989 0.00456447 -0.0117276 -0.188202 -0.00471653 0.982119 0.106553 
138
58
1856.11
0.999995 -0.00295452 0.00110703 -0.00873265 0.00294818 0.999979 0.0056846 -0.0175155 -0.00112381 -0.00568131 0.999983 0.507038 
122
49
605.709
0.999996 -0.00202535 0.00198651 -0.0190027 0.00205084 0.999914 -0.0129194 0.0298965 -0.00196017 0.0129234 0.999915 0.453186 
119
51
648.94
0.999907 0.0077656 0.0112359 -0.0304232 -0.00770498 0.999956 -0.00542802 -0.00962048 -0.0112775 0.00534094 0.999922 0.432929 
134
48
867.336
0.999914 0.00235863 0.0129098 -0.0337999 -0.00226664 0.999972 -0.00713525 0.0221218 -0.0129263 0.00710537 0.999891 0.476962 
128
59
678.853
0.999831 0.00974934 0.015555 -0.0222115 -0.00976874 0.999952 0.00117144 0.00915713 -0.0155428 -0.00132319 0.999878 0.450601 
127
42
881.429
0.99997 -0.00689571 -0.00364372 0.00234927 0.0069316 0.999927 0.00992977 -0.058653 0.00357498 -0.00995472 0.999944 0.441111 
115
43
630.138
0.998693 0.00719365 0.0506021 -0.130217 -0.00693911 0.999962 -0.00520409 0.00437022 -0.0506376 0.00484615 0.998705 0.615284 
118
43
645.349
0.999989 -0.00120634 0.00444923 -0.0129489 0.00122819 0.999987 -0.00491124 -0.0198418 -0.00444325 0.00491665 0.999978 0.434768 
133
50
972.185
0.999923 0.00667041 0.0104261 -0.0238793 -0.00669696 0.999974 0.00251404 0.00472352 -0.0104091 -0.00258367 0.999942 0.467607 
139
47
1152.53
0.999427 0.0196839 0.0275353 -0.0589755 -0.0195704 0.999799 -0.00438719 0.033261 -0.0276161 0.0038458 0.999611 0.482565 
139
53
972.944
0.999989 -0.00192415 0.0042344 -0.0277715 0.00193858 0.999992 -0.00340708 0.00146303 -0.00422782 0.00341525 0.999985 0.458577 
142
54
1214.77
0.999989 -0.00433609 -0.00183342 0.0209344 0.00432318 0.999966 -0.00698527 0.023185 0.00186365 0.00697727 0.999974 0.464527 
138
50
1063.88
0.983271 0.00285057 -0.182124 0.000492622 -0.00201296 0.999987 0.00478381 -0.00531816 0.182135 -0.00433717 0.983264 0.0854597 
149
75
1720.66
0.999974 -0.00631678 -0.00358686 0.00310621 0.00629951 0.999969 -0.00480522 0.00682404 0.0036171 0.0047825 0.999982 0.419181 
131
62
767.95
0.999991 -0.00412889 -0.000467302 0.010178 0.00412297 0.999919 -0.0120431 0.024227 0.000516988 0.012041 0.999927 0.439855 
135
56
1095.29
0.999967 -0.000937138 0.00810132 -0.0110742 0.000956858 0.999997 -0.00243068 0.0130893 -0.00809902 0.00243835 0.999964 0.443019 
137
67
938.939
0.999999 -0.00163976 -0.000121946 -0.00352159 0.00163972 0.999999 -0.000291902 0.00362609 0.000122424 0.000291701 1 0.467309 
130
71
755.957
0.999912 0.00734882 0.011033 -0.0333361 -0.00733485 0.999972 -0.00130572 -0.00801954 -0.0110423 0.00122468 0.999938 0.444132 
141
54
949.147
0.999988 -0.000833335 -0.00483498 0.0282909 0.000838171 0.999999 0.000998322 -0.023461 0.00483414 -0.00100236 0.999988 0.446903 
132
56
784.553
0.999705 0.0165109 0.0178015 -0.0837753 -0.0163962 0.999844 -0.00657435 0.0276243 -0.0179072 0.00628054 0.99982 0.4733 
127
55
663.364
0.999997 0.00224199 0.000192193 -0.00901996 -0.00224231 0.999996 0.0017052 0.00187484 -0.000188369 -0.00170562 0.999999 0.479661 
117
54
574.33
0.999751 -0.0134825 -0.017761 0.0674078 0.0134971 0.999909 0.000701278 -0.00078874 0.0177499 -0.000940826 0.999842 0.471207 
118
53
711.5
0.999985 -0.00516349 -0.00157361 0.0129054 0.00516323 0.999987 -0.000169848 0.00261854 0.00157447 0.000161721 0.999999 0.483585 
132
60
987.576
0.999879 -0.0114419 -0.0105777 0.0492507 0.0114178 0.999932 -0.00233522 -0.047306 0.0106037 0.00221416 0.999941 0.394108 
129
51
871.297
0.999997 0.00227706 9.42205e-05 0.000259857 -0.00227695 0.999997 -0.00109721 -0.00893085 -9.67186e-05 0.00109699 0.999999 0.435834 
127
57
987.815
0.99999 -0.00348488 0.0029136 0.000799432 0.00347646 0.99999 0.00289142 -0.00422846 -0.00292365 -0.00288126 0.999992 0.465702 
113
59
585.851
0.999965 0.00794803 0.00258763 -0.00961893 -0.00795754 0.999962 0.00368761 -0.00695324 -0.00255822 -0.00370807 0.99999 0.480578 
122
55
863.369
0.999704 0.0221263 0.01015 -0.052365 -0.021926 0.99957 -0.0194444 0.0603497 -0.0105759 0.0192161 0.999759 0.477501 
125
54
770.1
0.999976 0.000159649 0.00686041 -0.00707095 -0.000150313 0.999999 -0.00136127 0.001096 -0.00686062 0.00136021 0.999976 0.452627 
134
74
1022.65
0.999976 0.000159649 0.00686041 -0.00707095 -0.000150313 0.999999 -0.00136127 0.001096 -0.00686062 0.00136021 0.999976 0.452627 
140
64
1701.85
0.998414 0.00694983 0.0558715 -0.0141806 -0.00704497 0.999974 0.0015061 0.00264194 -0.0558596 -0.00189732 0.998437 0.386296 
141
53
1190.38
0.999651 -0.000885746 -0.0264172 0.10484 0.00142053 0.999794 0.020232 -0.107132 0.0263938 -0.0202625 0.999446 0.463736 
128
49
727.393
0.998786 -0.000245912 0.0492599 -0.00493468 9.91787e-05 0.999996 0.00298119 -0.0251381 -0.0492604 -0.00297268 0.998782 0.335246 
138
61
1077.92
0.998786 -0.000245912 0.0492599 -0.00493468 9.91787e-05 0.999996 0.00298119 -0.0251381 -0.0492604 -0.00297268 0.998782 0.335246 
144
77
1820.14
0.998786 -0.000245912 0.0492599 -0.00493468 9.91787e-05 0.999996 0.00298119 -0.0251381 -0.0492604 -0.00297268 0.998782 0.335246 
130
74
1561.6
0.975491 -0.00822032 0.219884 0.19158 0.0069607 0.999955 0.0065027 0.0293604 -0.219928 -0.00481278 0.975504 0.267331 
132
68
1409.62
0.975491 -0.00822032 0.219884 0.19158 0.0069607 0.999955 0.0065027 0.0293604 -0.219928 -0.00481278 0.975504 0.267331 
140
75
1669.19
0.987213 -0.00324847 0.159374 0.0191581 0.00359468 0.999992 -0.00188409 0.0038098 -0.159366 0.00243289 0.987217 0.0987071 
132
84
1583.03
0.999998 0.00130347 0.00140662 -0.00441369 -0.00129328 0.999973 -0.00722262 0.00190992 -0.001416 0.00722079 0.999973 0.44606 
136
72
568.365
1 8.81475e-05 0.000339296 0.00115309 -8.77823e-05 0.999999 -0.00107621 -0.00384303 -0.000339391 0.00107618 0.999999 0.434632 
118
71
630.563
1 3.80735e-05 0.000749532 -0.0141332 -3.28073e-05 0.999975 -0.00702483 0.00833181 -0.000749781 0.0070248 0.999975 0.500688 
130
75
601.165
