1 0 0 0 0 1 0 0 0 0 1 0 
144
139
9
1 0 0 0 0 1 0 0 0 0 1 0 
143
108
189.491
1 0 0 0 0 1 0 0 0 0 1 0 
145
121
92.2916
1 0 0 0 0 1 0 0 0 0 1 0 
145
128
113.369
1 0 0 0 0 1 0 0 0 0 1 0 
143
119
88.2508
1 0 0 0 0 1 0 0 0 0 1 0 
144
135
28.4787
1 0 0 0 0 1 0 0 0 0 1 0 
143
123
122.106
1 0 0 0 0 1 0 0 0 0 1 0 
144
144
1
1 0.000385412 0.000665135 0.00728703 -0.000382647 0.999991 -0.00415329 0.00407219 -0.00066673 0.00415304 0.999991 0.476692 
113
91
299.942
0.999991 0.00242791 0.00341942 -0.0170623 -0.00243448 0.999995 0.00191927 -0.00571842 -0.00341474 -0.00192758 0.999992 0.437339 
139
89
603.112
0.999999 0.00099706 0.000967931 0.00108949 -0.000997353 0.999999 0.000302627 0.00202553 -0.000967629 -0.000303592 0.999999 0.436545 
134
105
508.858
0.999938 -0.0102951 -0.00423635 0.0304308 0.0103148 0.999936 0.00465174 0.00266009 0.00418819 -0.00469515 0.99998 0.460539 
127
76
349.69
0.999981 0.00519201 0.00323058 -0.0234645 -0.00519421 0.999986 0.000673451 -0.0079479 -0.00322704 -0.000690218 0.999995 0.431264 
138
82
429.787
0.999896 -0.0098837 -0.0104788 0.0459685 0.00980071 0.99992 -0.00794185 0.0155174 0.0105564 0.00783832 0.999914 0.489529 
134
86
474.111
0.999999 0.00126285 0.000450621 -0.00408532 -0.00126121 0.999993 -0.00360736 -0.00214511 -0.000455173 0.00360679 0.999993 0.458172 
115
94
262.737
0.999952 0.00692397 0.00686685 -0.0443779 -0.00694719 0.99997 0.00336428 0.00294156 -0.00684335 -0.00341183 0.999971 0.458789 
112
79
281.777
0.999982 0.00422403 0.00419604 -0.0173694 -0.00424778 0.999975 0.00566734 0.0022817 -0.004172 -0.00568507 0.999975 0.47099 
117
90
356.66
0.999999 -0.000553789 0.0015307 -0.0181071 0.000556487 0.999998 -0.00176268 -0.00239109 -0.00152972 0.00176353 0.999997 0.45181 
136
83
580.407
0.99998 -0.00459214 -0.00435419 0.0296181 0.00456405 0.999969 -0.00643898 0.00906048 0.00438363 0.00641898 0.99997 0.443992 
136
82
495.375
0.999999 0.000194441 0.00165002 -0.0144099 -0.000193916 1 -0.000318222 -0.000508303 -0.00165008 0.000317901 0.999999 0.444747 
133
93
416.62
0.999964 -0.00840293 -0.00145346 0.0178266 0.00841008 0.999952 0.00497981 -0.0087615 0.00141154 -0.00499185 0.999987 0.440085 
144
83
758.132
0.999999 -0.000518471 -0.00117142 0.00743441 0.000518283 1 -0.000160458 0.0152135 0.00117151 0.000159851 0.999999 0.478143 
140
93
715.877
0.999992 0.00206881 0.00329402 -0.0228039 -0.00205157 0.999984 -0.0052271 -0.00251859 -0.00330478 0.0052203 0.999981 0.464819 
132
82
447.772
0.999997 0.000777053 0.00252755 -0.0189942 -0.000765357 0.999989 -0.0046252 0.00226505 -0.00253112 0.00462325 0.999986 0.402009 
131
95
396.597
0.999999 -0.000231178 -0.00165358 -8.68967e-05 0.000233609 0.999999 0.00147026 0.00494001 0.00165324 -0.00147065 0.999998 0.448932 
137
94
712.402
0.999999 -0.00142504 0.00029142 -0.00147335 0.00142343 0.999984 0.00545329 -0.0102095 -0.000299186 -0.00545287 0.999985 0.444638 
136
93
563.851
0.999998 0.00105673 0.00196788 -0.00780313 -0.00105526 0.999999 -0.000746534 0.00528913 -0.00196866 0.000744455 0.999998 0.471017 
138
90
557.704
0.999987 -0.00298396 -0.00413517 0.0188959 0.00295527 0.999972 -0.00692658 0.00152387 0.00415572 0.00691427 0.999967 0.451344 
132
89
398.026
0.999968 0.00535585 0.00586972 -0.0377229 -0.0053446 0.999984 -0.00193045 -0.00134771 -0.00587997 0.00189902 0.999981 0.443833 
142
94
550.585
0.999977 0.00523985 0.00427373 -0.027946 -0.00525634 0.999979 0.00385711 0.00745887 -0.00425343 -0.00387948 0.999983 0.441969 
137
84
530.891
0.999993 -0.00358215 -0.00125134 -0.0758675 0.00358811 0.999982 0.00479207 -0.0636821 0.00123415 -0.00479653 0.999988 0.273384 
132
75
481.661
0.999995 -0.00206292 -0.00222105 0.0046792 0.00205217 0.999986 -0.00483562 0.00671516 0.002231 0.00483104 0.999986 0.46955 
129
100
419.476
0.999996 -0.00298839 -9.60311e-05 0.00154432 0.00298775 0.999977 -0.006073 0.0110833 0.000114177 0.00607268 0.999982 0.451452 
140
96
766.321
1 0.000262656 0.000255235 0.00507134 -0.00026308 0.999999 0.00165935 0.0113906 -0.000254798 -0.00165942 0.999999 0.447759 
126
80
722.476
0.999984 -0.00518469 -0.00223749 0.00579391 0.00519469 0.999976 0.0044851 0.0168029 0.00221418 -0.00449665 0.999987 0.466891 
128
86
444.734
0.99999 0.00351492 0.00268354 -0.0156706 -0.00351416 0.999994 -0.000288069 -0.0103508 -0.00268453 0.000278635 0.999996 0.448731 
141
93
689.965
0.988059 -0.00395101 -0.154023 0.013564 0.00419675 0.99999 0.00127041 -0.00243691 0.154016 -0.00190164 0.988066 0.0939015 
141
97
2414.53
0.967056 0.00623753 -0.254486 -0.0570106 -0.00652927 0.999979 -0.000301677 -0.00366168 0.254479 0.00195335 0.967076 0.00457898 
116
96
5411.49
0.994214 -0.00216475 -0.107392 -0.00933978 0.00262845 0.999988 0.00417648 -0.0139262 0.107382 -0.00443459 0.994208 0.291964 
138
96
1977.14
0.994214 -0.00216475 -0.107392 -0.00933978 0.00262845 0.999988 0.00417648 -0.0139262 0.107382 -0.00443459 0.994208 0.291964 
119
65
763.766
0.999966 0.00613011 0.00547572 -0.0279159 -0.00615399 0.999972 0.00435458 -0.00430435 -0.00544887 -0.00438813 0.999976 0.440044 
132
90
653.118
0.999966 0.00613011 0.00547572 -0.0279159 -0.00615399 0.999972 0.00435458 -0.00430435 -0.00544887 -0.00438813 0.999976 0.440044 
121
88
376.208
0.999986 -0.00425381 -0.00298707 0.0127373 0.00423908 0.999979 -0.004921 -0.010068 0.00300794 0.00490828 0.999983 0.423656 
110
80
328.395
0.999995 0.000946959 0.00314809 -0.00305408 -0.000948446 0.999999 0.0004708 0.00503167 -0.00314764 -0.000473783 0.999995 0.450506 
138
102
674.423
0.999999 1.6437e-05 0.00104124 -0.00678644 -2.35891e-05 0.999976 0.00686923 -0.00183632 -0.0010411 -0.00686926 0.999976 0.4478 
126
80
524.903
0.999999 0.000323395 0.00168306 -0.00624117 -0.000323688 1 0.000174104 0.00381781 -0.00168301 -0.000174649 0.999999 0.477377 
132
73
441.223
0.999999 -0.00105877 -0.000146779 -0.00126543 0.00105815 0.999991 -0.00412318 8.97014e-05 0.000151143 0.00412302 0.999991 0.465061 
133
96
647.334
0.999991 -0.00302808 -0.00280181 0.0226884 0.00301551 0.999985 -0.00448284 0.00949911 0.00281535 0.00447435 0.999986 0.46274 
131
86
618.647
0.999999 -0.000492979 -0.0013673 0.00361435 0.000500192 0.999986 0.00528019 -0.0015582 0.00136468 -0.00528087 0.999985 0.447509 
132
79
558.745
1 -1.93716e-05 -0.000965211 0.0224526 2.54055e-05 0.99998 0.00625169 0.00143993 0.000965071 -0.00625172 0.99998 0.485507 
132
68
368.507
0.999999 -0.000753128 -0.000953981 0.000915143 0.000752424 0.999999 -0.000738319 0.00526411 0.000954536 0.000737601 0.999999 0.449295 
132
75
447.148
0.999975 -0.00606281 -0.00370457 0.025789 0.00603749 0.999959 -0.00680757 -0.0019224 0.00374569 0.00678504 0.99997 0.443516 
131
85
504.99
0.999975 -0.00606281 -0.00370457 0.025789 0.00603749 0.999959 -0.00680757 -0.0019224 0.00374569 0.00678504 0.99997 0.443516 
120
83
300.637
0.999996 0.00143202 0.00226533 -0.00803515 -0.0014444 0.999984 0.00546951 -0.0005047 -0.00225746 -0.00547276 0.999982 0.49759 
115
82
344.187
0.999997 -0.0023804 -0.000660231 -0.00160557 0.00238286 0.99999 0.0037625 0.00351218 0.000651268 -0.00376406 0.999993 0.48825 
124
74
372.812
0.999998 -0.00155636 -0.00080803 0.00119191 0.00155094 0.999977 -0.00667259 0.0101113 0.000818396 0.00667133 0.999977 0.462025 
124
84
466.245
0.999966 -0.00479404 -0.00670319 0.0276974 0.00475445 0.999971 -0.00590847 0.000897877 0.00673132 0.0058764 0.99996 0.441126 
121
86
456.819
0.999984 0.0025391 0.00499677 -0.0123197 -0.00255741 0.99999 0.0036615 -0.00461407 -0.00498742 -0.00367422 0.999981 0.44669 
129
68
507.771
0.999999 -0.000833806 -0.00125869 -0.00549175 0.000838214 0.999994 0.00350574 0.0137764 0.00125576 -0.00350679 0.999993 0.448945 
128
83
603.388
0.999998 -0.00162574 -0.000940421 -0.00263477 0.00162541 0.999999 -0.000358707 -0.00979744 0.000941003 0.000357178 0.999999 0.445574 
136
81
495.126
0.999998 -0.00162574 -0.000940421 -0.00263477 0.00162541 0.999999 -0.000358707 -0.00979744 0.000941003 0.000357178 0.999999 0.445574 
105
80
290.539
0.999988 0.00354738 0.00324979 -0.014509 -0.00354601 0.999994 -0.000427435 0.000660903 -0.00325129 0.000415906 0.999995 0.461339 
118
83
331.45
1 0.000529706 0.000795621 -0.00761327 -0.000534396 0.999982 0.00590638 0.00166231 -0.000792479 -0.0059068 0.999982 0.411314 
127
77
436.047
0.999969 -0.00755819 -0.00207669 0.029029 0.00756407 0.999967 0.00283858 -0.00760549 0.00205517 -0.0028542 0.999994 0.431078 
118
70
449.263
0.999897 0.0143627 0.000246998 -0.018633 -0.0143615 0.999887 -0.00445565 -0.0151079 -0.000310966 0.00445165 0.99999 0.421602 
127
72
481.337
0.999988 0.00377238 0.00326034 -0.0304929 -0.00373924 0.999942 -0.0101113 0.0201664 -0.00329829 0.010099 0.999944 0.423898 
115
77
281.356
0.999876 -0.015673 -0.00147704 0.0357384 0.0156727 0.999877 -0.000181131 0.00667411 0.00147969 0.000157959 0.999999 0.443603 
130
86
700.097
0.999983 -0.00437399 -0.00389675 0.0338624 0.0043933 0.999978 0.00496153 0.01272 0.00387496 -0.00497857 0.99998 0.467862 
118
70
383.534
0.999981 -0.00524798 -0.00324002 0.0220821 0.00524748 0.999986 -0.000161413 -0.0106413 0.00324083 0.000144408 0.999995 0.446646 
130
89
533
0.999993 -0.00335332 -0.00139572 0.00997181 0.00334551 0.999979 -0.00556312 -0.00293454 0.00141434 0.00555841 0.999984 0.465244 
109
89
387.318
0.999993 -0.00335332 -0.00139572 0.00997181 0.00334551 0.999979 -0.00556312 -0.00293454 0.00141434 0.00555841 0.999984 0.465244 
106
78
334.181
0.999987 0.00487401 0.00175351 -0.0140835 -0.00488068 0.999981 0.00381582 0.00557146 -0.00173487 -0.00382433 0.999991 0.44653 
121
83
495.346
0.999971 0.00642853 0.00396121 -0.0354909 -0.0064405 0.999975 0.0030173 0.00096286 -0.00394171 -0.00304273 0.999988 0.46343 
123
75
491.854
0.999992 -0.00398363 8.831e-05 0.00669961 0.00398367 0.999992 -0.000404406 -0.0190036 -8.66982e-05 0.000404754 1 0.455301 
120
68
387.006
0.999867 0.0161295 0.0023909 -0.0410337 -0.016112 0.999845 -0.00715215 -0.013124 -0.00250589 0.00711267 0.999972 0.422635 
129
85
923.814
0.99994 0.0108739 0.00152321 -0.016552 -0.0108724 0.99994 -0.00102601 -0.00532008 -0.00153428 0.00100939 0.999998 0.401534 
118
77
306.892
0.999993 -0.00312173 -0.00194202 0.0129323 0.00312979 0.999986 0.00416111 0.00556004 0.001929 -0.00416716 0.999989 0.436384 
127
85
657.656
0.999923 -0.0116766 -0.0042677 0.0382823 0.0116664 0.999929 -0.00239279 0.00428543 0.00429534 0.00234282 0.999988 0.422529 
112
73
340.125
