0.99998 -0.00180191 -0.00613827 0.00944414 0.00179678 0.999998 -0.000841136 0.000120142 0.00613977 0.00083009 0.999981 0.357397 
147
90
902.53
0.999998 -0.00160223 -0.000966176 0.00777126 0.00160198 0.999999 -0.000257399 -0.00378023 0.000966588 0.000255851 1 0.460979 
135
86
740.443
0.999997 0.00129164 -0.0021367 -0.000663888 -0.00128436 0.999993 0.00340498 0.0049954 0.00214108 -0.00340222 0.999992 0.457848 
140
94
927.291
0.999996 0.00188926 0.00186754 -0.00764376 -0.00188827 0.999998 -0.000530423 -0.01078 -0.00186854 0.000526895 0.999998 0.456149 
142
86
929.979
0.999999 0.000930949 0.000767589 -0.00361035 -0.000928268 0.999993 -0.00348546 0.00629191 -0.000770829 0.00348475 0.999994 0.463259 
147
94
1089.29
0.999996 -0.00139257 -0.00227288 0.010276 0.00138761 0.999997 -0.00218071 -0.0012355 0.00227591 0.00217755 0.999995 0.464619 
135
81
746.699
0.999988 0.00199612 0.0044889 -0.00933401 -0.00199912 0.999998 0.000663334 0.00298224 -0.00448757 -0.0006723 0.99999 0.461493 
132
76
711.015
0.999964 0.00808692 0.00273898 -0.025213 -0.0080935 0.999964 0.00239977 0.00121289 -0.00271948 -0.00242185 0.999993 0.460377 
130
68
691.795
0.999994 0.00184215 0.0029235 -0.0173674 -0.00182976 0.999989 -0.00423451 0.00938435 -0.00293127 0.00422914 0.999987 0.469499 
133
64
840.524
0.984895 0.0100176 -0.172863 -0.0102852 -0.0102892 0.999947 -0.000675006 -0.0298745 0.172847 0.00244344 0.984946 0.0596821 
146
71
2241
0.984895 0.0100176 -0.172863 -0.0102852 -0.0102892 0.999947 -0.000675006 -0.0298745 0.172847 0.00244344 0.984946 0.0596821 
139
84
2317.94
0.984895 0.0100176 -0.172863 -0.0102852 -0.0102892 0.999947 -0.000675006 -0.0298745 0.172847 0.00244344 0.984946 0.0596821 
142
94
2100.4
0.988064 0.00653391 -0.153905 -0.032615 -0.00677144 0.999977 -0.0010192 0.00471502 0.153894 0.00204919 0.988085 0.12679 
138
73
2235.81
0.999676 0.0212337 0.0140157 -0.0516005 -0.0210991 0.99973 -0.00968331 0.0288156 -0.0142175 0.00938445 0.999855 0.483415 
130
47
864.792
0.999995 0.00313958 -0.00098207 -0.00348239 -0.00314423 0.999984 -0.0047692 0.0163043 0.000967081 0.00477226 0.999988 0.459877 
124
54
795.52
0.999325 0.0207837 0.0302951 -0.141173 -0.0208232 0.999783 0.00098876 -0.0451465 -0.030268 -0.00161893 0.999541 0.427328 
120
53
643.9
0.999979 0.00292848 -0.0057404 0.0128389 -0.00295743 0.999983 -0.00504128 0.0222952 0.00572554 0.00505815 0.999971 0.464843 
134
52
1031.98
0.999972 0.0057673 0.00486434 -0.048017 -0.00576689 0.999983 -9.83035e-05 0.013603 -0.00486482 7.02486e-05 0.999988 0.479093 
131
55
979.828
0.999937 0.000914936 0.0111846 -0.0441503 -0.0008598 0.999987 -0.00493348 0.0430093 -0.011189 0.00492355 0.999925 0.478534 
125
60
893.441
0.999797 0.00863466 0.0182022 -0.0501063 -0.00846511 0.99992 -0.00937104 0.039345 -0.0182817 0.00921505 0.99979 0.464766 
130
59
978.839
0.999886 -0.00937426 0.0118631 -0.144735 0.00942095 0.999948 -0.00388616 0.0205544 -0.0118261 0.00399747 0.999922 0.0480895 
126
52
363.314
0.999976 0.000250282 0.00696229 -0.0764132 -0.000214076 0.999986 -0.0052005 0.0451909 -0.00696349 0.00519889 0.999962 0.467088 
113
57
550.273
0.999975 0.00403686 0.00582784 -0.0484885 -0.00399634 0.999968 -0.00694851 0.0599666 -0.0058557 0.00692504 0.999959 0.454673 
121
58
743.97
0.999706 -0.0114951 0.0213649 -0.235886 0.0113824 0.999921 0.00538722 -0.0220695 -0.0214251 -0.00514245 0.999757 0.316913 
115
46
586.917
0.999915 -0.013011 -0.00118342 0.0226198 0.0129878 0.999756 -0.0178632 0.0574679 0.00141555 0.0178463 0.99984 0.452624 
132
56
1268.56
0.999925 -0.0052412 0.0110957 -0.230262 0.0052066 0.999982 0.00314497 -0.00833128 -0.0111119 -0.00308697 0.999933 0.231933 
126
57
923.013
0.999772 0.00417318 0.0209302 -0.0387425 -0.00385804 0.999879 -0.0150743 0.0645145 -0.0209906 0.0149901 0.999667 0.45511 
127
53
1034.1
0.985868 0.00475809 -0.167455 -0.00640186 -0.00517266 0.999985 -0.00203962 0.0209969 0.167442 0.00287699 0.985878 0.100824 
134
66
1991.88
0.985868 0.00475809 -0.167455 -0.00640186 -0.00517266 0.999985 -0.00203962 0.0209969 0.167442 0.00287699 0.985878 0.100824 
137
86
1918.03
0.985615 0.0016366 -0.168997 -0.0143153 -0.00321892 0.999954 -0.00908948 -0.00156213 0.168974 0.00950272 0.985575 0.044088 
131
79
2024.36
0.999999 -0.00051846 -0.00098652 -0.00144758 0.000524989 0.999978 0.00662934 0.0172162 0.000983061 -0.00662985 0.999978 0.465809 
125
64
784.757
0.999994 -0.00270009 -0.00202253 -0.0290896 0.00268999 0.999984 -0.00497729 0.0114453 0.00203594 0.00497182 0.999986 0.472933 
121
55
778.067
0.999992 0.00400242 -0.000750564 -0.0232567 -0.00400447 0.999988 -0.00275044 0.0214106 0.000739546 0.00275342 0.999996 0.496279 
122
66
878.991
0.99988 -0.0153008 -0.00239395 0.0225386 0.0153293 0.999806 0.0123484 -0.0318212 0.00220454 -0.0123836 0.999921 0.482033 
112
58
664.73
0.999915 0.010951 0.00710721 -0.037851 -0.0108828 0.999895 -0.00956872 0.0643359 -0.00721125 0.00949056 0.999929 0.463131 
117
59
833.194
0.999957 0.00879934 -0.0028917 -0.0166835 -0.00882 0.999935 -0.00721348 0.0179242 0.00282804 0.00723867 0.99997 0.471014 
127
59
1073.74
0.999278 0.0368142 0.00943514 -0.0891006 -0.0367775 0.999315 -0.00403155 4.82494e-05 -0.00957709 0.00368164 0.999947 0.444498 
124
55
993.316
0.999992 -0.00351826 -0.00207669 0.00945882 0.00351429 0.999992 -0.00191165 0.0172229 0.0020834 0.00190433 0.999996 0.448558 
126
75
895.562
0.999939 0.00743234 0.00812506 -0.0346208 -0.00739978 0.999965 -0.00402934 0.0513459 -0.00815472 0.00396897 0.999959 0.496486 
118
50
682.464
0.999993 0.00284125 0.00222281 -0.00721632 -0.00283227 0.999988 -0.00403323 0.0463058 -0.00223424 0.00402691 0.999989 0.506604 
125
61
868.08
0.999973 0.00731619 -0.00090179 0.0306544 -0.00732737 0.999887 -0.0130895 -0.0229244 0.000805923 0.0130957 0.999914 0.378239 
115
52
596.859
0.99989 -0.0129719 0.00720431 0.0103921 0.0128559 0.999791 0.01591 -0.0510442 -0.00740918 -0.0158156 0.999847 0.4454 
129
52
701.486
0.999981 0.00473405 0.00401589 -0.024673 -0.0047466 0.999984 0.00312196 0.025895 -0.00400104 -0.00314096 0.999987 0.50056 
123
56
574.115
0.999731 0.0227446 -0.00446414 -0.00311109 -0.0227447 0.999741 2.87992e-05 0.0112995 0.00446364 7.27442e-05 0.99999 0.461971 
122
49
562.3
0.999946 -0.00559535 0.00873179 -0.0223752 0.00567716 0.99994 -0.00937261 0.0407808 -0.00867882 0.00942168 0.999918 0.459533 
121
49
537.247
0.999837 0.0127694 0.0127757 -0.022197 -0.0125329 0.999752 -0.0184299 0.00678994 -0.0130078 0.0182668 0.999749 0.392152 
127
50
691.973
0.99998 0.00246549 0.0059028 -0.017576 -0.00245269 0.999995 -0.00217461 -0.0132362 -0.00590813 0.00216009 0.99998 0.40909 
130
53
934.926
