1 -0.00026407 0.000422306 0.0392335 0.000262863 0.999996 0.00285587 -0.00716416 -0.000423059 -0.00285576 0.999996 0.423015 
146
82
769.784
1 -6.2495e-05 3.0596e-05 0.000974292 6.24834e-05 1 0.000381178 -0.00939874 -3.06198e-05 -0.000381176 1 0.43493 
149
87
916.947
1 0.000123428 0.000451532 -0.000313405 -0.000122788 0.999999 -0.00141671 -0.00080943 -0.000451706 0.00141666 0.999999 0.47651 
143
80
834.602
0.999887 0.00048965 0.0150368 -0.182799 -0.00169184 0.99679 0.0800414 -0.079865 -0.0149494 -0.0800578 0.996678 0.661713 
145
48
876.79
0.974556 -0.000977041 0.224143 -0.00990944 0.0184539 0.996945 -0.0758907 0.0203147 -0.223384 0.0780961 0.971597 -0.0914997 
150
80
2355.42
0.974556 -0.000977041 0.224143 -0.00990944 0.0184539 0.996945 -0.0758907 0.0203147 -0.223384 0.0780961 0.971597 -0.0914997 
147
85
1666.26
0.974556 -0.000977041 0.224143 -0.00990944 0.0184539 0.996945 -0.0758907 0.0203147 -0.223384 0.0780961 0.971597 -0.0914997 
148
90
1730.7
0.974556 -0.000977041 0.224143 -0.00990944 0.0184539 0.996945 -0.0758907 0.0203147 -0.223384 0.0780961 0.971597 -0.0914997 
147
78
1694.29
0.999648 0.000217568 0.0265241 0.0192694 -0.000638068 0.999874 0.0158461 -0.0682294 -0.0265173 -0.0158574 0.999523 0.396244 
140
53
583.602
0.999992 0.000898855 0.00401057 -0.045883 -0.000883869 0.999993 -0.00373701 -0.00164139 -0.0040139 0.00373343 0.999985 0.439708 
142
85
813.876
0.999999 -0.000728539 -0.00115022 0.00514484 0.000726792 0.999999 -0.00151875 -0.00190621 0.00115132 0.00151792 0.999998 0.444623 
132
71
843.697
1 -0.000224828 -0.000603358 0.00825155 0.000224166 0.999999 -0.00109659 0.0138512 0.000603604 0.00109645 0.999999 0.509522 
131
67
526.065
0.999997 -0.000480176 -0.00238941 0.00338071 0.000486972 0.999996 0.00284442 -0.0102713 0.00238803 -0.00284558 0.999993 0.454471 
133
76
1024.94
0.999999 0.000214378 0.00133977 0.0052845 -0.00020893 0.999992 -0.00406544 0.0243411 -0.00134063 0.00406516 0.999991 0.466887 
128
61
925.082
0.999764 -0.00455285 -0.0212545 0.0541828 0.00500842 0.999758 0.0214299 -0.0541036 0.0211518 -0.0215313 0.999544 0.42151 
136
56
1040.64
0.999994 -0.00018155 -0.0035722 -0.061406 0.000210028 0.999968 0.00797338 -0.0621591 0.00357064 -0.00797408 0.999962 0.35173 
91
34
619.404
0.996563 0.00175598 0.0828248 0.0835744 -0.00145063 0.999992 -0.00374677 -0.000663075 -0.0828307 0.00361374 0.996557 0.031668 
125
41
1139.34
0.996563 0.00175598 0.0828248 0.0835744 -0.00145063 0.999992 -0.00374677 -0.000663075 -0.0828307 0.00361374 0.996557 0.031668 
139
79
1613.62
0.996563 0.00175598 0.0828248 0.0835744 -0.00145063 0.999992 -0.00374677 -0.000663075 -0.0828307 0.00361374 0.996557 0.031668 
140
83
1814.02
0.996563 0.00175598 0.0828248 0.0835744 -0.00145063 0.999992 -0.00374677 -0.000663075 -0.0828307 0.00361374 0.996557 0.031668 
146
89
1552.03
0.996563 0.00175598 0.0828248 0.0835744 -0.00145063 0.999992 -0.00374677 -0.000663075 -0.0828307 0.00361374 0.996557 0.031668 
142
82
1820.98
0.99086 -0.00182822 0.134885 0.0313661 0.0024479 0.999987 -0.00442844 0.0129861 -0.134875 0.00471815 0.990851 0.155868 
144
78
1784.51
0.999999 0.000267235 -0.0016285 -0.00102518 -0.000265511 0.999999 0.00105866 -0.0127029 0.00162878 -0.00105823 0.999998 0.515675 
126
70
796.786
0.999998 -0.000663722 -0.00174585 0.00300737 0.000664528 1 0.000461167 -0.000640553 0.00174554 -0.000462326 0.999998 0.467946 
132
77
901.118
0.999999 -0.00105918 -0.000915957 -0.00242865 0.00106253 0.999993 0.00366514 -0.00434859 0.000912068 -0.00366611 0.999993 0.464192 
140
82
893.216
0.999995 0.00153426 0.00283442 -0.0120429 -0.00152935 0.999997 -0.00173259 0.00842429 -0.00283707 0.00172824 0.999994 0.417331 
139
73
834.447
0.999994 -0.00143943 -0.0031515 0.00455918 0.00143908 0.999999 -0.000110988 -0.00632676 0.00315166 0.000106452 0.999995 0.483613 
132
82
445.782
0.999996 -0.00164993 -0.0023459 0.00317935 0.00163383 0.999975 -0.00684875 0.0319993 0.00235714 0.00684489 0.999974 0.47015 
126
66
543.551
0.999967 -0.00203525 -0.00783698 0.00836226 0.00206906 0.999989 0.0043087 -0.0132416 0.00782812 -0.00432478 0.99996 0.44016 
131
74
597.907
0.99747 -0.00155608 0.0710709 0.0090891 0.00219654 0.999958 -0.00893435 0.0208886 -0.071054 0.00906786 0.997431 0.297057 
143
77
1120.96
0.99747 -0.00155608 0.0710709 0.0090891 0.00219654 0.999958 -0.00893435 0.0208886 -0.071054 0.00906786 0.997431 0.297057 
143
73
1586.23
0.99747 -0.00155608 0.0710709 0.0090891 0.00219654 0.999958 -0.00893435 0.0208886 -0.071054 0.00906786 0.997431 0.297057 
150
92
2072.56
0.99747 -0.00155608 0.0710709 0.0090891 0.00219654 0.999958 -0.00893435 0.0208886 -0.071054 0.00906786 0.997431 0.297057 
150
83
1767.34
0.99747 -0.00155608 0.0710709 0.0090891 0.00219654 0.999958 -0.00893435 0.0208886 -0.071054 0.00906786 0.997431 0.297057 
150
82
1916.51
0.99747 -0.00155608 0.0710709 0.0090891 0.00219654 0.999958 -0.00893435 0.0208886 -0.071054 0.00906786 0.997431 0.297057 
150
82
2333.67
0.998201 0.00310079 0.0598804 -0.0119874 -0.00291334 0.999991 -0.00321744 -0.00416197 -0.0598899 0.0030372 0.9982 0.326041 
139
49
949.203
0.999996 -0.00277156 0.00092685 0.124435 0.00277096 0.999996 0.000650933 -0.0854897 -0.00092865 -0.000648362 0.999999 0.115847 
142
56
856.951
0.999995 0.000466945 0.00303004 -0.0573875 -0.000465874 1 -0.000354211 -0.0310784 -0.00303021 0.000352798 0.999995 0.440586 
129
66
605.435
1 0.000235782 -0.000156752 -0.124935 -0.000235613 0.999999 0.00107739 -0.068598 0.000157006 -0.00107735 0.999999 0.0668069 
138
59
615.042
1 0.000202494 -3.50143e-05 -0.0210871 -0.0002024 0.999996 0.00265891 -0.0117771 3.55526e-05 -0.0026589 0.999996 0.448986 
137
66
464.118
1 -0.000112841 -0.000278619 -0.0134459 0.000112527 0.999999 -0.0011264 0.0103859 0.000278745 0.00112637 0.999999 0.418185 
138
60
829.841
0.982844 -0.00447652 0.184384 -0.00924513 0.0040985 0.999989 0.00243124 -0.00641489 -0.184393 -0.00163383 0.982851 0.0730519 
145
72
2014.66
0.982844 -0.00447652 0.184384 -0.00924513 0.0040985 0.999989 0.00243124 -0.00641489 -0.184393 -0.00163383 0.982851 0.0730519 
149
79
1649.53
0.982844 -0.00447652 0.184384 -0.00924513 0.0040985 0.999989 0.00243124 -0.00641489 -0.184393 -0.00163383 0.982851 0.0730519 
143
76
1999.85
0.982844 -0.00447652 0.184384 -0.00924513 0.0040985 0.999989 0.00243124 -0.00641489 -0.184393 -0.00163383 0.982851 0.0730519 
150
87
2149.3
0.982844 -0.00447652 0.184384 -0.00924513 0.0040985 0.999989 0.00243124 -0.00641489 -0.184393 -0.00163383 0.982851 0.0730519 
150
84
1880.08
0.982844 -0.00447652 0.184384 -0.00924513 0.0040985 0.999989 0.00243124 -0.00641489 -0.184393 -0.00163383 0.982851 0.0730519 
150
84
1659.87
0.982844 -0.00447652 0.184384 -0.00924513 0.0040985 0.999989 0.00243124 -0.00641489 -0.184393 -0.00163383 0.982851 0.0730519 
150
80
1751.84
0.99968 0.00137569 0.0252701 -0.00851512 -0.00121822 0.99998 -0.00624574 0.0020561 -0.0252782 0.00621295 0.999661 0.412395 
146
63
1013.88
0.999998 -0.000655097 -0.00187645 0.0159683 0.000653413 0.999999 -0.000897661 0.00685547 0.00187704 0.000896433 0.999998 0.478196 
150
89
1061.06
0.999887 -0.000641825 0.0149975 -0.0512001 -0.000496531 0.997125 0.0757761 0.0265008 -0.015003 -0.075775 0.997012 0.538687 
150
58
1302.86
0.991514 -0.00192251 0.129987 0.0246806 0.0120621 0.996938 -0.0772622 0.0014906 -0.129441 0.0781744 0.988501 0.117635 
150
91
1948.92
1 -0.000549062 -0.000757018 0.00758828 0.000548727 1 -0.000442479 0.0192956 0.000757261 0.000442063 1 0.507715 
149
97
1061.42
1 0.000160959 -6.53284e-05 -0.000323928 -0.000160969 1 -0.00015345 -0.00342485 6.53037e-05 0.00015346 1 0.450236 
149
97
957.064
0.999999 -0.00034981 -0.00126147 0.00770658 0.00034837 0.999999 -0.00114089 -0.0034418 0.00126187 0.00114045 0.999999 0.461126 
147
93
714.756
0.999996 -0.00102873 -0.00254613 0.00850544 0.00102901 0.999999 0.000106798 0.0110965 0.00254602 -0.000109417 0.999997 0.477166 
150
94
765.192
1 0.000121907 0.000757256 -0.00384944 -0.000121998 1 0.000119977 -0.000694006 -0.000757241 -0.000120069 1 0.457425 
150
107
1085.64
1 2.81404e-05 0.000393938 0.00340805 -2.79921e-05 1 -0.000376438 0.00539137 -0.000393948 0.000376427 1 0.471139 
149
100
768.814
0.999396 -0.00128184 -0.0347317 -0.0262019 0.00096242 0.999957 -0.00921207 0.00319728 0.034742 0.00917308 0.999354 0.402663 
150
59
906.957
0.999396 -0.00128184 -0.0347317 -0.0262019 0.00096242 0.999957 -0.00921207 0.00319728 0.034742 0.00917308 0.999354 0.402663 
150
86
1751.76
0.999396 -0.00128184 -0.0347317 -0.0262019 0.00096242 0.999957 -0.00921207 0.00319728 0.034742 0.00917308 0.999354 0.402663 
148
84
1994.94
0.999396 -0.00128184 -0.0347317 -0.0262019 0.00096242 0.999957 -0.00921207 0.00319728 0.034742 0.00917308 0.999354 0.402663 
147
87
1707.04
0.999396 -0.00128184 -0.0347317 -0.0262019 0.00096242 0.999957 -0.00921207 0.00319728 0.034742 0.00917308 0.999354 0.402663 
150
84
1747.89
0.999396 -0.00128184 -0.0347317 -0.0262019 0.00096242 0.999957 -0.00921207 0.00319728 0.034742 0.00917308 0.999354 0.402663 
146
84
1729.81
0.999972 0.000997925 -0.00738091 -0.0170108 -0.00100036 0.999999 -0.000325645 0.000595725 0.00738059 0.000333019 0.999973 0.419216 
150
77
878.172
0.999994 -0.00125144 -0.00335329 0.0517948 0.00124446 0.999997 -0.00208306 0.000854217 0.00335588 0.00207888 0.999992 0.414557 
138
90
494.089
0.999997 0.000430763 0.00233465 -0.0093174 -0.000431423 1 0.000282103 -0.00545282 -0.00233453 -0.00028311 0.999997 0.459214 
141
90
467.723
1 0.000173164 0.000130025 -0.00846224 -0.000173106 1 -0.000446271 -0.00463238 -0.000130102 0.000446249 1 0.464463 
150
96
862.282
0.999999 -6.51017e-05 -0.00140423 -0.0136915 6.64015e-05 1 0.00092561 -0.0124344 0.00140417 -0.000925702 0.999999 0.472424 
143
88
688.76
0.999435 0.00530854 -0.0331745 -0.0304051 -0.00478842 0.999865 0.0157381 0.00920999 0.0332535 -0.0155704 0.999326 0.364787 
146
54
736.508
0.999435 0.00530854 -0.0331745 -0.0304051 -0.00478842 0.999865 0.0157381 0.00920999 0.0332535 -0.0155704 0.999326 0.364787 
147
82
1707.19
0.999435 0.00530854 -0.0331745 -0.0304051 -0.00478842 0.999865 0.0157381 0.00920999 0.0332535 -0.0155704 0.999326 0.364787 
148
84
1786.9
0.999435 0.00530854 -0.0331745 -0.0304051 -0.00478842 0.999865 0.0157381 0.00920999 0.0332535 -0.0155704 0.999326 0.364787 
146
78
1738.38
0.987042 0.00143973 -0.160454 -0.015207 -0.00331845 0.999929 -0.0114414 0.00270365 0.160426 0.0118256 0.986977 0.10327 
150
72
1832.62
0.999993 0.00112933 0.00361527 0.0327383 -0.00114389 0.999991 0.00402916 0.0402155 -0.00361069 -0.00403327 0.999985 0.433477 
141
58
563.669
0.999996 -0.000799464 -0.00280016 -0.00741299 0.00078963 0.999994 -0.0035114 0.0305716 0.00280295 0.00350917 0.99999 0.469105 
146
75
1007.27
0.999984 -0.00207745 -0.00526886 0.0253305 0.00204705 0.999981 -0.00576844 0.00911125 0.00528074 0.00575756 0.999969 0.414524 
147
82
783.922
0.999996 -0.00107806 -0.00267965 -0.00450571 0.00107209 0.999997 -0.00222517 0.00879899 0.00268204 0.00222228 0.999994 0.426819 
145
80
695.17
0.986199 -0.00614821 -0.165453 0.0201621 0.00674997 0.999972 0.00307503 -0.00358142 0.16543 -0.00414939 0.986213 0.148694 
150
61
1644.68
0.986199 -0.00614821 -0.165453 0.0201621 0.00674997 0.999972 0.00307503 -0.00358142 0.16543 -0.00414939 0.986213 0.148694 
150
81
1764.7
0.986199 -0.00614821 -0.165453 0.0201621 0.00674997 0.999972 0.00307503 -0.00358142 0.16543 -0.00414939 0.986213 0.148694 
150
83
1650.15
0.986199 -0.00614821 -0.165453 0.0201621 0.00674997 0.999972 0.00307503 -0.00358142 0.16543 -0.00414939 0.986213 0.148694 
150
79
1847.98
0.986199 -0.00614821 -0.165453 0.0201621 0.00674997 0.999972 0.00307503 -0.00358142 0.16543 -0.00414939 0.986213 0.148694 
150
85
1730.08
0.986199 -0.00614821 -0.165453 0.0201621 0.00674997 0.999972 0.00307503 -0.00358142 0.16543 -0.00414939 0.986213 0.148694 
150
86
1970.06
0.986199 -0.00614821 -0.165453 0.0201621 0.00674997 0.999972 0.00307503 -0.00358142 0.16543 -0.00414939 0.986213 0.148694 
150
91
1722.13
0.980154 -0.00132633 -0.198232 -0.0632333 -0.0128189 0.997461 -0.0700564 -0.000864612 0.197822 0.0712072 0.977648 -0.11639 
149
80
2525.44
0.999765 -0.00753299 -0.020342 0.0664019 0.00908803 0.996953 0.077468 0.0221525 0.0196965 -0.0776347 0.996787 0.440579 
146
58
1270.07
0.999995 -0.000878544 -0.00295622 0.00942185 0.00088704 0.999995 0.00287374 -0.0141723 0.00295368 -0.00287635 0.999992 0.49531 
150
94
840.671
0.999997 -0.000738234 -0.00249294 0.025662 0.00073477 0.999999 -0.00139007 -0.00568474 0.00249396 0.00138823 0.999996 0.478202 
147
82
771.346
0.999997 0.000628956 0.00224863 0.00931262 -0.000629555 1 0.000265805 -0.0157566 -0.00224846 -0.00026722 0.999997 0.474228 
150
81
978.945
0.999999 0.000583012 0.000868182 0.00932197 -0.000587741 0.999985 0.0054569 -0.0214931 -0.000864988 -0.0054574 0.999985 0.484381 
144
82
944.168
1 0.000377668 0.000594541 0.0181864 -0.00037644 0.999998 -0.00206532 0.0371617 -0.00059532 0.00206509 0.999998 0.586891 
140
79
821.098
0.999998 -0.000223908 -0.00176144 0.0317015 0.000224891 1 0.000557984 0.00227096 0.00176131 -0.000558379 0.999998 0.475924 
145
74
1031.51
0.999998 0.000533967 0.00194223 0.00897149 -0.000538727 0.999997 0.00245125 -0.00965425 -0.00194091 -0.00245229 0.999995 0.371611 
146
67
1062.83
0.999997 1.24523e-05 -0.00248616 -0.000669122 -1.38998e-05 1 -0.000582193 -0.00121071 0.00248615 0.000582226 0.999997 0.454361 
142
62
868.881
0.999988 0.00147941 0.0047011 -0.0471399 -0.00150829 0.99998 0.0061454 -0.0258531 -0.00469191 -0.00615242 0.99997 0.483404 
147
64
1030.99
0.988032 -0.00380764 -0.154205 0.0328573 0.00436562 0.999985 0.00327993 -0.00431888 0.15419 -0.00391387 0.988033 0.155285 
150
70
1790.75
0.988032 -0.00380764 -0.154205 0.0328573 0.00436562 0.999985 0.00327993 -0.00431888 0.15419 -0.00391387 0.988033 0.155285 
150
83
1698.48
0.988032 -0.00380764 -0.154205 0.0328573 0.00436562 0.999985 0.00327993 -0.00431888 0.15419 -0.00391387 0.988033 0.155285 
150
89
1788.37
0.996166 0.00108281 -0.0874732 -0.0211437 -0.00151653 0.999987 -0.00489201 0.0176279 0.0874668 0.00500591 0.996155 0.274746 
148
68
1411.63
0.998566 0.00472645 -0.0533171 -0.0032038 -0.00443325 0.999974 0.00561601 0.00837083 0.0533423 -0.00537159 0.998562 0.352374 
141
73
1008.68
0.998566 0.00472645 -0.0533171 -0.0032038 -0.00443325 0.999974 0.00561601 0.00837083 0.0533423 -0.00537159 0.998562 0.352374 
150
86
1764.75
0.998566 0.00472645 -0.0533171 -0.0032038 -0.00443325 0.999974 0.00561601 0.00837083 0.0533423 -0.00537159 0.998562 0.352374 
148
86
1731.65
0.998566 0.00472645 -0.0533171 -0.0032038 -0.00443325 0.999974 0.00561601 0.00837083 0.0533423 -0.00537159 0.998562 0.352374 
150
86
1737.89
0.998566 0.00472645 -0.0533171 -0.0032038 -0.00443325 0.999974 0.00561601 0.00837083 0.0533423 -0.00537159 0.998562 0.352374 
149
97
1809.52
0.998566 0.00472645 -0.0533171 -0.0032038 -0.00443325 0.999974 0.00561601 0.00837083 0.0533423 -0.00537159 0.998562 0.352374 
149
84
1776.39
0.998566 0.00472645 -0.0533171 -0.0032038 -0.00443325 0.999974 0.00561601 0.00837083 0.0533423 -0.00537159 0.998562 0.352374 
145
80
1839.68
0.998566 0.00472645 -0.0533171 -0.0032038 -0.00443325 0.999974 0.00561601 0.00837083 0.0533423 -0.00537159 0.998562 0.352374 
149
87
2284.27
0.998566 0.00472645 -0.0533171 -0.0032038 -0.00443325 0.999974 0.00561601 0.00837083 0.0533423 -0.00537159 0.998562 0.352374 
150
91
1942.13
0.998566 0.00472645 -0.0533171 -0.0032038 -0.00443325 0.999974 0.00561601 0.00837083 0.0533423 -0.00537159 0.998562 0.352374 
150
95
1800.37
0.998566 0.00472645 -0.0533171 -0.0032038 -0.00443325 0.999974 0.00561601 0.00837083 0.0533423 -0.00537159 0.998562 0.352374 
150
89
2237.8
0.999543 -0.00341295 -0.0300207 0.0207234 0.00342517 0.999994 0.00035565 -0.0153193 0.0300193 -0.000458314 0.999549 0.402044 
149
65
817.053
0.999981 -0.00163546 -0.00601949 0.00325802 0.00163394 0.999999 -0.000257942 0.00189829 0.0060199 0.000248101 0.999982 0.511132 
144
93
641.354
0.979322 -0.00189622 -0.2023 0.0164325 0.00175653 0.999998 -0.000870011 0.00619481 0.202301 0.000496675 0.979323 0.0536877 
147
89
1988.17
0.999999 0.000428251 0.00152473 -0.0156145 -0.000428168 1 -5.49087e-05 -1.68791e-05 -0.00152475 5.42558e-05 0.999999 0.525278 
142
87
814.054
1 -0.000347041 -0.000454911 0.0153691 0.000343456 0.999969 -0.0078572 0.037495 0.000457624 0.00785704 0.999969 0.463548 
148
79
861.477
1 3.353e-05 -0.000259743 0.00377723 -3.38216e-05 0.999999 -0.00112255 0.000139627 0.000259705 0.00112256 0.999999 0.471914 
146
89
895.805
0.999991 0.00156651 0.00387592 0.0293236 -0.00155919 0.999997 -0.00189134 0.0175179 -0.00387887 0.00188528 0.999991 0.429096 
143
81
677.836
0.999991 0.00156651 0.00387592 0.0293236 -0.00155919 0.999997 -0.00189134 0.0175179 -0.00387887 0.00188528 0.999991 0.429096 
144
91
479.99
1 7.47647e-05 -1.28955e-05 0.0170427 -7.47766e-05 1 -0.000923031 0.00177066 1.28265e-05 0.000923032 1 0.494559 
144
77
678.398
0.999994 0.000868886 0.00327447 0.0199259 -0.000855344 0.999991 -0.00413475 0.00998449 -0.00327803 0.00413193 0.999986 0.476522 
141
84
743.109
0.992952 -0.000378922 0.118518 -0.0259782 0.00133941 0.999967 -0.00802464 0.0243339 -0.118511 0.00812683 0.992919 0.229145 
149
64
1641.7
0.992952 -0.000378922 0.118518 -0.0259782 0.00133941 0.999967 -0.00802464 0.0243339 -0.118511 0.00812683 0.992919 0.229145 
150
84
1601.28
0.992952 -0.000378922 0.118518 -0.0259782 0.00133941 0.999967 -0.00802464 0.0243339 -0.118511 0.00812683 0.992919 0.229145 
150
86
1905.76
0.992952 -0.000378922 0.118518 -0.0259782 0.00133941 0.999967 -0.00802464 0.0243339 -0.118511 0.00812683 0.992919 0.229145 
150
90
1696.65
0.992952 -0.000378922 0.118518 -0.0259782 0.00133941 0.999967 -0.00802464 0.0243339 -0.118511 0.00812683 0.992919 0.229145 
150
84
1823.05
0.992952 -0.000378922 0.118518 -0.0259782 0.00133941 0.999967 -0.00802464 0.0243339 -0.118511 0.00812683 0.992919 0.229145 
150
90
1708.68
0.992952 -0.000378922 0.118518 -0.0259782 0.00133941 0.999967 -0.00802464 0.0243339 -0.118511 0.00812683 0.992919 0.229145 
148
91
1999.08
0.992952 -0.000378922 0.118518 -0.0259782 0.00133941 0.999967 -0.00802464 0.0243339 -0.118511 0.00812683 0.992919 0.229145 
150
86
1576.36
0.981667 0.00162355 0.190598 -0.000730176 -0.00116482 0.999996 -0.0025188 0.00356717 -0.190601 0.00225061 0.981665 0.0665681 
150
87
2186.61
0.999996 -0.0014221 -0.00231649 -0.016701 0.00140623 0.999976 -0.00683631 0.0319681 0.00232615 0.00683303 0.999974 0.507784 
143
83
869.76
0.999997 0.000489149 0.00222479 -0.0141787 -0.000489811 1 0.000296737 -0.00993447 -0.00222464 -0.000297826 0.999997 0.498316 
144
83
788.182
1 5.32029e-05 -0.000784538 -0.0106293 -5.40321e-05 0.999999 -0.00105698 -0.00216401 0.000784481 0.00105702 0.999999 0.446301 
147
91
886.842
0.995806 -0.000546089 0.0914836 -0.017162 0.00126983 0.999968 -0.00785317 0.0270016 -0.0914764 0.00793641 0.995776 0.27535 
150
71
1477.5
0.998839 0.00155426 0.0481427 -0.0492428 -0.00141267 0.999995 -0.00297486 0.0107032 -0.0481471 0.0029034 0.998836 0.376689 
150
64
968.19
0.999998 0.000812617 0.00193118 -0.0842361 -0.000815685 0.999998 0.00158807 -0.00144886 -0.00192989 -0.00158964 0.999997 0.409266 
150
79
795.205
1 -4.99745e-05 -0.000486768 -0.00391716 5.0673e-05 0.999999 0.00143512 -0.00840618 0.000486695 -0.00143515 0.999999 0.425243 
150
85
926.212
0.999999 -0.000190804 -0.00100851 -0.0297848 0.000189063 0.999998 -0.00172581 0.00639735 0.00100884 0.00172562 0.999998 0.461525 
144
83
1029.09
0.999993 0.00111835 0.00361492 -0.0204968 -0.00111898 0.999999 0.000172703 -9.45997e-06 -0.00361472 -0.000176746 0.999993 0.453856 
143
79
878.407
0.999996 -0.000957376 -0.002505 0.00701809 0.000957501 1 4.85332e-05 -0.000494484 0.00250495 -5.09315e-05 0.999997 0.455772 
144
93
945.947
1 0.000152208 0.000131229 -0.00641162 -0.00015244 0.999998 0.00177166 0.00581338 -0.000130959 -0.00177168 0.999998 0.527523 
143
70
1098.14
0.999994 -0.00101701 -0.0033051 0.0112697 0.00101402 0.999999 -0.00090684 0.00639686 0.00330602 0.000903484 0.999994 0.459408 
132
75
923.87
0.999989 -0.00167165 -0.00445312 -0.00977585 0.00165666 0.999993 -0.00336618 0.00994169 0.00445872 0.00335876 0.999984 0.422029 
141
77
872.218
1 -0.000495014 -0.000400146 0.00622988 0.000494588 0.999999 -0.00106388 0.0060344 0.000400673 0.00106369 0.999999 0.481568 
139
74
1198.03
0.999955 -0.00152339 -0.00933181 0.0313551 0.00139275 0.999901 -0.0139904 0.0541717 0.0093522 0.0139767 0.999859 0.466595 
128
45
1292.59
0.999982 -0.00586327 -0.00113472 0.0159987 0.00586475 0.999982 0.0013065 0.00915477 0.00112704 -0.00131313 0.999999 0.452202 
124
43
768.923
0.999186 -0.0157549 -0.0371238 0.078719 0.0150079 0.999681 -0.0203155 0.0385798 0.037432 0.0197418 0.999104 0.453753 
79
37
812.71
0.998308 -0.000557209 -0.0581504 0.00795547 -0.000339557 0.999881 -0.0154105 0.0179145 0.0581521 0.0154041 0.998189 0.304998 
119
36
1114.08
0.998308 -0.000557209 -0.0581504 0.00795547 -0.000339557 0.999881 -0.0154105 0.0179145 0.0581521 0.0154041 0.998189 0.304998 
133
87
1691.14
0.998308 -0.000557209 -0.0581504 0.00795547 -0.000339557 0.999881 -0.0154105 0.0179145 0.0581521 0.0154041 0.998189 0.304998 
136
82
1461.77
0.998308 -0.000557209 -0.0581504 0.00795547 -0.000339557 0.999881 -0.0154105 0.0179145 0.0581521 0.0154041 0.998189 0.304998 
133
80
1581.99
0.998308 -0.000557209 -0.0581504 0.00795547 -0.000339557 0.999881 -0.0154105 0.0179145 0.0581521 0.0154041 0.998189 0.304998 
140
82
1720.95
0.995503 -0.0124992 -0.0939002 0.101377 0.0109095 0.999789 -0.0174244 0.0153062 0.0940982 0.0163217 0.995429 0.356521 
131
50
668.354
0.999981 0.00102765 -0.00610642 0.0142306 -0.00109805 0.999933 -0.0115369 0.0316283 0.00609416 0.0115434 0.999915 0.449407 
125
51
717.432
0.999976 0.000898854 0.00681224 -0.0112507 -0.00087585 0.999994 -0.00337915 0.0143725 -0.00681524 0.00337311 0.999971 0.444385 
131
51
1293.66
0.99995 0.00311476 0.00945332 -0.0145773 -0.00312403 0.999995 0.000965725 -0.00704481 -0.00945026 -0.000995209 0.999955 0.435465 
127
45
901.622
0.999003 -0.0356068 -0.026942 -2.21548 0.0346152 0.998737 -0.036415 0.106381 0.0282046 0.0354461 0.998974 -0.273022 
92
25
580.497
0.999003 -0.0356068 -0.026942 -2.21548 0.0346152 0.998737 -0.036415 0.106381 0.0282046 0.0354461 0.998974 -0.273022 
136
77
2351.86
0.999003 -0.0356068 -0.026942 -2.21548 0.0346152 0.998737 -0.036415 0.106381 0.0282046 0.0354461 0.998974 -0.273022 
136
79
1470.33
0.999003 -0.0356068 -0.026942 -2.21548 0.0346152 0.998737 -0.036415 0.106381 0.0282046 0.0354461 0.998974 -0.273022 
137
78
1816.8
0.999003 -0.0356068 -0.026942 -2.21548 0.0346152 0.998737 -0.036415 0.106381 0.0282046 0.0354461 0.998974 -0.273022 
143
82
2106.92
0.999003 -0.0356068 -0.026942 -2.21548 0.0346152 0.998737 -0.036415 0.106381 0.0282046 0.0354461 0.998974 -0.273022 
139
77
1945.33
0.999003 -0.0356068 -0.026942 -2.21548 0.0346152 0.998737 -0.036415 0.106381 0.0282046 0.0354461 0.998974 -0.273022 
142
79
1757.29
0.991517 -0.00414338 -0.129914 -0.00859053 0.00570513 0.999916 0.0116515 -0.0127605 0.129855 -0.0122938 0.991457 0.21543 
139
54
1239.14
0.999994 -0.00204313 -0.00292604 -0.00209048 0.00203718 0.999996 -0.00203264 -0.00227444 0.00293018 0.00202666 0.999994 0.435545 
136
63
744.069
0.999997 8.47232e-05 0.00227021 -0.0200914 -9.26545e-05 0.999994 0.00349376 -0.00945455 -0.0022699 -0.00349396 0.999991 0.485792 
125
59
692.298
1 0.000334781 -0.000264895 0.168148 -0.000334931 1 -0.000564172 -0.0949596 0.000264706 0.000564261 1 0.139705 
126
64
427.019
1 -0.000575904 0.00030723 0.00528576 0.000576853 0.999995 -0.00309856 0.000453346 -0.000305444 0.00309874 0.999995 0.424602 
110
54
519.942
1 -0.000575904 0.00030723 0.00528576 0.000576853 0.999995 -0.00309856 0.000453346 -0.000305444 0.00309874 0.999995 0.424602 
122
57
375.181
0.986827 0.00335646 -0.161747 -0.0142484 -0.00321042 0.999994 0.00116427 0.00288927 0.16175 -0.000629656 0.986832 0.0933503 
135
64
1359.77
0.987831 0.00592609 -0.155417 -0.0123826 -0.00665196 0.999969 -0.00415079 0.0167104 0.155387 0.00513411 0.98784 0.13418 
144
62
1794.02
0.999997 -0.00103148 -0.00221041 -0.0111787 0.00102897 0.999999 -0.00113498 -0.00792544 0.00221158 0.0011327 0.999997 0.467426 
128
72
679.426
1 7.30555e-05 -0.000564153 0.00452318 -7.43199e-05 0.999997 -0.00224164 -0.00368709 0.000563988 0.00224168 0.999997 0.451354 
132
79
732.532
0.999999 -0.00110368 0.000871295 -0.00285166 0.00109955 0.999988 0.00472336 -0.0042794 -0.000876498 -0.0047224 0.999988 0.463169 
133
79
713.139
0.999994 -0.00195318 -0.00275013 0.0260948 0.0019476 0.999996 -0.00203094 0.0103622 0.00275408 0.00202557 0.999994 0.44556 
133
72
420.4
0.999997 -0.00134079 -0.0021675 -0.0913129 0.00132807 0.999982 -0.00585998 0.0507112 0.00217531 0.00585708 0.99998 0.499275 
135
72
484.514
0.99999 0.00336449 0.00308682 -0.0421456 -0.00335301 0.999987 -0.00371513 0.00187534 -0.00309928 0.00370474 0.999988 0.46385 
140
73
605.406
0.999998 -0.00109441 -0.00174311 0.014018 0.00109391 0.999999 -0.000285323 0.00899346 0.00174342 0.000283416 0.999998 0.483769 
141
76
1013.15
0.996726 -0.0140244 -0.0796266 0.048357 0.0139741 0.999902 -0.00118895 -0.0166064 0.0796355 7.23503e-05 0.996824 0.304498 
143
59
1018.5
0.996726 -0.0140244 -0.0796266 0.048357 0.0139741 0.999902 -0.00118895 -0.0166064 0.0796355 7.23503e-05 0.996824 0.304498 
144
85
1700.72
0.996726 -0.0140244 -0.0796266 0.048357 0.0139741 0.999902 -0.00118895 -0.0166064 0.0796355 7.23503e-05 0.996824 0.304498 
147
75
1805.01
0.996726 -0.0140244 -0.0796266 0.048357 0.0139741 0.999902 -0.00118895 -0.0166064 0.0796355 7.23503e-05 0.996824 0.304498 
147
88
1577.88
0.996726 -0.0140244 -0.0796266 0.048357 0.0139741 0.999902 -0.00118895 -0.0166064 0.0796355 7.23503e-05 0.996824 0.304498 
150
83
1930.28
0.996726 -0.0140244 -0.0796266 0.048357 0.0139741 0.999902 -0.00118895 -0.0166064 0.0796355 7.23503e-05 0.996824 0.304498 
150
83
2021.83
0.99085 -0.00165508 -0.134957 -0.00990724 0.00214434 0.999992 0.00348002 -0.011883 0.13495 -0.00373757 0.990845 0.18801 
150
74
1603.11
0.999999 0.00020184 0.00164314 -0.00871269 -0.000199969 0.999999 -0.00113886 0.00222375 -0.00164337 0.00113853 0.999998 0.487361 
150
108
547.696
1 0.000113731 0.000716059 -0.00952595 -0.00011108 0.999993 -0.00370079 0.00955921 -0.000716475 0.00370071 0.999993 0.459925 
150
103
801.758
0.999989 0.00133171 0.0043902 -0.0274806 -0.00133279 0.999999 0.000243281 -0.0144069 -0.00438988 -0.000249129 0.99999 0.471715 
147
94
516.426
1 -0.00028592 -0.000899444 0.00762094 0.000285187 1 -0.000815085 -0.00488115 0.000899677 0.000814828 0.999999 0.456997 
150
102
641.66
0.999997 0.000833252 0.00211713 0.00104527 -0.000834992 0.999999 0.000820715 0.00847692 -0.00211645 -0.00082248 0.999997 0.455677 
148
105
737.17
0.999999 0.000407086 0.00110897 -0.0109989 -0.00040699 1 -8.68657e-05 0.0148797 -0.001109 8.64143e-05 0.999999 0.51511 
147
98
550.292
0.999975 -0.00234821 -0.00663238 0.0163314 0.00235531 0.999997 0.00106282 -0.00697397 0.00662986 -0.00107841 0.999977 0.48584 
150
93
614.564
1 -0.000206695 -0.000605403 -0.00690043 0.000204585 0.999994 -0.0034818 0.00781246 0.000606119 0.00348168 0.999994 0.502401 
150
103
845.638
1 0.000370167 0.000711293 0.00554881 -0.000369039 0.999999 -0.00158561 0.007979 -0.000711879 0.00158535 0.999998 0.479112 
150
96
619.795
0.999994 0.00168028 0.00314326 -0.0119035 -0.00168276 0.999998 0.000787442 -0.00485277 -0.00314193 -0.000792726 0.999995 0.463075 
150
93
659.301
0.999996 0.00158577 0.00251034 -0.0298818 -0.00155644 0.999931 -0.0116439 0.0313411 -0.00252863 0.0116399 0.999929 0.465444 
148
95
659.092
0.999998 0.000523344 0.00169856 -0.00831427 -0.000517536 0.999994 -0.00341815 0.019631 -0.00170034 0.00341727 0.999993 0.456558 
144
83
889.177
1 -0.000417698 -0.000544166 0.000945356 0.000417218 1 -0.000882026 -0.00321175 0.000544534 0.000881799 0.999999 0.432694 
150
111
875.071
0.991542 -0.00332574 -0.129747 0.0212489 0.00389504 0.999984 0.00413423 -0.0103487 0.129731 -0.00460463 0.991539 0.214117 
150
73
1287.74
0.991542 -0.00332574 -0.129747 0.0212489 0.00389504 0.999984 0.00413423 -0.0103487 0.129731 -0.00460463 0.991539 0.214117 
150
89
1711.36
