0.999999 -0.000226157 -0.000974771 0.00124134 0.000226603 1 0.000457345 0.131243 0.000974668 -0.000457566 0.999999 0.190909 
126
88
522.04
0.999999 -0.000226157 -0.000974771 0.00124134 0.000226603 1 0.000457345 0.131243 0.000974668 -0.000457566 0.999999 0.190909 
97
73
49.0345
0.999999 -0.000226157 -0.000974771 0.00124134 0.000226603 1 0.000457345 0.131243 0.000974668 -0.000457566 0.999999 0.190909 
107
76
348.988
0.999999 -0.000226157 -0.000974771 0.00124134 0.000226603 1 0.000457345 0.131243 0.000974668 -0.000457566 0.999999 0.190909 
111
65
411.348
1 -0.000309569 0.000450725 0.00760478 0.0003092 1 0.000818809 -0.0129826 -0.000450978 -0.000818669 1 0.662086 
110
69
335.708
1 -0.000309569 0.000450725 0.00760478 0.0003092 1 0.000818809 -0.0129826 -0.000450978 -0.000818669 1 0.662086 
100
68
143.717
1 -0.000309569 0.000450725 0.00760478 0.0003092 1 0.000818809 -0.0129826 -0.000450978 -0.000818669 1 0.662086 
110
70
152.644
1 -0.000309569 0.000450725 0.00760478 0.0003092 1 0.000818809 -0.0129826 -0.000450978 -0.000818669 1 0.662086 
98
68
90.9598
1 -0.000275194 0.000397506 0.0103088 0.000275295 1 -0.000253398 0.00635993 -0.000397437 0.000253508 1 0.575416 
109
70
279.558
1 -0.000275194 0.000397506 0.0103088 0.000275295 1 -0.000253398 0.00635993 -0.000397437 0.000253508 1 0.575416 
97
67
233.913
1 -0.000275194 0.000397506 0.0103088 0.000275295 1 -0.000253398 0.00635993 -0.000397437 0.000253508 1 0.575416 
96
67
198.152
1 -0.000275194 0.000397506 0.0103088 0.000275295 1 -0.000253398 0.00635993 -0.000397437 0.000253508 1 0.575416 
101
66
239.116
1 -0.000361141 0.000415757 0.00836497 0.000361221 1 -0.000191743 -0.00294293 -0.000415688 0.000191893 1 0.61043 
111
74
716.26
1 0.000340751 0.000408164 -0.00151774 -0.000340945 1 0.000476152 0.00827029 -0.000408001 -0.000476291 1 0.662204 
119
71
386.827
0.999996 0.000990947 0.00249263 -0.131446 -0.000987388 0.999998 -0.0014284 0.0425788 -0.00249404 0.00142593 0.999996 0.695215 
129
76
395.346
0.999999 -0.000163749 0.00152641 0.140903 0.000162186 0.999999 0.00102429 -0.0329674 -0.00152658 -0.00102404 0.999998 0.333703 
132
77
510.648
1 0.000269517 0.000604857 -0.169559 -0.00026944 1 -0.000127095 0.0338977 -0.000604891 0.000126932 1 0.245809 
128
70
503.628
1 -4.43263e-05 -0.000213723 0.00362975 4.43144e-05 1 -5.55942e-05 0.00181887 0.000213726 5.55847e-05 1 0.674836 
125
76
1099.74
1 -0.00014046 0.000429091 -0.003289 0.00014022 1 0.000559802 -0.00936363 -0.000429169 -0.000559742 1 0.682183 
127
77
1241.02
0.999998 -0.000582997 -0.00191266 0.00304956 0.000583723 1 0.000379298 -0.00359357 0.00191244 -0.000380413 0.999998 0.706738 
122
79
1223.08
1 6.54864e-05 -7.83901e-05 0.00224128 -6.55069e-05 1 -0.000261419 -0.000938167 7.8373e-05 0.000261424 1 0.791943 
127
77
1106.58
1 6.54864e-05 -7.83901e-05 0.00224128 -6.55069e-05 1 -0.000261419 -0.000938167 7.8373e-05 0.000261424 1 0.791943 
111
78
364.636
0.999994 0.000555247 0.00338236 -0.012783 -0.000554934 1 -9.34571e-05 0.0073171 -0.00338241 9.15796e-05 0.999994 0.753322 
132
73
591.83
0.999994 0.000555247 0.00338236 -0.012783 -0.000554934 1 -9.34571e-05 0.0073171 -0.00338241 9.15796e-05 0.999994 0.753322 
101
70
332.218
0.999999 0.000181134 0.00117134 -0.022213 -0.000180768 1 -0.000311874 0.0221738 -0.0011714 0.000311662 0.999999 0.460616 
109
70
485.576
1 -5.61852e-05 3.40207e-05 0.018678 5.61899e-05 1 -0.000138974 -0.0243319 -3.40129e-05 0.000138976 1 0.645328 
120
84
726.759
1 -5.61852e-05 3.40207e-05 0.018678 5.61899e-05 1 -0.000138974 -0.0243319 -3.40129e-05 0.000138976 1 0.645328 
129
88
266.991
1 -5.61852e-05 3.40207e-05 0.018678 5.61899e-05 1 -0.000138974 -0.0243319 -3.40129e-05 0.000138976 1 0.645328 
111
81
184.68
1 -5.61852e-05 3.40207e-05 0.018678 5.61899e-05 1 -0.000138974 -0.0243319 -3.40129e-05 0.000138976 1 0.645328 
117
83
421.999
1 -5.61852e-05 3.40207e-05 0.018678 5.61899e-05 1 -0.000138974 -0.0243319 -3.40129e-05 0.000138976 1 0.645328 
114
84
208.724
1 -1.70338e-05 0.000934286 0.0171088 1.67008e-05 1 0.000356529 0.000149243 -0.000934292 -0.000356513 0.999999 0.614733 
113
77
204.899
1 -1.70338e-05 0.000934286 0.0171088 1.67008e-05 1 0.000356529 0.000149243 -0.000934292 -0.000356513 0.999999 0.614733 
110
77
204.247
1 -0.000113866 -0.000191203 0.0218431 0.000113912 1 0.00023752 -0.0127863 0.000191176 -0.000237542 1 0.464918 
117
75
462.292
1 -0.000113866 -0.000191203 0.0218431 0.000113912 1 0.00023752 -0.0127863 0.000191176 -0.000237542 1 0.464918 
106
75
178.476
1 -0.000113866 -0.000191203 0.0218431 0.000113912 1 0.00023752 -0.0127863 0.000191176 -0.000237542 1 0.464918 
109
82
224.049
1 0.00011035 0.000129137 0.017464 -0.000110349 1 -2.38346e-06 -0.00645593 -0.000129137 2.36921e-06 1 0.497213 
116
79
380.709
1 0.00011035 0.000129137 0.017464 -0.000110349 1 -2.38346e-06 -0.00645593 -0.000129137 2.36921e-06 1 0.497213 
115
72
250.345
0.999998 3.20646e-05 0.00183927 0.00346142 -3.17667e-05 1 -0.000161992 -0.00232798 -0.00183927 0.000161934 0.999998 0.577039 
103
72
203.323
0.999998 3.20646e-05 0.00183927 0.00346142 -3.17667e-05 1 -0.000161992 -0.00232798 -0.00183927 0.000161934 0.999998 0.577039 
112
77
273.386
0.999998 3.20646e-05 0.00183927 0.00346142 -3.17667e-05 1 -0.000161992 -0.00232798 -0.00183927 0.000161934 0.999998 0.577039 
121
79
291.768
0.999998 3.20646e-05 0.00183927 0.00346142 -3.17667e-05 1 -0.000161992 -0.00232798 -0.00183927 0.000161934 0.999998 0.577039 
102
83
241.123
0.999998 3.20646e-05 0.00183927 0.00346142 -3.17667e-05 1 -0.000161992 -0.00232798 -0.00183927 0.000161934 0.999998 0.577039 
106
70
186.914
0.999998 3.20646e-05 0.00183927 0.00346142 -3.17667e-05 1 -0.000161992 -0.00232798 -0.00183927 0.000161934 0.999998 0.577039 
102
74
143.083
0.999998 3.20646e-05 0.00183927 0.00346142 -3.17667e-05 1 -0.000161992 -0.00232798 -0.00183927 0.000161934 0.999998 0.577039 
104
69
333.117
0.999998 3.20646e-05 0.00183927 0.00346142 -3.17667e-05 1 -0.000161992 -0.00232798 -0.00183927 0.000161934 0.999998 0.577039 
131
82
166.98
0.999998 3.20646e-05 0.00183927 0.00346142 -3.17667e-05 1 -0.000161992 -0.00232798 -0.00183927 0.000161934 0.999998 0.577039 
118
72
219.611
0.999998 3.20646e-05 0.00183927 0.00346142 -3.17667e-05 1 -0.000161992 -0.00232798 -0.00183927 0.000161934 0.999998 0.577039 
102
75
93.3726
0.999998 3.20646e-05 0.00183927 0.00346142 -3.17667e-05 1 -0.000161992 -0.00232798 -0.00183927 0.000161934 0.999998 0.577039 
106
75
143.957
0.999998 3.20646e-05 0.00183927 0.00346142 -3.17667e-05 1 -0.000161992 -0.00232798 -0.00183927 0.000161934 0.999998 0.577039 
109
81
224.929
0.999998 3.20646e-05 0.00183927 0.00346142 -3.17667e-05 1 -0.000161992 -0.00232798 -0.00183927 0.000161934 0.999998 0.577039 
105
75
315.38
0.999998 3.20646e-05 0.00183927 0.00346142 -3.17667e-05 1 -0.000161992 -0.00232798 -0.00183927 0.000161934 0.999998 0.577039 
105
68
117.087
0.999998 3.20646e-05 0.00183927 0.00346142 -3.17667e-05 1 -0.000161992 -0.00232798 -0.00183927 0.000161934 0.999998 0.577039 
116
85
572.943
0.999998 3.20646e-05 0.00183927 0.00346142 -3.17667e-05 1 -0.000161992 -0.00232798 -0.00183927 0.000161934 0.999998 0.577039 
126
82
397.418
0.999998 3.20646e-05 0.00183927 0.00346142 -3.17667e-05 1 -0.000161992 -0.00232798 -0.00183927 0.000161934 0.999998 0.577039 
105
81
33.6212
0.999998 3.20646e-05 0.00183927 0.00346142 -3.17667e-05 1 -0.000161992 -0.00232798 -0.00183927 0.000161934 0.999998 0.577039 
115
79
118.757
1 -0.00050911 -0.000694532 0.0200119 0.000509231 1 0.000174084 -0.0291457 0.000694443 -0.000174438 1 0.637057 
125
89
670.13
1 -0.00050911 -0.000694532 0.0200119 0.000509231 1 0.000174084 -0.0291457 0.000694443 -0.000174438 1 0.637057 
127
90
163.995
1 -0.00050911 -0.000694532 0.0200119 0.000509231 1 0.000174084 -0.0291457 0.000694443 -0.000174438 1 0.637057 
118
86
231.247
1 -0.00050911 -0.000694532 0.0200119 0.000509231 1 0.000174084 -0.0291457 0.000694443 -0.000174438 1 0.637057 
129
68
284.294
0.982961 0.00278073 -0.183796 -0.0445308 -0.00535085 0.999895 -0.0134891 0.0189962 0.183739 0.0142427 0.982872 0.27678 
123
81
1667.39
0.982961 0.00278073 -0.183796 -0.0445308 -0.00535085 0.999895 -0.0134891 0.0189962 0.183739 0.0142427 0.982872 0.27678 
111
73
485.213
0.982961 0.00278073 -0.183796 -0.0445308 -0.00535085 0.999895 -0.0134891 0.0189962 0.183739 0.0142427 0.982872 0.27678 
101
76
190.782
0.982961 0.00278073 -0.183796 -0.0445308 -0.00535085 0.999895 -0.0134891 0.0189962 0.183739 0.0142427 0.982872 0.27678 
116
72
192.734
0.999998 -0.000566585 -0.00174357 0.00643514 0.000566858 1 0.000156107 -0.0125005 0.00174348 -0.000157095 0.999998 0.634775 
113
78
699.691
0.999998 -0.000882109 -0.00194953 0.0377357 0.000882666 1 0.000284918 -0.0137249 0.00194928 -0.000286639 0.999998 0.739088 
115
66
311.904
0.999998 -0.000882109 -0.00194953 0.0377357 0.000882666 1 0.000284918 -0.0137249 0.00194928 -0.000286639 0.999998 0.739088 
114
69
125.365
0.999998 -0.000882109 -0.00194953 0.0377357 0.000882666 1 0.000284918 -0.0137249 0.00194928 -0.000286639 0.999998 0.739088 
89
67
106.1
0.999998 -0.000882109 -0.00194953 0.0377357 0.000882666 1 0.000284918 -0.0137249 0.00194928 -0.000286639 0.999998 0.739088 
114
69
558.11
0.999998 -0.000882109 -0.00194953 0.0377357 0.000882666 1 0.000284918 -0.0137249 0.00194928 -0.000286639 0.999998 0.739088 
110
67
584.692
0.999998 -0.000882109 -0.00194953 0.0377357 0.000882666 1 0.000284918 -0.0137249 0.00194928 -0.000286639 0.999998 0.739088 
108
75
722.438
0.999998 -0.000882109 -0.00194953 0.0377357 0.000882666 1 0.000284918 -0.0137249 0.00194928 -0.000286639 0.999998 0.739088 
106
72
142.647
0.999998 -0.000882109 -0.00194953 0.0377357 0.000882666 1 0.000284918 -0.0137249 0.00194928 -0.000286639 0.999998 0.739088 
91
73
169.058
0.999998 -0.000882109 -0.00194953 0.0377357 0.000882666 1 0.000284918 -0.0137249 0.00194928 -0.000286639 0.999998 0.739088 
103
73
208.258
0.999996 -0.000991582 -0.00253704 0.00172179 0.000991715 1 5.10535e-05 0.00485174 0.00253699 -5.35693e-05 0.999997 0.639588 
108
72
431.749
0.999996 -0.000991582 -0.00253704 0.00172179 0.000991715 1 5.10535e-05 0.00485174 0.00253699 -5.35693e-05 0.999997 0.639588 
93
68
164.818
0.999996 -0.000991582 -0.00253704 0.00172179 0.000991715 1 5.10535e-05 0.00485174 0.00253699 -5.35693e-05 0.999997 0.639588 
104
71
236.561
0.999996 -0.000991582 -0.00253704 0.00172179 0.000991715 1 5.10535e-05 0.00485174 0.00253699 -5.35693e-05 0.999997 0.639588 
109
80
432.965
1 0.000425215 0.000870396 0.00107905 -0.00042534 1 0.000143901 -0.00397756 -0.000870335 -0.000144272 1 0.657084 
128
84
670.024
1 0.000425215 0.000870396 0.00107905 -0.00042534 1 0.000143901 -0.00397756 -0.000870335 -0.000144272 1 0.657084 
108
62
304.719
1 0.000425215 0.000870396 0.00107905 -0.00042534 1 0.000143901 -0.00397756 -0.000870335 -0.000144272 1 0.657084 
101
68
176.855
1 0.000425215 0.000870396 0.00107905 -0.00042534 1 0.000143901 -0.00397756 -0.000870335 -0.000144272 1 0.657084 
108
78
285.371
1 0.000425215 0.000870396 0.00107905 -0.00042534 1 0.000143901 -0.00397756 -0.000870335 -0.000144272 1 0.657084 
109
69
183.86
1 0.000425215 0.000870396 0.00107905 -0.00042534 1 0.000143901 -0.00397756 -0.000870335 -0.000144272 1 0.657084 
98
70
179.319
1 0.000425215 0.000870396 0.00107905 -0.00042534 1 0.000143901 -0.00397756 -0.000870335 -0.000144272 1 0.657084 
105
81
186.449
1 0.000425215 0.000870396 0.00107905 -0.00042534 1 0.000143901 -0.00397756 -0.000870335 -0.000144272 1 0.657084 
102
67
144.073
1 0.000425215 0.000870396 0.00107905 -0.00042534 1 0.000143901 -0.00397756 -0.000870335 -0.000144272 1 0.657084 
106
75
322.001
1 0.000425215 0.000870396 0.00107905 -0.00042534 1 0.000143901 -0.00397756 -0.000870335 -0.000144272 1 0.657084 
104
69
113.862
1 0.000425215 0.000870396 0.00107905 -0.00042534 1 0.000143901 -0.00397756 -0.000870335 -0.000144272 1 0.657084 
109
70
192.055
1 0.000425215 0.000870396 0.00107905 -0.00042534 1 0.000143901 -0.00397756 -0.000870335 -0.000144272 1 0.657084 
110
72
311.211
0.999999 0.000144124 0.00111591 -0.00739114 -0.000143189 1 -0.000837258 0.00565459 -0.00111603 0.000837098 0.999999 0.512986 
123
78
1126.7
0.999999 0.000144124 0.00111591 -0.00739114 -0.000143189 1 -0.000837258 0.00565459 -0.00111603 0.000837098 0.999999 0.512986 
107
73
178.589
0.999999 0.000144124 0.00111591 -0.00739114 -0.000143189 1 -0.000837258 0.00565459 -0.00111603 0.000837098 0.999999 0.512986 
127
82
432.523
0.999999 0.000144124 0.00111591 -0.00739114 -0.000143189 1 -0.000837258 0.00565459 -0.00111603 0.000837098 0.999999 0.512986 
112
76
658.119
0.999999 0.000144124 0.00111591 -0.00739114 -0.000143189 1 -0.000837258 0.00565459 -0.00111603 0.000837098 0.999999 0.512986 
107
72
251.263
0.999999 0.000144124 0.00111591 -0.00739114 -0.000143189 1 -0.000837258 0.00565459 -0.00111603 0.000837098 0.999999 0.512986 
116
74
183.388
0.999999 0.000144124 0.00111591 -0.00739114 -0.000143189 1 -0.000837258 0.00565459 -0.00111603 0.000837098 0.999999 0.512986 
112
77
322.154
0.999999 0.000144124 0.00111591 -0.00739114 -0.000143189 1 -0.000837258 0.00565459 -0.00111603 0.000837098 0.999999 0.512986 
115
76
287.081
0.999999 0.000144124 0.00111591 -0.00739114 -0.000143189 1 -0.000837258 0.00565459 -0.00111603 0.000837098 0.999999 0.512986 
106
74
243.56
0.999999 0.000144124 0.00111591 -0.00739114 -0.000143189 1 -0.000837258 0.00565459 -0.00111603 0.000837098 0.999999 0.512986 
118
67
336.106
0.999999 0.000144124 0.00111591 -0.00739114 -0.000143189 1 -0.000837258 0.00565459 -0.00111603 0.000837098 0.999999 0.512986 
100
76
107.644
0.999999 0.000144124 0.00111591 -0.00739114 -0.000143189 1 -0.000837258 0.00565459 -0.00111603 0.000837098 0.999999 0.512986 
100
71
199.973
0.999999 0.000144124 0.00111591 -0.00739114 -0.000143189 1 -0.000837258 0.00565459 -0.00111603 0.000837098 0.999999 0.512986 
116
87
617.515
1 0.000254745 0.000380753 0.0129337 -0.000254898 1 0.0004023 -0.0165941 -0.000380651 -0.000402397 1 0.641294 
118
82
627.028
1 0.000254745 0.000380753 0.0129337 -0.000254898 1 0.0004023 -0.0165941 -0.000380651 -0.000402397 1 0.641294 
98
74
170.205
1 0.000254745 0.000380753 0.0129337 -0.000254898 1 0.0004023 -0.0165941 -0.000380651 -0.000402397 1 0.641294 
103
77
122.091
1 0.000254745 0.000380753 0.0129337 -0.000254898 1 0.0004023 -0.0165941 -0.000380651 -0.000402397 1 0.641294 
118
84
209.17
1 0.000254745 0.000380753 0.0129337 -0.000254898 1 0.0004023 -0.0165941 -0.000380651 -0.000402397 1 0.641294 
110
77
494.774
1 0.000254745 0.000380753 0.0129337 -0.000254898 1 0.0004023 -0.0165941 -0.000380651 -0.000402397 1 0.641294 
108
74
155.199
1 0.000254745 0.000380753 0.0129337 -0.000254898 1 0.0004023 -0.0165941 -0.000380651 -0.000402397 1 0.641294 
104
77
157.152
1 0.000254745 0.000380753 0.0129337 -0.000254898 1 0.0004023 -0.0165941 -0.000380651 -0.000402397 1 0.641294 
116
83
426.838
1 0.000254745 0.000380753 0.0129337 -0.000254898 1 0.0004023 -0.0165941 -0.000380651 -0.000402397 1 0.641294 
122
74
222.909
1 0.000254745 0.000380753 0.0129337 -0.000254898 1 0.0004023 -0.0165941 -0.000380651 -0.000402397 1 0.641294 
104
82
247.523
1 0.000254745 0.000380753 0.0129337 -0.000254898 1 0.0004023 -0.0165941 -0.000380651 -0.000402397 1 0.641294 
102
77
108.526
1 0.000254745 0.000380753 0.0129337 -0.000254898 1 0.0004023 -0.0165941 -0.000380651 -0.000402397 1 0.641294 
107
82
150.732
1 0.000254745 0.000380753 0.0129337 -0.000254898 1 0.0004023 -0.0165941 -0.000380651 -0.000402397 1 0.641294 
106
81
184.721
1 0.000254745 0.000380753 0.0129337 -0.000254898 1 0.0004023 -0.0165941 -0.000380651 -0.000402397 1 0.641294 
109
78
633.194
1 0.000254745 0.000380753 0.0129337 -0.000254898 1 0.0004023 -0.0165941 -0.000380651 -0.000402397 1 0.641294 
112
78
241.779
1 0.000254745 0.000380753 0.0129337 -0.000254898 1 0.0004023 -0.0165941 -0.000380651 -0.000402397 1 0.641294 
114
80
168.142
1 0.000254745 0.000380753 0.0129337 -0.000254898 1 0.0004023 -0.0165941 -0.000380651 -0.000402397 1 0.641294 
123
75
717.131
1 0.000254745 0.000380753 0.0129337 -0.000254898 1 0.0004023 -0.0165941 -0.000380651 -0.000402397 1 0.641294 
111
80
71.1926
1 0.000254745 0.000380753 0.0129337 -0.000254898 1 0.0004023 -0.0165941 -0.000380651 -0.000402397 1 0.641294 
110
76
194.326
1 0.000254745 0.000380753 0.0129337 -0.000254898 1 0.0004023 -0.0165941 -0.000380651 -0.000402397 1 0.641294 
99
77
199.414
0.999999 0.000316808 0.000960614 -0.0317627 -0.000317239 1 0.000448234 0.0214123 -0.000960472 -0.000448538 0.999999 0.65589 
116
86
426.405
0.999999 0.000316808 0.000960614 -0.0317627 -0.000317239 1 0.000448234 0.0214123 -0.000960472 -0.000448538 0.999999 0.65589 
120
80
489.577
0.999999 0.000316808 0.000960614 -0.0317627 -0.000317239 1 0.000448234 0.0214123 -0.000960472 -0.000448538 0.999999 0.65589 
115
75
340.645
0.999999 0.000316808 0.000960614 -0.0317627 -0.000317239 1 0.000448234 0.0214123 -0.000960472 -0.000448538 0.999999 0.65589 
109
82
286.863
0.999999 0.000316808 0.000960614 -0.0317627 -0.000317239 1 0.000448234 0.0214123 -0.000960472 -0.000448538 0.999999 0.65589 
112
84
160.086
0.999999 0.000316808 0.000960614 -0.0317627 -0.000317239 1 0.000448234 0.0214123 -0.000960472 -0.000448538 0.999999 0.65589 
110
87
285.758
0.999999 0.000316808 0.000960614 -0.0317627 -0.000317239 1 0.000448234 0.0214123 -0.000960472 -0.000448538 0.999999 0.65589 
114
84
102.267
0.999999 0.000316808 0.000960614 -0.0317627 -0.000317239 1 0.000448234 0.0214123 -0.000960472 -0.000448538 0.999999 0.65589 
103
75
115.015
0.999999 0.000316808 0.000960614 -0.0317627 -0.000317239 1 0.000448234 0.0214123 -0.000960472 -0.000448538 0.999999 0.65589 
126
89
260.168
0.999999 0.000316808 0.000960614 -0.0317627 -0.000317239 1 0.000448234 0.0214123 -0.000960472 -0.000448538 0.999999 0.65589 
117
84
237.398
0.985531 0.000205663 -0.169494 -0.0392865 -0.000627343 0.999997 -0.00243433 0.00191251 0.169493 0.00250544 0.985528 0.277114 
132
80
1497.79
0.985531 0.000205663 -0.169494 -0.0392865 -0.000627343 0.999997 -0.00243433 0.00191251 0.169493 0.00250544 0.985528 0.277114 
115
84
407.493
0.985531 0.000205663 -0.169494 -0.0392865 -0.000627343 0.999997 -0.00243433 0.00191251 0.169493 0.00250544 0.985528 0.277114 
104
87
143.462
0.985531 0.000205663 -0.169494 -0.0392865 -0.000627343 0.999997 -0.00243433 0.00191251 0.169493 0.00250544 0.985528 0.277114 
105
74
187.329
0.985531 0.000205663 -0.169494 -0.0392865 -0.000627343 0.999997 -0.00243433 0.00191251 0.169493 0.00250544 0.985528 0.277114 
106
81
178.342
0.985531 0.000205663 -0.169494 -0.0392865 -0.000627343 0.999997 -0.00243433 0.00191251 0.169493 0.00250544 0.985528 0.277114 
113
79
314.872
0.999999 -0.000806717 -0.0013834 0.00607797 0.000805767 0.999999 -0.000687344 -0.00218914 0.00138395 0.000686228 0.999999 0.604072 
123
84
830.892
1 0.000107882 -0.000386883 -0.000535199 -0.000107724 1 0.000408118 -0.0121056 0.000386927 -0.000408077 1 0.742005 
110
83
665.649
1 0.000321274 0.000543521 0.0219343 -0.00032125 1 -4.35607e-05 -0.0336696 -0.000543535 4.3386e-05 1 0.597921 
101
78
187.139
1 0.000321274 0.000543521 0.0219343 -0.00032125 1 -4.35607e-05 -0.0336696 -0.000543535 4.3386e-05 1 0.597921 
110
80
49.7472
0.999999 0.000556605 0.000891558 -0.000962358 -0.000556955 1 0.000392059 -0.00461367 -0.00089134 -0.000392556 1 0.72739 
105
80
314.997
0.999999 0.000556605 0.000891558 -0.000962358 -0.000556955 1 0.000392059 -0.00461367 -0.00089134 -0.000392556 1 0.72739 
101
71
102.127
0.999999 0.000556605 0.000891558 -0.000962358 -0.000556955 1 0.000392059 -0.00461367 -0.00089134 -0.000392556 1 0.72739 
115
83
223.47
0.999999 0.000556605 0.000891558 -0.000962358 -0.000556955 1 0.000392059 -0.00461367 -0.00089134 -0.000392556 1 0.72739 
107
78
324.416
1 -0.000158416 -0.000884685 -0.000875146 0.00015865 1 0.000264281 -0.00916808 0.000884643 -0.000264421 1 0.636814 
109
82
266.923
1 -0.000158416 -0.000884685 -0.000875146 0.00015865 1 0.000264281 -0.00916808 0.000884643 -0.000264421 1 0.636814 
119
82
299.586
1 -0.000158416 -0.000884685 -0.000875146 0.00015865 1 0.000264281 -0.00916808 0.000884643 -0.000264421 1 0.636814 
117
78
599.651
1 -0.000158416 -0.000884685 -0.000875146 0.00015865 1 0.000264281 -0.00916808 0.000884643 -0.000264421 1 0.636814 
121
81
81.6947
1 -0.000158416 -0.000884685 -0.000875146 0.00015865 1 0.000264281 -0.00916808 0.000884643 -0.000264421 1 0.636814 
101
78
314.571
1 -0.000158416 -0.000884685 -0.000875146 0.00015865 1 0.000264281 -0.00916808 0.000884643 -0.000264421 1 0.636814 
122
76
225.148
1 -0.000158416 -0.000884685 -0.000875146 0.00015865 1 0.000264281 -0.00916808 0.000884643 -0.000264421 1 0.636814 
99
76
174.007
1 -0.000158416 -0.000884685 -0.000875146 0.00015865 1 0.000264281 -0.00916808 0.000884643 -0.000264421 1 0.636814 
107
82
178.379
1 8.11641e-05 0.00082585 -0.00254045 -8.08716e-05 1 -0.000354264 -0.010511 -0.000825879 0.000354197 1 0.61713 
116
84
567.583
1 8.11641e-05 0.00082585 -0.00254045 -8.08716e-05 1 -0.000354264 -0.010511 -0.000825879 0.000354197 1 0.61713 
100
77
196.689
1 8.11641e-05 0.00082585 -0.00254045 -8.08716e-05 1 -0.000354264 -0.010511 -0.000825879 0.000354197 1 0.61713 
104
82
168.766
1 8.11641e-05 0.00082585 -0.00254045 -8.08716e-05 1 -0.000354264 -0.010511 -0.000825879 0.000354197 1 0.61713 
100
82
159.348
1 8.11641e-05 0.00082585 -0.00254045 -8.08716e-05 1 -0.000354264 -0.010511 -0.000825879 0.000354197 1 0.61713 
106
74
152.767
1 8.11641e-05 0.00082585 -0.00254045 -8.08716e-05 1 -0.000354264 -0.010511 -0.000825879 0.000354197 1 0.61713 
104
77
219.51
1 8.11641e-05 0.00082585 -0.00254045 -8.08716e-05 1 -0.000354264 -0.010511 -0.000825879 0.000354197 1 0.61713 
102
83
310.076
0.999996 0.000798428 0.00257238 -0.00950118 -0.000799114 1 0.000265402 -0.00836047 -0.00257217 -0.000267456 0.999997 0.659071 
118
86
776.078
0.999996 0.000798428 0.00257238 -0.00950118 -0.000799114 1 0.000265402 -0.00836047 -0.00257217 -0.000267456 0.999997 0.659071 
107
82
202.505
1 0.000189518 0.000678436 -0.0188748 -0.000189243 1 -0.000406263 0.01175 -0.000678512 0.000406134 1 0.586 
104
88
290.043
1 0.000189518 0.000678436 -0.0188748 -0.000189243 1 -0.000406263 0.01175 -0.000678512 0.000406134 1 0.586 
108
85
227.83
1 0.000189518 0.000678436 -0.0188748 -0.000189243 1 -0.000406263 0.01175 -0.000678512 0.000406134 1 0.586 
103
81
198.73
1 0.000189518 0.000678436 -0.0188748 -0.000189243 1 -0.000406263 0.01175 -0.000678512 0.000406134 1 0.586 
104
79
188.809
1 0.000189518 0.000678436 -0.0188748 -0.000189243 1 -0.000406263 0.01175 -0.000678512 0.000406134 1 0.586 
117
80
696.981
1 0.000189518 0.000678436 -0.0188748 -0.000189243 1 -0.000406263 0.01175 -0.000678512 0.000406134 1 0.586 
116
85
1009.29
1 0.000189518 0.000678436 -0.0188748 -0.000189243 1 -0.000406263 0.01175 -0.000678512 0.000406134 1 0.586 
109
85
362.925
1 0.000189518 0.000678436 -0.0188748 -0.000189243 1 -0.000406263 0.01175 -0.000678512 0.000406134 1 0.586 
108
86
210.365
1 0.000189518 0.000678436 -0.0188748 -0.000189243 1 -0.000406263 0.01175 -0.000678512 0.000406134 1 0.586 
113
84
276.574
1 0.000189518 0.000678436 -0.0188748 -0.000189243 1 -0.000406263 0.01175 -0.000678512 0.000406134 1 0.586 
103
76
130.683
1 0.000189518 0.000678436 -0.0188748 -0.000189243 1 -0.000406263 0.01175 -0.000678512 0.000406134 1 0.586 
108
82
87.1207
1 0.000189518 0.000678436 -0.0188748 -0.000189243 1 -0.000406263 0.01175 -0.000678512 0.000406134 1 0.586 
104
77
96.2381
1 0.000189518 0.000678436 -0.0188748 -0.000189243 1 -0.000406263 0.01175 -0.000678512 0.000406134 1 0.586 
121
79
197.314
1 0.000189518 0.000678436 -0.0188748 -0.000189243 1 -0.000406263 0.01175 -0.000678512 0.000406134 1 0.586 
105
83
72.5116
1 -0.000249074 -0.000567 -0.000423261 0.000249116 1 7.30684e-05 -0.00276232 0.000566982 -7.32097e-05 1 0.42918 
106
75
218.11
1 -0.000249074 -0.000567 -0.000423261 0.000249116 1 7.30684e-05 -0.00276232 0.000566982 -7.32097e-05 1 0.42918 
110
86
308.559
1 -0.000249074 -0.000567 -0.000423261 0.000249116 1 7.30684e-05 -0.00276232 0.000566982 -7.32097e-05 1 0.42918 
104
81
144.539
1 0.000314912 0.000198302 -0.0450055 -0.000314964 1 0.000261639 -0.00386275 -0.00019822 -0.000261701 1 0.675262 
116
79
347.109
1 0.000314912 0.000198302 -0.0450055 -0.000314964 1 0.000261639 -0.00386275 -0.00019822 -0.000261701 1 0.675262 
117
79
301.619
1 0.000314912 0.000198302 -0.0450055 -0.000314964 1 0.000261639 -0.00386275 -0.00019822 -0.000261701 1 0.675262 
114
86
236.254
1 0.000314912 0.000198302 -0.0450055 -0.000314964 1 0.000261639 -0.00386275 -0.00019822 -0.000261701 1 0.675262 
105
85
169.587
0.999995 0.000535331 0.00314806 -0.00504457 -0.000532917 1 -0.000767873 -0.00802785 -0.00314847 0.000766192 0.999995 0.570439 
118
83
370.282
0.999995 0.000535331 0.00314806 -0.00504457 -0.000532917 1 -0.000767873 -0.00802785 -0.00314847 0.000766192 0.999995 0.570439 
125
83
294.89
0.996401 -0.00159061 -0.0847523 -0.0220986 0.0010018 0.999975 -0.00698943 0.0113498 0.0847613 0.00687937 0.996378 0.43583 
130
63
888.827
0.996401 -0.00159061 -0.0847523 -0.0220986 0.0010018 0.999975 -0.00698943 0.0113498 0.0847613 0.00687937 0.996378 0.43583 
126
76
1682.46
0.996401 -0.00159061 -0.0847523 -0.0220986 0.0010018 0.999975 -0.00698943 0.0113498 0.0847613 0.00687937 0.996378 0.43583 
132
75
1963.64
0.996401 -0.00159061 -0.0847523 -0.0220986 0.0010018 0.999975 -0.00698943 0.0113498 0.0847613 0.00687937 0.996378 0.43583 
119
76
1582.01
0.996401 -0.00159061 -0.0847523 -0.0220986 0.0010018 0.999975 -0.00698943 0.0113498 0.0847613 0.00687937 0.996378 0.43583 
126
70
1754.66
0.996401 -0.00159061 -0.0847523 -0.0220986 0.0010018 0.999975 -0.00698943 0.0113498 0.0847613 0.00687937 0.996378 0.43583 
113
68
1447.56
0.954285 0.00797875 -0.298792 -0.0104216 -0.0081318 0.999967 0.00073102 0.000447027 0.298788 0.00173211 0.954318 0.0605165 
114
63
1802.18
0.954285 0.00797875 -0.298792 -0.0104216 -0.0081318 0.999967 0.00073102 0.000447027 0.298788 0.00173211 0.954318 0.0605165 
98
57
263.573
0.954285 0.00797875 -0.298792 -0.0104216 -0.0081318 0.999967 0.00073102 0.000447027 0.298788 0.00173211 0.954318 0.0605165 
97
73
165.904
0.954285 0.00797875 -0.298792 -0.0104216 -0.0081318 0.999967 0.00073102 0.000447027 0.298788 0.00173211 0.954318 0.0605165 
109
67
517.245
0.954285 0.00797875 -0.298792 -0.0104216 -0.0081318 0.999967 0.00073102 0.000447027 0.298788 0.00173211 0.954318 0.0605165 
108
73
552.681
0.954285 0.00797875 -0.298792 -0.0104216 -0.0081318 0.999967 0.00073102 0.000447027 0.298788 0.00173211 0.954318 0.0605165 
112
68
187.475
0.954285 0.00797875 -0.298792 -0.0104216 -0.0081318 0.999967 0.00073102 0.000447027 0.298788 0.00173211 0.954318 0.0605165 
95
70
593.018
1 -8.57722e-05 -0.000723259 -0.00324792 8.55693e-05 1 -0.000280475 -0.0010358 0.000723283 0.000280413 1 0.632145 
104
78
565.874
