0.999999 -0.000909779 0.00108214 -0.0452222 0.000919196 0.999961 -0.00873429 0.00658683 -0.00107415 0.00873528 0.999961 0.387165 
147
79
732.19
0.999997 -0.000651344 -0.00223513 0.000308981 0.000654081 0.999999 0.00122376 -0.00530765 0.00223433 -0.00122522 0.999997 0.462352 
144
88
885.466
1 -0.000139948 -0.000552819 -0.008283 0.000139617 1 -0.000599541 -0.00466996 0.000552903 0.000599464 1 0.441733 
150
88
992.835
0.999904 -0.0023971 0.0136476 0.0369188 0.00121671 0.996307 0.0858505 -0.0263831 -0.013803 -0.0858257 0.996215 0.517475 
145
54
911.233
0.972379 0.00427227 0.233368 -0.0263244 0.0110276 0.997875 -0.0642168 -0.00730913 -0.233147 0.0650166 0.970266 -0.0749957 
147
58
1927.54
0.972379 0.00427227 0.233368 -0.0263244 0.0110276 0.997875 -0.0642168 -0.00730913 -0.233147 0.0650166 0.970266 -0.0749957 
150
82
1189.72
0.972379 0.00427227 0.233368 -0.0263244 0.0110276 0.997875 -0.0642168 -0.00730913 -0.233147 0.0650166 0.970266 -0.0749957 
150
76
1294.8
0.972379 0.00427227 0.233368 -0.0263244 0.0110276 0.997875 -0.0642168 -0.00730913 -0.233147 0.0650166 0.970266 -0.0749957 
150
75
1401.99
0.999394 0.00116519 0.0347843 0.00600741 -0.000361664 0.999733 -0.0230975 0.0370059 -0.0348019 0.0230709 0.999128 0.370427 
145
51
818.188
1 0.000104024 3.1998e-05 -0.021785 -0.000104005 1 -0.000591884 -0.000983118 -3.20596e-05 0.00059188 1 0.446022 
141
86
773.209
0.999999 8.71061e-05 0.00134333 -0.00694796 -8.66239e-05 1 -0.000358958 -0.00135333 -0.00134336 0.000358841 0.999999 0.446285 
141
81
876.944
1 0.00018416 0.000531105 -0.0262794 -0.000184451 1 0.000547946 0.00247938 -0.000531004 -0.000548044 1 0.504281 
131
73
537.693
0.999999 0.000406712 0.00117425 0.0116726 -0.000401727 0.999991 -0.00424269 0.0109557 -0.00117596 0.00424221 0.99999 0.439877 
135
75
899.936
0.999993 9.11634e-05 0.00376482 0.0104402 -7.18421e-05 0.999987 -0.00513189 -0.00503246 -0.00376524 0.00513159 0.99998 0.43417 
144
78
1073.73
1 -0.000133772 -0.000705044 -0.00768846 0.000133184 1 -0.000833886 -0.0046251 0.000705156 0.000833792 0.999999 0.444545 
137
64
1197.52
0.999999 0.0005058 0.00118972 -0.0199758 -0.000505983 1 0.000153644 0.00877201 -0.00118964 -0.000154246 0.999999 0.461572 
136
55
1056.06
0.999321 -0.00769203 0.0360314 0.0224117 0.0078781 0.999956 -0.00502505 0.0289038 -0.0359912 0.0053055 0.999338 0.336831 
138
41
1024.34
0.999321 -0.00769203 0.0360314 0.0224117 0.0078781 0.999956 -0.00502505 0.0289038 -0.0359912 0.0053055 0.999338 0.336831 
140
70
1122.16
0.999321 -0.00769203 0.0360314 0.0224117 0.0078781 0.999956 -0.00502505 0.0289038 -0.0359912 0.0053055 0.999338 0.336831 
144
71
1188.64
0.999321 -0.00769203 0.0360314 0.0224117 0.0078781 0.999956 -0.00502505 0.0289038 -0.0359912 0.0053055 0.999338 0.336831 
144
84
1444.19
0.999321 -0.00769203 0.0360314 0.0224117 0.0078781 0.999956 -0.00502505 0.0289038 -0.0359912 0.0053055 0.999338 0.336831 
146
86
1402.5
0.990598 -0.000657426 0.136802 0.0230595 0.000837682 0.999999 -0.00126007 0.0101773 -0.136801 0.00136282 0.990598 0.159345 
144
72
1030.41
1 -0.000174055 -7.23149e-05 0.00190743 0.000173899 0.999998 -0.00216045 0.00595053 7.26908e-05 0.00216044 0.999998 0.505077 
138
77
553.933
0.999999 -0.0002203 -0.00157086 -0.0156163 0.000218131 0.999999 -0.00138057 -0.0137261 0.00157117 0.00138022 0.999998 0.446456 
142
72
676.477
1 -0.00082973 0.000385047 -0.00235355 0.000830211 0.999999 -0.00125106 -0.00424867 -0.000384009 0.00125138 0.999999 0.48578 
134
83
751.874
0.999998 -0.00124885 -0.00140304 0.00260518 0.00124952 0.999999 0.000480649 -0.00547897 0.00140244 -0.000482402 0.999999 0.440926 
135
77
928.946
0.999995 -0.000516049 -0.00298188 -0.0147294 0.000493164 0.99997 -0.00767029 0.0128519 0.00298575 0.00766878 0.999966 0.45305 
140
79
483.483
0.999994 0.00218773 -0.00276755 -0.00586659 -0.00216881 0.999974 0.00682225 0.00434611 0.00278241 -0.00681621 0.999973 0.477867 
131
68
728.692
0.999998 -0.000862597 -0.00163368 -0.000134505 0.000866272 0.999997 0.00225039 -0.00457782 0.00163173 -0.0022518 0.999996 0.469587 
131
76
494.908
0.997342 0.00162003 0.0728459 -0.0159924 -0.00145784 0.999996 -0.00227961 -3.92523e-05 -0.0728493 0.00216736 0.997341 0.295804 
142
57
801.47
0.997342 0.00162003 0.0728459 -0.0159924 -0.00145784 0.999996 -0.00227961 -3.92523e-05 -0.0728493 0.00216736 0.997341 0.295804 
143
68
1107.76
0.997342 0.00162003 0.0728459 -0.0159924 -0.00145784 0.999996 -0.00227961 -3.92523e-05 -0.0728493 0.00216736 0.997341 0.295804 
150
69
1210.47
0.997342 0.00162003 0.0728459 -0.0159924 -0.00145784 0.999996 -0.00227961 -3.92523e-05 -0.0728493 0.00216736 0.997341 0.295804 
150
71
1286.49
0.997342 0.00162003 0.0728459 -0.0159924 -0.00145784 0.999996 -0.00227961 -3.92523e-05 -0.0728493 0.00216736 0.997341 0.295804 
150
69
1511.24
0.997342 0.00162003 0.0728459 -0.0159924 -0.00145784 0.999996 -0.00227961 -3.92523e-05 -0.0728493 0.00216736 0.997341 0.295804 
150
79
1279.55
0.997979 0.0107798 0.062624 -0.0173366 -0.0107221 0.999942 -0.00125673 0.0219953 -0.0626339 0.000582731 0.998036 0.360241 
147
57
1046.09
0.999999 -5.25155e-05 -0.00150443 -0.0108523 5.40875e-05 0.999999 0.00104491 -0.0118554 0.00150438 -0.00104499 0.999998 0.438512 
146
72
774.407
0.999997 2.71473e-05 -0.00231371 -0.0503702 -2.69292e-05 1 9.43195e-05 -0.0521168 0.00231371 -9.42569e-05 0.999997 0.418608 
144
68
700.086
1 0.000247954 -0.000410887 -0.00589684 -0.000247713 1 0.000587901 -0.00158727 0.000411033 -0.000587799 1 0.452635 
140
71
703.342
0.999999 0.000182718 0.00122225 0.0652467 -0.000174482 0.999977 -0.00673498 0.0536113 -0.00122345 0.00673477 0.999977 0.505846 
130
65
536.508
0.999996 0.000230156 0.00265944 -0.0145109 -0.000226004 0.999999 -0.00156141 0.00803831 -0.00265979 0.00156081 0.999995 0.463914 
140
71
760.476
0.981488 -0.000965567 0.191521 -0.01517 0.000472038 0.999996 0.00262249 -0.00439332 -0.191523 -0.00248354 0.981485 0.0736745 
147
69
1524.58
0.981488 -0.000965567 0.191521 -0.01517 0.000472038 0.999996 0.00262249 -0.00439332 -0.191523 -0.00248354 0.981485 0.0736745 
147
68
1531.79
0.981488 -0.000965567 0.191521 -0.01517 0.000472038 0.999996 0.00262249 -0.00439332 -0.191523 -0.00248354 0.981485 0.0736745 
150
65
1524.21
0.981488 -0.000965567 0.191521 -0.01517 0.000472038 0.999996 0.00262249 -0.00439332 -0.191523 -0.00248354 0.981485 0.0736745 
147
68
1305.83
0.981488 -0.000965567 0.191521 -0.01517 0.000472038 0.999996 0.00262249 -0.00439332 -0.191523 -0.00248354 0.981485 0.0736745 
150
77
1450.39
0.981488 -0.000965567 0.191521 -0.01517 0.000472038 0.999996 0.00262249 -0.00439332 -0.191523 -0.00248354 0.981485 0.0736745 
150
72
1179.03
0.981488 -0.000965567 0.191521 -0.01517 0.000472038 0.999996 0.00262249 -0.00439332 -0.191523 -0.00248354 0.981485 0.0736745 
150
80
1334.16
0.99975 0.000215603 0.0223581 0.0152985 -0.000149651 0.999996 -0.00295141 -0.0106023 -0.0223587 0.00294732 0.999746 0.415367 
150
76
934.762
0.999999 0.00024064 0.00121776 -0.000585607 -0.000238097 0.999998 -0.00208773 -0.000705293 -0.00121826 0.00208744 0.999997 0.47498 
150
99
954.337
0.99959 0.00218391 0.0285491 -0.0895289 -0.00426453 0.997321 0.0730221 0.0391071 -0.0283132 -0.073114 0.996922 0.495526 
145
50
1007.43
0.991996 -0.0116571 0.125731 0.0475217 0.0210423 0.997067 -0.073578 -0.00619042 -0.124504 0.0756348 0.989332 0.126035 
150
76
1238.73
0.999997 -0.000623419 -0.00245736 0.0198289 0.000622072 1 -0.000548818 -0.00105831 0.0024577 0.000547287 0.999997 0.494612 
150
91
685.602
1 -0.000154171 -0.000351753 -0.00834298 0.000154256 1 0.000240133 -0.00222215 0.000351716 -0.000240187 1 0.483468 
150
97
785.646
1 4.84814e-05 -0.000233291 -0.000380157 -4.86805e-05 1 -0.000853381 0.000294793 0.000233249 0.000853393 1 0.454403 
148
101
764.492
1 -0.000210955 -0.000782579 0.0320427 0.00020973 0.999999 -0.00156479 0.00821608 0.000782908 0.00156463 0.999998 0.447629 
147
94
618.375
1 0.000146414 6.30869e-05 -0.0030926 -0.000146357 1 -0.000898274 0.00864113 -6.32184e-05 0.000898265 1 0.455165 
145
106
707.838
1 1.64573e-05 -0.000748648 -0.0203914 -1.80119e-05 0.999998 -0.00207656 0.0144409 0.000748612 0.00207658 0.999998 0.440328 
144
86
687.734
0.999386 -0.00169763 -0.0349849 0.00575403 0.00153724 0.999988 -0.00461089 0.00184702 0.0349923 0.00455428 0.999377 0.382981 
145
73
647.781
0.999386 -0.00169763 -0.0349849 0.00575403 0.00153724 0.999988 -0.00461089 0.00184702 0.0349923 0.00455428 0.999377 0.382981 
150
71
1157.08
0.999386 -0.00169763 -0.0349849 0.00575403 0.00153724 0.999988 -0.00461089 0.00184702 0.0349923 0.00455428 0.999377 0.382981 
150
77
1255.91
0.999386 -0.00169763 -0.0349849 0.00575403 0.00153724 0.999988 -0.00461089 0.00184702 0.0349923 0.00455428 0.999377 0.382981 
150
73
1250.98
0.999386 -0.00169763 -0.0349849 0.00575403 0.00153724 0.999988 -0.00461089 0.00184702 0.0349923 0.00455428 0.999377 0.382981 
150
68
1204.62
0.976846 -0.000221486 -0.213943 -0.0451629 -0.00110164 0.999981 -0.00606524 -0.0158754 0.21394 0.00616049 0.976827 0.110256 
150
69
1298.64
0.999958 0.000582119 -0.00915156 -0.00583218 -0.000634453 0.999983 -0.00571669 0.0128856 0.00914808 0.00572226 0.999942 0.441536 
150
75
598.03
1 0.000155585 -2.46425e-05 -0.00142926 -0.000155592 1 -0.000260053 0.00263931 2.4602e-05 0.000260056 1 0.468854 
149
94
783.766
1 0.000274823 -0.000191225 -0.0100954 -0.000274345 0.999997 0.00249889 -0.010925 0.000191911 -0.00249884 0.999997 0.46594 
148
100
746.677
0.999998 -5.5469e-05 -0.00201768 0.00810252 5.40253e-05 1 -0.000715556 -0.0100274 0.00201771 0.000715445 0.999998 0.424359 
150
85
634.116
0.999994 -0.00110213 -0.00316286 -0.00289579 0.00110161 0.999999 -0.000164747 0.00421379 0.00316304 0.000161262 0.999995 0.479753 
145
93
543.854
0.999146 2.05517e-05 -0.0413077 -0.0254365 0.000918178 0.999742 0.0227062 -0.0141167 0.0412975 -0.0227248 0.998888 0.379927 
149
66
691.757
0.999146 2.05517e-05 -0.0413077 -0.0254365 0.000918178 0.999742 0.0227062 -0.0141167 0.0412975 -0.0227248 0.998888 0.379927 
150
76
1284.55
0.999146 2.05517e-05 -0.0413077 -0.0254365 0.000918178 0.999742 0.0227062 -0.0141167 0.0412975 -0.0227248 0.998888 0.379927 
150
75
1303.64
0.999146 2.05517e-05 -0.0413077 -0.0254365 0.000918178 0.999742 0.0227062 -0.0141167 0.0412975 -0.0227248 0.998888 0.379927 
150
74
1624.9
0.985232 -0.0018825 -0.171213 0.000601985 -0.000277767 0.999921 -0.0125926 0.00944166 0.171223 0.0124542 0.985154 0.113762 
150
71
1473.82
0.999994 -0.00224917 -0.00243989 -0.00917166 0.00226717 0.99997 0.00739895 0.0150204 0.00242317 -0.00740444 0.99997 0.469835 
148
64
754.801
1 2.19595e-05 0.000122523 0.0238645 -2.20166e-05 1 0.000466391 -0.0116953 -0.000122513 -0.000466394 1 0.442241 
150
82
898.458
0.999998 0.000231173 0.00193433 -0.00684301 -0.000227633 0.999998 -0.0018301 -0.00583267 -0.00193475 0.00182966 0.999996 0.440723 
147
85
708.213
0.999999 -0.000323041 -0.00167835 3.84989e-06 0.000317019 0.999994 -0.0035872 0.000200342 0.00167949 0.00358667 0.999992 0.444781 
137
70
597.202
0.987943 0.00685817 -0.154668 -0.00334118 -0.00697743 0.999976 -0.000228224 -0.013064 0.154663 0.00130466 0.987966 0.136122 
150
57
1201.13
0.987943 0.00685817 -0.154668 -0.00334118 -0.00697743 0.999976 -0.000228224 -0.013064 0.154663 0.00130466 0.987966 0.136122 
150
73
1305.11
0.987943 0.00685817 -0.154668 -0.00334118 -0.00697743 0.999976 -0.000228224 -0.013064 0.154663 0.00130466 0.987966 0.136122 
150
69
1537.01
0.987943 0.00685817 -0.154668 -0.00334118 -0.00697743 0.999976 -0.000228224 -0.013064 0.154663 0.00130466 0.987966 0.136122 
148
72
1115.6
0.987943 0.00685817 -0.154668 -0.00334118 -0.00697743 0.999976 -0.000228224 -0.013064 0.154663 0.00130466 0.987966 0.136122 
150
75
1207.41
0.987943 0.00685817 -0.154668 -0.00334118 -0.00697743 0.999976 -0.000228224 -0.013064 0.154663 0.00130466 0.987966 0.136122 
150
83
1216.43
0.987943 0.00685817 -0.154668 -0.00334118 -0.00697743 0.999976 -0.000228224 -0.013064 0.154663 0.00130466 0.987966 0.136122 
150
76
1372.54
0.977416 -0.015909 -0.210726 0.0153737 -4.15707e-05 0.997148 -0.075474 -0.00281429 0.211325 0.0737782 0.974627 -0.0603582 
146
62
1600.12
0.999912 -0.00075618 -0.0132484 0.0145045 0.00135876 0.998962 0.0455337 0.124434 0.0132002 -0.0455477 0.998875 0.447702 
145
57
877.422
0.999998 6.4397e-06 0.00174424 -0.00884791 -8.8623e-06 0.999999 0.00138891 0.000541768 -0.00174423 -0.00138892 0.999998 0.45108 
144
91
664.498
0.999998 0.000199811 0.00214774 -0.002099 -0.000197109 0.999999 -0.00125822 -0.00569338 -0.00214799 0.00125779 0.999997 0.462574 
150
87
836.157
1 0.000211337 0.000695222 -0.020102 -0.000211903 1 0.000814862 -0.00965272 -0.000695049 -0.000815009 0.999999 0.471146 
149
83
648.169
1 0.000167895 -0.000127875 0.00561497 -0.000167856 1 0.000309638 -0.00915296 0.000127927 -0.000309616 1 0.467907 
147
80
941.15
1 0.000134031 -6.71416e-05 -0.00885853 -0.00013431 0.999991 -0.00417447 0.00166055 6.65815e-05 0.00417448 0.999991 0.446671 
150
94
1217.4
0.999999 -0.000121541 -0.00147903 -0.00125518 0.00012336 0.999999 0.00122975 -0.00319436 0.00147888 -0.00122993 0.999998 0.454749 
144
76
949.988
1 -0.000208033 -0.000899134 0.0296218 0.000207346 1 -0.000763737 -0.00373738 0.000899293 0.00076355 0.999999 0.41644 
135
78
510.78
0.999999 6.15826e-05 0.00105945 -0.022843 -6.10291e-05 1 -0.000522456 0.00718706 -0.00105948 0.000522391 0.999999 0.46687 
150
72
1160.62
1 -4.91743e-05 -0.00076362 -0.00697041 5.0317e-05 0.999999 0.00149651 0.00337997 0.000763546 -0.00149654 0.999999 0.465714 
141
71
981.187
0.990173 0.000232955 -0.139851 0.00713762 0.00219485 0.99985 0.0172055 -0.0116802 0.139834 -0.0173433 0.990023 0.175707 
150
63
1145.58
0.990173 0.000232955 -0.139851 0.00713762 0.00219485 0.99985 0.0172055 -0.0116802 0.139834 -0.0173433 0.990023 0.175707 
150
74
1418.35
0.990173 0.000232955 -0.139851 0.00713762 0.00219485 0.99985 0.0172055 -0.0116802 0.139834 -0.0173433 0.990023 0.175707 
150
69
1261.16
0.996219 -0.00124483 -0.0868692 -0.0170297 0.001404 0.999997 0.00177113 0.00131924 0.0868667 -0.00188639 0.996218 0.273148 
149
70
949.083
0.999048 0.00705438 -0.0430554 -0.0192534 -0.00694745 0.999972 0.00263265 0.00893255 0.0430728 -0.00233101 0.999069 0.359658 
142
56
883.388
0.999048 0.00705438 -0.0430554 -0.0192534 -0.00694745 0.999972 0.00263265 0.00893255 0.0430728 -0.00233101 0.999069 0.359658 
150
71
1500.72
0.999048 0.00705438 -0.0430554 -0.0192534 -0.00694745 0.999972 0.00263265 0.00893255 0.0430728 -0.00233101 0.999069 0.359658 
150
81
1343.42
0.999048 0.00705438 -0.0430554 -0.0192534 -0.00694745 0.999972 0.00263265 0.00893255 0.0430728 -0.00233101 0.999069 0.359658 
150
78
1131.57
0.999048 0.00705438 -0.0430554 -0.0192534 -0.00694745 0.999972 0.00263265 0.00893255 0.0430728 -0.00233101 0.999069 0.359658 
148
75
1268.31
0.999048 0.00705438 -0.0430554 -0.0192534 -0.00694745 0.999972 0.00263265 0.00893255 0.0430728 -0.00233101 0.999069 0.359658 
150
80
1384.99
0.999048 0.00705438 -0.0430554 -0.0192534 -0.00694745 0.999972 0.00263265 0.00893255 0.0430728 -0.00233101 0.999069 0.359658 
150
75
1494.79
0.999048 0.00705438 -0.0430554 -0.0192534 -0.00694745 0.999972 0.00263265 0.00893255 0.0430728 -0.00233101 0.999069 0.359658 
150
84
1542.85
0.977016 0.00411789 -0.213127 -0.0286546 -0.00404997 0.999992 0.000755246 -0.00626626 0.213129 0.000125272 0.977024 -0.151065 
150
74
1331.86
0.977016 0.00411789 -0.213127 -0.0286546 -0.00404997 0.999992 0.000755246 -0.00626626 0.213129 0.000125272 0.977024 -0.151065 
150
78
1420.35
0.977016 0.00411789 -0.213127 -0.0286546 -0.00404997 0.999992 0.000755246 -0.00626626 0.213129 0.000125272 0.977024 -0.151065 
150
75
1400.64
0.999708 -0.000329616 -0.0241489 0.0539678 0.000126105 0.999964 -0.00842836 0.0330199 0.0241508 0.00842286 0.999673 0.393124 
150
66
991.9
1 0.000307962 0.000871653 -0.0157318 -0.000308471 1 0.00058353 -0.00211204 -0.000871473 -0.000583799 0.999999 0.461466 
150
92
827.293
0.97938 -0.0013415 -0.202022 0.0106111 0.00140267 0.999999 0.00015961 0.00530576 0.202022 -0.000439688 0.979381 0.0492392 
150
75
1469.44
1 0.000276131 0.000860923 -0.0115726 -0.000276769 1 0.000740409 -0.0168565 -0.000860719 -0.000740647 0.999999 0.493933 
150
90
830.312
0.999999 0.000370708 0.00144819 -0.0282092 -0.00037226 0.999999 0.00107116 -0.0037292 -0.00144779 -0.00107169 0.999998 0.462054 
149
86
804.743
0.999999 -0.00024694 -0.00108681 0.0140423 0.000246189 1 -0.000691296 0.00557949 0.00108698 0.000691029 0.999999 0.461542 
150
90
874.329
1 0.000141791 -0.000204709 0.0159907 -0.000142453 0.999995 -0.00323448 0.00716268 0.00020425 0.00323451 0.999995 0.452036 
150
84
907.375
1 -8.75659e-06 0.000241523 0.0380613 8.77812e-06 1 -8.9156e-05 0.000404985 -0.000241523 8.91581e-05 1 0.43813 
143
86
760.426
1 -8.75659e-06 0.000241523 0.0380613 8.77812e-06 1 -8.9156e-05 0.000404985 -0.000241523 8.91581e-05 1 0.43813 
148
87
446.948
0.999999 -0.000269746 -0.00141655 0.010373 0.000266861 0.999998 -0.00203685 0.00327774 0.0014171 0.00203647 0.999997 0.430821 
145
79
598.236
0.993952 0.00152421 0.109804 0.00729351 -0.00157341 0.999999 0.000361408 -0.00626679 -0.109803 -0.000531989 0.993953 0.228561 
147
58
1086.01
0.993952 0.00152421 0.109804 0.00729351 -0.00157341 0.999999 0.000361408 -0.00626679 -0.109803 -0.000531989 0.993953 0.228561 
147
78
1191.08
0.993952 0.00152421 0.109804 0.00729351 -0.00157341 0.999999 0.000361408 -0.00626679 -0.109803 -0.000531989 0.993953 0.228561 
148
83
1109.09
0.993952 0.00152421 0.109804 0.00729351 -0.00157341 0.999999 0.000361408 -0.00626679 -0.109803 -0.000531989 0.993953 0.228561 
150
72
1355.69
0.993952 0.00152421 0.109804 0.00729351 -0.00157341 0.999999 0.000361408 -0.00626679 -0.109803 -0.000531989 0.993953 0.228561 
150
84
1267.13
0.993952 0.00152421 0.109804 0.00729351 -0.00157341 0.999999 0.000361408 -0.00626679 -0.109803 -0.000531989 0.993953 0.228561 
150
84
1394.06
0.993952 0.00152421 0.109804 0.00729351 -0.00157341 0.999999 0.000361408 -0.00626679 -0.109803 -0.000531989 0.993953 0.228561 
150
72
1351.18
0.993952 0.00152421 0.109804 0.00729351 -0.00157341 0.999999 0.000361408 -0.00626679 -0.109803 -0.000531989 0.993953 0.228561 
150
76
1277.9
0.982182 -0.0011922 0.187926 0.012833 0.000328714 0.999989 0.00462591 0.000764865 -0.187929 -0.00448172 0.982172 0.0699421 
150
78
1362.8
1 -0.000305401 -0.000392658 0.00508024 0.000305487 1 0.000218769 -0.00400141 0.000392591 -0.000218889 1 0.458565 
145
88
666.255
1 -0.000120572 -0.000408147 -0.0123367 0.000119918 0.999999 -0.00160217 -0.00183813 0.00040834 0.00160212 0.999999 0.435907 
139
82
696.106
0.999999 -0.000173551 -0.00100334 -0.0198878 0.000174633 0.999999 0.00107798 -0.00377299 0.00100316 -0.00107816 0.999999 0.436111 
145
90
833.642
0.996428 -0.000612505 0.08445 -0.00666781 0.000634832 1 -0.000237533 -0.00298085 -0.0844499 0.000290296 0.996428 0.278383 
146
77
1152.4
0.999065 -0.00307789 0.0431147 0.0241171 0.00315598 0.999994 -0.00174323 0.0050158 -0.043109 0.00187767 0.999069 0.36154 
150
66
1071.63
0.999997 0.000587688 0.00250784 -0.0304395 -0.000594408 0.999996 0.00267979 -0.0110717 -0.00250626 -0.00268127 0.999993 0.431171 
146
89
727.887
1 0.000195986 0.000274083 0.00088174 -0.000196073 1 0.000317456 -0.00433998 -0.000274021 -0.00031751 1 0.451467 
150
90
730.856
0.999998 0.00024894 0.00217953 0.01017 -0.000251548 0.999999 0.00119638 -0.0100503 -0.00217923 -0.00119693 0.999997 0.475534 
141
94
644.138
0.999999 7.14796e-05 -0.00152102 0.00106227 -7.29215e-05 1 -0.000947961 -0.00676645 0.00152095 0.00094807 0.999998 0.464179 
148
88
1066.46
1 -1.58928e-05 0.000912652 -0.00190235 1.63652e-05 1 -0.000517634 -0.00097742 -0.000912644 0.000517649 0.999999 0.47053 
150
95
813.911
1 0.000153995 0.000485581 -0.0100543 -0.00015409 1 0.000196984 -0.00209471 -0.000485551 -0.000197059 1 0.463739 
142
78
904.497
0.999996 -0.000632685 -0.00268636 -0.00778804 0.000628628 0.999999 -0.00151083 0.00495786 0.00268731 0.00150913 0.999995 0.448734 
146
78
942.184
0.999999 4.77745e-05 0.00122954 -0.0280655 -5.33657e-05 0.99999 0.00454776 -0.0215699 -0.00122931 -0.00454782 0.999989 0.459637 
136
72
844.775
0.999999 4.4921e-06 -0.00129 0.00112799 -6.05306e-06 0.999999 -0.00121003 -0.00100998 0.00129 0.00121004 0.999998 0.456871 
140
74
1044.73
0.999996 0.000320065 -0.00293471 0.0225527 -0.000325958 0.999998 -0.00200794 -0.00763961 0.00293406 0.00200889 0.999994 0.449499 
139
67
1160.17
1 0.000192709 0.000368369 -0.00713903 -0.000191134 0.999991 -0.00427173 -0.00733981 -0.000369189 0.00427166 0.999991 0.432985 
142
66
936.656
0.99933 0.0013726 0.0365609 -0.039453 -0.00265816 0.999379 0.0351367 -0.0415966 -0.03649 -0.0352104 0.998714 0.504467 
124
52
1155.55
0.997904 -0.00218828 -0.0646806 -0.00938031 0.00180692 0.999981 -0.00595395 0.0212615 0.0646924 0.00582459 0.997888 0.318452 
132
44
1298
0.997904 -0.00218828 -0.0646806 -0.00938031 0.00180692 0.999981 -0.00595395 0.0212615 0.0646924 0.00582459 0.997888 0.318452 
143
78
1319.03
0.997904 -0.00218828 -0.0646806 -0.00938031 0.00180692 0.999981 -0.00595395 0.0212615 0.0646924 0.00582459 0.997888 0.318452 
142
71
1146.29
0.997904 -0.00218828 -0.0646806 -0.00938031 0.00180692 0.999981 -0.00595395 0.0212615 0.0646924 0.00582459 0.997888 0.318452 
139
75
1248.36
0.977011 0.00139475 -0.213186 0.10222 -0.000604061 0.999993 0.00377402 -0.00189424 0.213189 -0.00355848 0.977004 -0.204653 
139
78
1174.28
0.999227 -0.0104827 -0.0378993 0.0101361 0.0113716 0.999664 0.0233129 0.0168399 0.0376422 -0.0237258 0.99901 0.387837 
136
42
618.8
0.999984 0.00275105 0.00489443 0.0136134 -0.00278811 0.999967 0.00758187 -0.0351777 -0.00487342 -0.0075954 0.999959 0.463077 
129
56
624.25
0.999992 0.00353355 0.00160882 0.0161421 -0.00353348 0.999994 -4.95193e-05 -0.0316332 -0.00160899 4.38342e-05 0.999999 0.445977 
128
48
683.419
1 -0.000477777 -0.000411963 0.0229866 0.000479356 0.999993 0.00384255 0.0137783 0.000410124 -0.00384275 0.999993 0.458971 
116
39
945.135
0.999998 0.000605115 0.00182989 0.166814 -0.000609022 0.999998 0.00213543 -0.169154 -0.0018286 -0.00213654 0.999996 0.388025 
115
33
871.829
0.999998 0.000605115 0.00182989 0.166814 -0.000609022 0.999998 0.00213543 -0.169154 -0.0018286 -0.00213654 0.999996 0.388025 
140
63
1196.15
0.999998 0.000605115 0.00182989 0.166814 -0.000609022 0.999998 0.00213543 -0.169154 -0.0018286 -0.00213654 0.999996 0.388025 
147
69
1230.34
0.999998 0.000605115 0.00182989 0.166814 -0.000609022 0.999998 0.00213543 -0.169154 -0.0018286 -0.00213654 0.999996 0.388025 
149
75
1189.64
0.999998 0.000605115 0.00182989 0.166814 -0.000609022 0.999998 0.00213543 -0.169154 -0.0018286 -0.00213654 0.999996 0.388025 
148
77
1298.65
0.999998 0.000605115 0.00182989 0.166814 -0.000609022 0.999998 0.00213543 -0.169154 -0.0018286 -0.00213654 0.999996 0.388025 
146
73
1306.2
0.999998 0.000605115 0.00182989 0.166814 -0.000609022 0.999998 0.00213543 -0.169154 -0.0018286 -0.00213654 0.999996 0.388025 
144
73
1547.61
0.991361 -0.00186218 -0.13115 0.036242 0.00314707 0.999949 0.00959056 -0.0185891 0.131125 -0.00992045 0.991316 0.197853 
137
50
1041.95
1 -6.893e-05 -0.0007276 -0.00867746 6.84786e-05 1 -0.000620432 0.0168329 0.000727642 0.000620382 1 0.51439 
136
70
677.105
0.999999 0.00110944 -0.000651983 0.141635 -0.00111017 0.999999 -0.0011292 0.0144447 0.000650729 0.00112992 0.999999 0.392173 
141
61
683.931
0.999999 0.00110944 -0.000651983 0.141635 -0.00111017 0.999999 -0.0011292 0.0144447 0.000650729 0.00112992 0.999999 0.392173 
137
66
522.516
1 -0.000786254 -0.000311598 0.0144559 0.000786458 0.999999 0.000655303 -0.0113312 0.000311082 -0.000655548 1 0.458074 
135
63
553.331
0.999996 -0.00237157 -0.00137366 0.244311 0.00236917 0.999996 -0.00174162 -0.0672018 0.00137778 0.00173836 0.999998 0.220383 
135
63
365.02
0.985806 0.00353859 -0.167851 -0.00528522 -0.00318403 0.999992 0.00238144 0.00885062 0.167858 -0.00181319 0.985809 0.0996961 
140
65
1174.86
0.987406 -0.00221874 -0.15819 -0.00668376 0.00026593 0.999924 -0.0123648 0.00552073 0.158205 0.012167 0.987331 0.121703 
139
59
1263.67
0.99999 -0.00230765 -0.00379858 0.0212201 0.00229847 0.999994 -0.00241816 0.00470835 0.00380414 0.00240941 0.99999 0.468444 
140
67
845.078
0.99999 -0.00230765 -0.00379858 0.0212201 0.00229847 0.999994 -0.00241816 0.00470835 0.00380414 0.00240941 0.99999 0.468444 
135
81
426.031
0.999994 -0.00106941 -0.00323839 -0.032684 0.00107578 0.999997 0.0019646 0.0269909 0.00323628 -0.00196807 0.999993 0.552077 
145
65
424.225
1 -1.38355e-05 -0.000852642 -0.000931998 1.3145e-05 1 -0.000809858 -0.000584784 0.000852653 0.000809846 0.999999 0.404588 
142
66
395.697
1 -1.38355e-05 -0.000852642 -0.000931998 1.3145e-05 1 -0.000809858 -0.000584784 0.000852653 0.000809846 0.999999 0.404588 
146
73
141.899
0.999989 0.000754822 0.00453495 -0.010854 -0.000762574 0.999998 0.00170795 -0.006555 -0.00453365 -0.00171139 0.999988 0.470149 
140
71
746.753
1 -0.000307019 0.000305338 -0.0474812 0.000307023 1 -1.29023e-05 0.00519519 -0.000305334 1.2996e-05 1 0.445683 
140
77
409.095
0.996526 -0.00517898 -0.0831193 0.0276981 0.00442847 0.999948 -0.00921113 0.0210203 0.0831627 0.00881104 0.996497 0.311533 
145
60
944.434
0.996526 -0.00517898 -0.0831193 0.0276981 0.00442847 0.999948 -0.00921113 0.0210203 0.0831627 0.00881104 0.996497 0.311533 
150
74
1458.08
0.996526 -0.00517898 -0.0831193 0.0276981 0.00442847 0.999948 -0.00921113 0.0210203 0.0831627 0.00881104 0.996497 0.311533 
149
80
1405.73
0.996526 -0.00517898 -0.0831193 0.0276981 0.00442847 0.999948 -0.00921113 0.0210203 0.0831627 0.00881104 0.996497 0.311533 
150
84
1383.66
0.996526 -0.00517898 -0.0831193 0.0276981 0.00442847 0.999948 -0.00921113 0.0210203 0.0831627 0.00881104 0.996497 0.311533 
146
81
1325.07
0.996526 -0.00517898 -0.0831193 0.0276981 0.00442847 0.999948 -0.00921113 0.0210203 0.0831627 0.00881104 0.996497 0.311533 
150
70
1284.2
0.991428 0.00491793 -0.130559 -0.0348201 -0.00472665 0.999987 0.0017749 0.0162003 0.130566 -0.00114258 0.991439 0.200483 
150
76
1035.51
1 2.26604e-05 0.000503111 0.00653245 -2.21822e-05 1 -0.000950435 -0.00829092 -0.000503132 0.000950424 0.999999 0.42029 
150
115
664.499
1 6.50824e-05 -0.000119769 0.00308327 -6.5192e-05 1 -0.000915475 0.00389343 0.000119709 0.000915483 1 0.450132 
150
103
646.843
1 0.000215863 -5.35613e-05 -0.00409277 -0.000215927 0.999999 -0.00119055 -0.000764181 5.33043e-05 0.00119056 0.999999 0.478273 
137
102
592.49
0.999998 0.000683869 0.00168977 -0.00085865 -0.000681442 0.999999 -0.00143697 -0.0010786 -0.00169075 0.00143581 0.999998 0.441549 
143
107
477.589
0.999999 0.000321601 0.00159419 0.000169048 -0.000323546 0.999999 0.00122019 -0.000639906 -0.0015938 -0.00122071 0.999998 0.467583 
150
107
766.068
1 -4.12598e-05 -0.000752952 0.00489681 4.04919e-05 0.999999 -0.0010198 -0.002351 0.000752994 0.00101977 0.999999 0.452976 
149
109
854.033
1 0.000336663 0.000426267 -0.00128598 -0.000336214 0.999999 -0.001052 0.000119331 -0.00042662 0.00105186 0.999999 0.434197 
150
104
779.965
0.999999 -0.000401622 -0.00136828 0.00213564 0.000402731 1 0.000809798 -0.00416708 0.00136796 -0.000810348 0.999999 0.467694 
150
103
769.91
0.999999 0.000309628 0.00125237 -0.00698767 -0.000307606 0.999999 -0.00161445 0.00214434 -0.00125287 0.00161407 0.999998 0.4454 
150
96
837.897
1 9.48513e-05 0.00059242 -0.0137672 -9.48123e-05 1 -6.57337e-05 0.00797253 -0.000592426 6.56775e-05 1 0.508869 
148
89
554.102
1 -1.97785e-05 0.000583379 -0.0144897 1.96705e-05 1 0.000185053 -0.0013447 -0.000583383 -0.000185041 1 0.487276 
145
89
651.02
0.999999 0.000715183 0.00129762 0.00389645 -0.000717073 0.999999 0.00145712 -0.00446305 -0.00129658 -0.00145805 0.999998 0.439216 
148
82
718.042
1 -0.000159864 -0.00060398 0.0170787 0.000158579 0.999998 -0.00212747 0.00180146 0.000604319 0.00212737 0.999998 0.419774 
147
101
645.788
0.991793 -0.000180688 -0.127855 0.0082798 -0.000679876 0.999977 -0.0066871 0.00498275 0.127854 0.00671914 0.99177 0.203207 
150
71
1209.64
0.991793 -0.000180688 -0.127855 0.0082798 -0.000679876 0.999977 -0.0066871 0.00498275 0.127854 0.00671914 0.99177 0.203207 
150
68
1289.6
