0.999981 0.00431199 0.00443868 -0.017669 -0.00428316 0.99997 -0.00648429 0.0209388 -0.00446651 0.00646516 0.999969 0.310814 
99
90
490.615
0.999999 0.00122557 -0.000295979 0.000283215 -0.00122536 0.999999 0.000701596 0.00603002 0.000296839 -0.000701232 1 0.383261 
100
94
576.231
0.999976 0.00564383 0.0039058 -0.0146505 -0.00563096 0.999979 -0.00329698 0.0497182 -0.00392433 0.00327491 0.999987 0.422398 
96
90
608.378
0.999999 0.00112851 0.000116117 0.0031917 -0.00112831 0.999998 -0.00163955 0.0152141 -0.000117967 0.00163942 0.999999 0.412201 
85
81
533.361
0.99998 -0.00614829 0.00160846 0.00344301 0.00616072 0.99995 -0.00783449 0.0283703 -0.00156021 0.00784424 0.999968 0.401481 
79
75
580.679
0.999977 -0.00561672 0.00376602 -0.00980772 0.00564034 0.999964 -0.00629122 0.0411597 -0.00373055 0.00631232 0.999973 0.437743 
78
75
528.023
0.99988 0.00889143 0.0126469 -0.0777965 -0.00869822 0.999846 -0.0152507 0.0943852 -0.0127806 0.0151389 0.999804 0.427226 
78
71
449.667
0.999928 -0.0100407 0.00659021 -0.00983671 0.0100598 0.999945 -0.00287597 0.0596611 -0.00656097 0.00294206 0.999974 0.494094 
73
68
541.987
0.999953 -0.00624474 0.00744933 -0.0169478 0.00632465 0.999922 -0.0107519 0.0669368 -0.0073816 0.0107985 0.999914 0.481134 
73
71
507.006
0.999953 -0.00624474 0.00744933 -0.0169478 0.00632465 0.999922 -0.0107519 0.0669368 -0.0073816 0.0107985 0.999914 0.481134 
16
15
274.305
0.999953 -0.00624474 0.00744933 -0.0169478 0.00632465 0.999922 -0.0107519 0.0669368 -0.0073816 0.0107985 0.999914 0.481134 
12
10
156.436
0.959796 0.242618 -0.141164 1.11858 -0.233939 0.969324 0.0753851 -0.39774 0.155124 -0.0393304 0.987112 1.15137 
18
17
508.177
0.990452 0.0623113 -0.122971 4.1402 -0.0674023 0.997014 -0.0376803 -0.188551 0.120255 0.045609 0.991695 -4.23891 
56
42
881.931
0.99959 -0.0224735 -0.0177693 0.144463 0.0223185 0.999712 -0.00887234 0.0497557 0.0179636 0.00847212 0.999803 0.684137 
102
78
640.587
0.999984 -0.00386148 -0.00418243 0.0371617 0.00382975 0.999964 -0.00756707 0.063643 0.0042115 0.00755093 0.999963 0.601529 
112
88
692.814
0.999921 0.00783178 0.00986646 -0.0967277 -0.00769306 0.999872 -0.0140197 0.06894 -0.009975 0.0139427 0.999853 0.531378 
107
89
545.439
0.999928 0.00403592 0.0112782 -0.0531359 -0.00393973 0.999956 -0.00853861 0.0354154 -0.0113122 0.00849356 0.9999 0.380106 
106
94
605.663
0.999968 -0.00684426 0.00416594 -0.00745483 0.00682949 0.99997 0.00354889 0.0137988 -0.00419011 -0.00352032 0.999985 0.395465 
103
89
631.979
0.999673 0.0165274 0.0194962 -0.138405 -0.016539 0.999863 0.000432863 0.00370838 -0.0194863 -0.000755168 0.99981 0.277903 
101
86
650.465
0.99923 0.0319945 0.0226998 -0.151055 -0.0315531 0.999311 -0.0195449 0.0260216 -0.0233094 0.0188136 0.999551 0.33237 
100
80
678.654
0.999777 0.00923121 0.0190075 -0.0907926 -0.00902803 0.999901 -0.0107476 0.0254261 -0.0191049 0.0105736 0.999762 0.389976 
99
86
626.505
0.999943 0.00304777 0.0102216 -0.0574003 -0.00297731 0.999972 -0.00690175 0.0579233 -0.0102424 0.00687093 0.999924 0.410617 
93
80
578.689
0.999916 0.006116 0.0114184 -0.0724035 -0.00604056 0.99996 -0.00662993 0.0773453 -0.0114585 0.0065604 0.999913 0.493505 
91
76
584.165
0.999938 0.00732561 0.0083496 -0.0406043 -0.00724546 0.999928 -0.00959002 0.0696719 -0.00841925 0.00952893 0.999919 0.516663 
86
80
599.952
0.999934 -0.00316987 0.0110133 -0.0784167 0.00336023 0.999845 -0.0173088 0.0852554 -0.0109568 0.0173446 0.99979 0.503376 
74
68
467.315
0.999881 -0.0109148 0.0109311 -0.256687 0.0110698 0.999838 -0.0142251 0.225381 -0.0107741 0.0143444 0.999839 1.19288 
82
78
451.542
0.999865 -0.00132616 0.0163784 -0.112693 0.00155932 0.999898 -0.0142314 0.109095 -0.0163579 0.014255 0.999765 0.551947 
71
68
521.413
0.989567 0.0232353 -0.142185 -0.163759 -0.0213033 0.999659 0.0150952 -0.366271 0.142488 -0.0119087 0.989725 -1.17937 
30
24
923.374
0.989486 0.0574697 -0.132719 0.299512 -0.0558831 0.998315 0.0156516 -0.111326 0.133395 -0.00807031 0.99103 -0.837676 
11
10
502.189
0.968279 0.00928859 -0.249698 0.753986 -0.0365947 0.993805 -0.104938 0.379071 0.247177 0.110747 0.962621 0.849357 
56
29
2380.07
0.999993 -0.00336986 -0.00172658 0.00461492 0.00337513 0.99999 0.0030583 0.0328878 0.00171625 -0.00306411 0.999994 0.417826 
137
125
645.204
0.999999 -0.000478657 -0.00131004 0.00489754 0.000471315 0.999984 -0.00559903 0.00590915 0.0013127 0.00559841 0.999983 0.381834 
140
125
715.632
0.999961 -0.00809925 -0.0034792 0.0257994 0.00810802 0.999964 0.00251603 -0.0254265 0.00345869 -0.00254415 0.999991 0.350196 
140
122
628.233
0.99999 -0.00426578 0.00103375 -0.00498391 0.00425851 0.999967 0.00693931 -0.0226542 -0.00106332 -0.00693484 0.999975 0.362174 
140
121
611.188
0.999955 0.00811582 0.00488196 -0.0434296 -0.00814411 0.99995 0.00580292 -0.0232198 -0.00483462 -0.00584242 0.999971 0.359114 
142
119
537.042
0.99996 -0.00615018 -0.00648146 0.0355038 0.006064 0.999894 -0.0132343 0.0481738 0.00656216 0.0131944 0.999891 0.402517 
139
121
700.026
0.999979 0.00610097 0.0019574 -0.0220203 -0.00608969 0.999965 -0.00571395 0.01775 -0.00199219 0.00570191 0.999982 0.389842 
137
119
659.61
0.999932 0.0108343 0.00433545 -0.0316219 -0.0108311 0.999941 -0.000757052 0.0152216 -0.0043434 0.000710043 0.99999 0.397089 
136
107
628.414
0.999998 -0.00124494 0.00133482 -0.00882523 0.00123754 0.999984 0.0055304 -0.00418352 -0.00134169 -0.00552874 0.999984 0.391594 
134
111
679.399
0.999942 0.0105974 0.00181212 -0.0228115 -0.0105901 0.999936 -0.00397371 0.0366719 -0.00185412 0.00395429 0.99999 0.457255 
137
108
710.739
1 0.000161182 7.57596e-05 -0.00400062 -0.000160735 0.999983 -0.00585697 0.0108614 -7.67024e-05 0.00585696 0.999983 0.395387 
149
122
772.325
0.999985 -0.000747347 -0.00537592 0.0325082 0.000727577 0.999993 -0.00367861 -0.046859 0.00537863 0.00367464 0.999979 0.224595 
149
116
797.384
0.999826 -0.0155297 -0.0103808 0.0715631 0.0155468 0.999878 0.00156295 0.0143358 0.0103552 -0.00172406 0.999945 0.387738 
149
114
894.281
0.999994 0.00203813 0.00293074 -0.0196749 -0.00204542 0.999995 0.00248675 0.000606544 -0.00292565 -0.00249273 0.999993 0.376217 
150
126
600.444
0.999927 -0.0110812 -0.00491645 0.0474708 0.0110564 0.999926 -0.00504487 0.0120961 0.00497199 0.00499014 0.999975 0.372196 
150
129
693.507
0.999911 -0.0121571 -0.00549884 0.0557993 0.0121106 0.999891 -0.00842291 0.0349363 0.00560064 0.00835556 0.999949 0.37414 
149
124
617.031
0.99991 -0.0111945 -0.00739795 0.0530767 0.0112104 0.999935 0.00211675 -0.00962578 0.00737378 -0.00219949 0.99997 0.363274 
150
122
703.993
0.999991 -0.00374284 -0.00199129 0.00668345 0.00374794 0.99999 0.00256514 0.0172983 0.00198167 -0.00257259 0.999995 0.407707 
150
128
675.98
0.999997 -0.000783858 0.00211436 -0.016453 0.000787675 0.999998 -0.00180496 0.0142265 -0.00211295 0.00180663 0.999996 0.406212 
144
122
586.733
0.999987 -0.00432247 -0.00256214 0.0224221 0.00429688 0.999942 -0.00991253 0.0413094 0.00260484 0.00990139 0.999948 0.401534 
148
122
621.72
0.999956 -0.00740904 -0.00579542 0.0382009 0.00739232 0.999968 -0.00290091 -0.00263973 0.00581674 0.00285794 0.999979 0.354609 
150
121
609.278
0.999983 -0.00401858 -0.00417985 0.0252468 0.00403069 0.999988 0.00289256 0.00389141 0.00416817 -0.00290935 0.999987 0.365779 
147
116
699.04
0.999999 0.00156686 -0.000416785 -0.002742 -0.00156588 0.999996 0.00234334 -0.00292708 0.000420455 -0.00234268 0.999997 0.357648 
148
113
644.33
0.999992 -0.00375653 -0.00117088 0.0170679 0.00374672 0.999959 -0.00827603 0.0496195 0.00120192 0.00827158 0.999965 0.43806 
145
119
712.451
0.99992 -0.00987334 -0.00788275 0.0609137 0.00984035 0.999943 -0.00421282 -0.0139936 0.0079239 0.00413492 0.99996 0.316233 
138
114
615.399
0.999996 -0.00266912 0.000126356 0.00203464 0.00266914 0.999996 -0.000137439 0.0103051 -0.000125988 0.000137776 1 0.37371 
132
108
626.875
0.999874 -0.0146157 -0.00614265 0.056871 0.0146248 0.999892 0.00144533 0.010361 0.00612086 -0.00153498 0.99998 0.351656 
132
105
725.823
0.999916 0.0117379 0.00555699 -0.0433656 -0.0117329 0.999931 -0.000922255 0.00296477 -0.00556743 0.000856977 0.999984 0.387041 
132
102
612.875
0.999999 -0.00133015 -0.000382585 0.000204693 0.0013275 0.999976 -0.00685188 0.015948 0.000391689 0.00685136 0.999976 0.406251 
132
103
660.266
0.999995 0.0017155 0.00250852 -0.016285 -0.00170743 0.999993 -0.00321616 0.0211822 -0.00251402 0.00321186 0.999992 0.417719 
132
111
617.664
0.999829 -0.0174863 -0.00596258 0.0570603 0.0174767 0.999846 -0.00166051 0.0325544 0.0059907 0.00155602 0.999981 0.353005 
132
106
666.814
0.996024 -0.00038851 0.0890821 0.00512926 0.00110692 0.999967 -0.00801528 0.0251907 -0.089076 0.00808202 0.995992 0.258204 
143
121
3827.49
0.99046 0.0246635 0.135576 -0.309893 -0.0192973 0.998983 -0.0407537 -0.338478 -0.136444 0.0377487 0.989928 -1.29475 
41
32
1266.58
0.925608 -0.263117 0.272064 0.827989 0.131227 0.897341 0.421376 0.939195 -0.355005 -0.354327 0.865115 3.58241 
28
19
381.344
0.925608 -0.263117 0.272064 0.827989 0.131227 0.897341 0.421376 0.939195 -0.355005 -0.354327 0.865115 3.58241 
7
19
381.344
0.999758 0.00210786 0.0218863 0.00863523 -0.00192856 0.999964 -0.00821004 0.0308277 -0.0219029 0.00816584 0.999727 0.339472 
120
101
994.178
0.999995 -0.00211999 -0.00226973 0.0107758 0.00210721 0.999982 -0.0056204 0.0403281 0.0022816 0.00561559 0.999982 0.416624 
119
105
569.423
0.999848 0.0158975 0.00714041 -0.056996 -0.0158339 0.999835 -0.00887462 0.0588255 -0.00728032 0.00876021 0.999935 0.424783 
120
104
580.483
0.999998 0.00179189 1.99595e-05 -0.00165875 -0.0017919 0.999998 0.000572108 0.0118103 -1.89343e-05 -0.000572143 1 0.391293 
126
100
658.664
0.999991 -0.0025825 -0.00341822 0.0297519 0.00252651 0.999864 -0.0162823 0.0737457 0.0034598 0.0162735 0.999862 0.433364 
117
97
621.923
0.999986 -0.00356794 -0.00403315 0.0418447 0.00352959 0.999949 -0.00947706 0.0539846 0.00406675 0.00946269 0.999947 0.458314 
126
94
644.454
0.999995 -0.00298883 -0.000474354 0.0136131 0.00298709 0.999989 -0.00363731 0.0516772 0.00048522 0.00363587 0.999993 0.472356 
136
116
621.654
0.999969 -0.00741294 -0.00279344 0.0217361 0.00741497 0.999972 0.000716782 0.0297295 0.00278805 -0.000737473 0.999996 0.40577 
133
102
636.228
0.999938 -0.0103385 -0.00425231 0.0267483 0.0103211 0.999938 -0.00410329 0.0290807 0.00429447 0.00405915 0.999983 0.4315 
130
107
606.3
0.999997 -0.00251161 0.000474014 -0.016348 0.00251543 0.999963 -0.00823619 0.0321304 -0.000453311 0.00823736 0.999966 0.409322 
126
100
658.385
0.999978 -0.0036134 -0.00551237 0.0391216 0.00358638 0.999982 -0.00490404 0.0407034 0.00552999 0.00488417 0.999973 0.430946 
115
100
515.896
0.999999 0.00148664 -0.000116683 -0.00226691 -0.00148623 0.999993 0.00348657 0.00715203 0.000121865 -0.00348639 0.999994 0.386142 
125
98
613.799
0.999244 0.0363843 0.013719 -0.0983259 -0.0361347 0.999184 -0.0180205 0.070157 -0.0143634 0.0175112 0.999743 0.397663 
131
100
677.517
0.999965 -0.00475171 -0.00685993 0.0349199 0.00467563 0.999928 -0.0110642 0.0452426 0.006912 0.0110317 0.999915 0.390325 
135
108
633.2
0.999971 -0.00481604 -0.00589833 0.0275086 0.00475972 0.999943 -0.00952642 0.0468698 0.00594387 0.00949807 0.999937 0.451169 
129
106
609.543
0.999996 -0.00240392 0.0015145 -0.0070405 0.00241141 0.999985 -0.00495864 0.0500411 -0.00150256 0.00496227 0.999987 0.447324 
121
98
572.998
0.999998 0.000581122 0.00177985 -0.0105049 -0.000582906 0.999999 0.00100193 0.0182659 -0.00177926 -0.00100296 0.999998 0.401134 
130
107
690.792
0.990568 -0.0202725 0.135514 0.266231 0.0205283 0.999789 -0.000490467 0.13082 -0.135475 0.00326772 0.990775 0.946433 
87
80
3919.02
0.99899 -0.0064119 0.0444645 0.0313581 0.00684564 0.99993 -0.00960937 0.00281728 -0.0443998 0.00990406 0.998965 0.277068 
150
121
2380.3
0.999989 -0.00424567 0.00215405 -0.00582058 0.00425163 0.999987 -0.00276844 0.0252939 -0.00214227 0.00277756 0.999994 0.384891 
150
117
711.353
0.999921 -0.0100004 -0.00755003 0.046367 0.0100003 0.99995 -5.24085e-05 0.0252422 0.00755018 -2.30983e-05 0.999971 0.392794 
147
116
652.473
0.999997 -0.00196305 0.00115915 -0.00314153 0.00196615 0.999994 -0.00267934 0.0166284 -0.00115388 0.00268162 0.999996 0.39234 
136
101
724.734
0.999972 -0.00651551 -0.00355336 0.0297988 0.00648605 0.999945 -0.00823958 0.0280026 0.00360685 0.00821631 0.99996 0.408079 
136
107
774.038
0.999969 -0.00744297 -0.00274979 0.0514931 0.00741062 0.999905 -0.0115939 0.0731882 0.00283582 0.0115731 0.999929 0.513966 
135
107
766.998
0.99979 0.0112601 0.0171294 -0.0478132 -0.0114236 0.99989 0.00947787 -0.0714542 -0.0170208 -0.00967156 0.999808 0.287403 
150
117
822.655
0.999926 -0.00262257 0.0118442 -0.0444082 0.00269721 0.999977 -0.0062902 0.0281943 -0.0118274 0.00632169 0.99991 0.339679 
150
119
927.205
0.99999 -0.00432457 0.00110111 0.00327074 0.00433078 0.999974 -0.00570842 0.0186944 -0.00107639 0.00571313 0.999983 0.401149 
128
112
596.719
0.999985 0.00075696 0.00545448 -0.0282471 -0.000727246 0.999985 -0.0054475 -8.07359e-05 -0.00545852 0.00544345 0.99997 0.374142 
129
105
705.873
0.99999 -0.00450803 -0.000606382 0.0113575 0.00450972 0.999986 0.00282115 -0.0265835 0.000593655 -0.00282385 0.999996 0.333126 
126
102
614.099
0.999898 -0.0112825 0.00875794 0.0195693 0.0110555 0.999612 0.0255494 0.0198233 -0.00904281 -0.0254499 0.999635 0.4083 
124
103
1237.31
0.998013 -0.0604781 0.0176939 -0.255935 0.0402981 0.828438 0.558629 -2.22268 -0.0484431 -0.556805 0.829229 1.86715 
64
28
2461.34
0.900766 0.129487 0.414553 -5.52265 -0.0803352 0.987725 -0.133961 0.855212 -0.426811 0.0873644 0.900111 1.84959 
42
25
1664.74
0.99686 0.0111345 0.0783971 -0.157008 -0.00826171 0.999286 -0.0368735 -0.0254582 -0.0787516 0.03611 0.99624 -0.884788 
16
15
260.13
0.99686 0.0111345 0.0783971 -0.157008 -0.00826171 0.999286 -0.0368735 -0.0254582 -0.0787516 0.03611 0.99624 -0.884788 
10
1
260.13
0.984723 -0.127682 0.118399 -0.0794888 0.12976 0.991495 -0.0099804 0.0269267 -0.116118 0.0251914 0.992916 0.575179 
17
17
537.308
0.984723 -0.127682 0.118399 -0.0794888 0.12976 0.991495 -0.0099804 0.0269267 -0.116118 0.0251914 0.992916 0.575179 
5
17
537.308
0.998947 0.0443349 -0.011815 0.350024 -0.044212 0.998967 0.0104722 0.147514 0.0122671 -0.00993879 0.999875 1.1504 
19
17
671.324
0.998947 0.0443349 -0.011815 0.350024 -0.044212 0.998967 0.0104722 0.147514 0.0122671 -0.00993879 0.999875 1.1504 
3
17
671.324
0.998947 0.0443349 -0.011815 0.350024 -0.044212 0.998967 0.0104722 0.147514 0.0122671 -0.00993879 0.999875 1.1504 
2
17
671.324
0.998947 0.0443349 -0.011815 0.350024 -0.044212 0.998967 0.0104722 0.147514 0.0122671 -0.00993879 0.999875 1.1504 
4
17
671.324
0.998947 0.0443349 -0.011815 0.350024 -0.044212 0.998967 0.0104722 0.147514 0.0122671 -0.00993879 0.999875 1.1504 
9
17
671.324
0.998617 0.00106413 0.0525674 0.105379 -0.000885003 0.999994 -0.00343082 0.196348 -0.0525708 0.00337955 0.998611 0.734956 
42
28
726.596
0.990338 0.0123203 0.138129 -0.0211896 -0.0112509 0.9999 -0.00852008 0.0341439 -0.13822 0.00688368 0.990378 0.263916 
137
123
6153.62
0.999899 0.0105578 0.00949074 -0.0555285 -0.0105118 0.999933 -0.00488311 0.0202043 -0.00954166 0.00478286 0.999943 0.386694 
146
126
617.323
0.999925 0.0107538 0.00580452 -0.0473893 -0.0107314 0.999935 -0.00386934 0.0485637 -0.00584575 0.00380676 0.999976 0.431961 
128
102
633.82
0.99965 0.0234576 0.0122146 -0.0937762 -0.0233497 0.999688 -0.00890253 0.0245449 -0.0124196 0.00861421 0.999886 0.390355 
132
112
563.771
0.999891 0.0119169 0.00866192 -0.0597073 -0.0118274 0.999877 -0.0103057 0.0232449 -0.00878367 0.0102021 0.999909 0.392386 
132
109
682.587
0.999877 0.0114182 0.0107391 -0.0657731 -0.011309 0.999884 -0.0101668 0.030544 -0.0108539 0.0100441 0.999891 0.335503 
129
110
632.64
0.999781 0.0174866 0.0114642 -0.0732078 -0.0174357 0.999838 -0.00452501 0.0386017 -0.0115414 0.00432414 0.999924 0.422153 
130
111
590.987
0.999975 0.00610217 0.00348991 -0.0261563 -0.0060868 0.999972 -0.00439589 0.0442013 -0.00351663 0.00437454 0.999984 0.435696 
131
110
645.434
0.999684 0.0239402 0.00764463 -0.0764104 -0.0238297 0.999615 -0.0142345 0.0596736 -0.00798246 0.0140478 0.999869 0.468766 
123
108
677.821
0.999714 0.0219374 0.00948969 -0.103493 -0.0218354 0.999704 -0.010715 0.0406064 -0.00972194 0.0105047 0.999898 0.463209 
128
113
785.011
0.999585 0.012272 0.0260487 -0.3181 -0.0116463 0.999643 -0.0240348 0.0645426 -0.0263344 0.0237214 0.999372 0.770418 
123
105
474.239
0.999736 0.00506357 0.0224009 -0.728737 -0.00482307 0.99993 -0.0107773 0.399513 -0.0224539 0.0106665 0.999691 2.54202 
124
97
612.138
0.998832 0.013946 -0.0462654 -0.0439062 -0.0143403 0.999864 -0.00820117 0.0396581 0.0461448 0.00885505 0.998896 0.249155 
121
106
2267.06
0.991515 0.110073 -0.0691567 0.655656 -0.107986 0.993597 0.0332348 0.391075 0.0723722 -0.0254848 0.997052 2.6385 
32
19
744.05
0.991515 0.110073 -0.0691567 0.655656 -0.107986 0.993597 0.0332348 0.391075 0.0723722 -0.0254848 0.997052 2.6385 
4
19
744.05
0.99367 -0.0813036 -0.0775254 -0.50117 0.077422 0.99565 -0.0518287 0.398799 0.081402 0.0454985 0.995642 1.50782 
23
19
661.604
0.996332 -0.0515925 0.0682682 -0.0040009 0.0516986 0.998663 0.000213626 -0.0402776 -0.0681879 0.00331653 0.997667 -0.810911 
49
32
621.941
0.999997 -0.00107901 -0.00214535 0.0186185 0.00108051 0.999999 0.000695552 0.0386639 0.0021446 -0.000697868 0.999997 0.444988 
146
116
687.977
0.99984 0.0127492 0.0125781 -0.0635766 -0.0126752 0.999902 -0.00594394 -0.0141985 -0.0126527 0.00578355 0.999903 0.325764 
140
113
738.507
0.999999 -0.00102748 -0.00114927 0.0092194 0.00102757 0.999999 7.81301e-05 0.0141903 0.00114919 -7.93109e-05 0.999999 0.381925 
147
114
708.947
0.99994 0.00994625 0.00458549 -0.0339776 -0.00997899 0.999924 0.00717378 -0.0330539 -0.00451379 -0.00721911 0.999964 0.374338 
147
112
749.074
0.999993 0.00226522 0.00300309 -0.0128885 -0.00225261 0.999989 -0.00419537 0.0232278 -0.00301256 0.00418858 0.999987 0.414578 
145
113
669.727
0.999983 -0.00413404 -0.00422235 0.0287025 0.00410001 0.999959 -0.00803635 0.0167961 0.0042554 0.0080189 0.999959 0.372823 
134
114
680.811
0.999054 -0.0118782 -0.0418247 0.0423362 0.0116794 0.999919 -0.00499581 0.0285022 0.0418807 0.0045026 0.999112 0.332465 
132
107
1538.01
0.999054 -0.0118782 -0.0418247 0.0423362 0.0116794 0.999919 -0.00499581 0.0285022 0.0418807 0.0045026 0.999112 0.332465 
5
107
1538.01
0.999054 -0.0118782 -0.0418247 0.0423362 0.0116794 0.999919 -0.00499581 0.0285022 0.0418807 0.0045026 0.999112 0.332465 
3
107
1538.01
0.999054 -0.0118782 -0.0418247 0.0423362 0.0116794 0.999919 -0.00499581 0.0285022 0.0418807 0.0045026 0.999112 0.332465 
0
107
1538.01
0.999054 -0.0118782 -0.0418247 0.0423362 0.0116794 0.999919 -0.00499581 0.0285022 0.0418807 0.0045026 0.999112 0.332465 
3
107
1538.01
0.989049 -0.0961341 -0.111981 -1.05972 0.0961033 0.995355 -0.00568574 0.769532 0.112008 -0.00513827 0.993694 5.34805 
43
27
968.717
0.983865 0.174494 -0.0395033 0.139117 -0.171924 0.983212 0.0611324 0.0235706 0.0495074 -0.0533545 0.997348 0.430607 
47
27
580.642
0.999935 -0.0101979 -0.00506426 0.0379361 0.0101473 0.999899 -0.00991933 0.0577336 0.00516491 0.0098673 0.999938 0.450945 
131
106
653.75
0.999998 -0.00157931 -0.000861016 0.0146132 0.00157106 0.999954 -0.00949888 0.0521888 0.000875978 0.00949751 0.999955 0.439219 
133
102
736.079
0.99985 0.0171765 -0.00210668 -0.0104769 -0.0171897 0.999832 -0.00639332 0.0201919 0.00199651 0.00642857 0.999977 0.418146 
120
99
591.652
0.999997 -0.00189161 0.00166186 -0.00114378 0.0018977 0.999991 -0.00367289 0.0249222 -0.0016549 0.00367603 0.999992 0.372767 
126
94
532.292
0.999594 -0.0275691 -0.00724566 0.0722615 0.0275803 0.999619 0.00144981 0.00281166 0.00720292 -0.00164906 0.999973 0.355136 
115
97
522.062
0.999977 -0.00436133 -0.00512463 0.0399201 0.00437262 0.999988 0.00219471 -0.0256732 0.005115 -0.00221706 0.999984 0.337784 
114
91
515.888
0.999874 -0.0119796 -0.0104303 0.0616889 0.0119102 0.999907 -0.00668918 -0.00850856 0.0105095 0.00656411 0.999923 0.3293 
114
95
605.446
0.999451 -0.0289674 -0.0160836 0.108185 0.0287191 0.999468 -0.015462 0.0177301 0.0165229 0.0149916 0.999751 0.32332 
114
91
534.223
0.999564 -0.0290628 -0.00512556 0.0568064 0.0290061 0.999521 -0.0108175 -0.014664 0.0054375 0.0106641 0.999928 0.170895 
113
95
467.438
0.999987 0.00427325 0.00266548 -0.0172787 -0.0042792 0.999988 0.00223206 -0.00194471 -0.00265591 -0.00224344 0.999994 0.355111 
112
98
468.057
0.999936 0.0113495 -0.00037872 0.000749606 -0.0113527 0.999883 -0.0102323 0.0602372 0.000262545 0.0102359 0.999948 0.442866 
110
92
576.473
0.999998 0.000992432 0.00180435 -0.00887844 -0.000984215 0.999989 -0.00454937 -0.0161955 -0.00180884 0.00454758 0.999988 0.317984 
108
95
597.606
0.999988 -0.00353526 -0.00352131 0.0182088 0.00353128 0.999993 -0.00113657 0.0161023 0.0035253 0.00112412 0.999993 0.38713 
108
91
504.347
0.999983 0.00566568 0.00127561 -0.0104954 -0.00566752 0.999983 0.00144599 0.0152942 -0.0012674 -0.0014532 0.999998 0.395223 
108
95
559.928
0.999965 0.00497538 0.0067439 -0.031829 -0.00493798 0.999972 -0.00555124 0.0267033 -0.00677133 0.00551775 0.999962 0.402131 
108
90
509.32
0.999997 0.00250702 0.000353011 -0.001885 -0.0025023 0.999915 -0.012793 0.0572474 -0.000385053 0.0127921 0.999918 0.427327 
108
92
612.551
0.999994 -0.000371224 -0.0035649 0.0168762 0.000346781 0.999976 -0.00685481 0.0380023 0.00356737 0.00685353 0.99997 0.429663 
116
95
664.003
0.999996 -0.00276847 0.000256306 -0.00262615 0.00276842 0.999996 0.000174276 0.0287957 -0.000256787 -0.000173565 1 0.410168 
120
96
578.665
0.999985 0.00331969 0.00445995 -0.0216348 -0.00331764 0.999994 -0.000466713 0.0117895 -0.00446148 0.00045191 0.99999 0.380076 
116
98
525.363
0.999993 -0.00293253 0.00235648 -0.013704 0.00294696 0.999977 -0.00614346 -0.0195968 -0.00233841 0.00615036 0.999978 0.316173 
121
100
601.945
0.999315 -0.0267888 0.0255139 0.0752342 0.0270731 0.999574 -0.0108618 0.0175568 -0.0252121 0.0115451 0.999615 0.256268 
113
96
1441.38
0.987525 -0.0131187 0.156914 -1.18005 0.0136606 0.999904 -0.00237573 -0.845138 -0.156868 0.00448963 0.987609 -10.0328 
36
24
734.482
0.999999 0.00116596 0.000133787 -0.00209163 -0.00116519 0.999983 -0.00567097 0.035276 -0.000140397 0.00567081 0.999984 0.433039 
144
118
721.446
0.99995 -0.00887393 -0.00466641 0.0245284 0.00885341 0.999951 -0.00439917 -0.0107937 0.00470522 0.00435764 0.999979 0.328613 
144
109
684.667
0.999891 -0.012273 -0.00825701 0.0392792 0.0122327 0.999913 -0.00490409 -0.00799617 0.00831648 0.00480255 0.999954 0.384009 
144
107
754.326
0.999974 0.00573896 0.0042986 -0.033117 -0.00573758 0.999983 -0.000333361 0.00206296 -0.00430044 0.000308689 0.999991 0.358646 
146
114
690.97
0.999982 -0.00596003 -0.000378232 0.015323 0.00596025 0.999982 0.000594028 0.0241488 0.000374684 -0.000596271 1 0.394132 
150
107
707.153
0.999743 0.021278 0.00788452 -0.0668279 -0.0212449 0.999765 -0.00425991 0.0215603 -0.00797331 0.00409131 0.99996 0.415963 
150
113
759.918
0.999946 -0.00690739 -0.00778296 0.0350629 0.00687754 0.999969 -0.00385532 -0.0204033 0.00780935 0.00380158 0.999962 0.332916 
150
112
665.52
0.999996 -0.00270899 -0.000366678 -0.0093038 0.00270632 0.999971 -0.00709218 0.0471739 0.00038588 0.00709116 0.999975 0.45789 
150
110
776.806
0.999745 0.0113142 0.0195252 -0.352421 -0.00968579 0.996621 -0.0815702 -0.00273019 -0.0203822 0.0813603 0.996476 0.0339542 
150
120
735.238
0.999968 0.00780095 0.00194413 -0.0218157 -0.00781523 0.999942 0.00744708 -0.00862985 -0.00188593 -0.00746203 0.99997 0.425953 
146
113
648.25
0.999993 -0.00135598 0.00337448 -0.0203005 0.00135012 0.999998 0.00173896 -0.0218006 -0.00337683 -0.00173439 0.999993 0.374609 
147
110
787.373
0.999751 0.0200697 0.00978979 -0.0700193 -0.0200083 0.99978 -0.00633279 -0.024229 -0.00991473 0.00613534 0.999932 0.304405 
150
117
772.088
0.995591 -0.00961219 -0.09331 -0.213838 0.00756088 0.999722 -0.0223125 -0.0134199 0.0934986 0.0215086 0.995387 -0.0340969 
108
59
2610.82
0.999992 0.00362211 0.00170822 -0.0224984 -0.003625 0.999992 0.00169118 -0.0656178 -0.00170208 -0.00169736 0.999997 0.238727 
150
118
662.008
0.999999 -2.94536e-05 0.00145043 -0.00980735 3.31416e-05 0.999997 -0.00254273 0.0145541 -0.00145035 0.00254277 0.999996 0.392792 
150
117
699.447
0.999999 -0.000628505 -0.000919639 0.000552235 0.000628924 1 0.000455695 0.018374 0.000919352 -0.000456273 0.999999 0.393172 
150
118
755.224
0.999984 0.00272041 0.00488643 -0.0237137 -0.00272642 0.999996 0.00122248 0.0056811 -0.00488308 -0.00123578 0.999987 0.370265 
150
103
786.377
0.999999 -0.000127771 0.00168017 -0.00548564 0.000136489 0.999987 -0.00518941 0.0139632 -0.00167948 0.00518964 0.999985 0.380277 
148
107
744.531
0.999933 0.00843979 0.00786482 -0.0503781 -0.00842963 0.999964 -0.00132322 -0.0399219 -0.0078757 0.00125684 0.999968 0.317089 
147
112
795.985
0.999998 -0.00188131 -0.00119002 0.0015418 0.00188182 0.999998 0.000423174 7.46357e-05 0.00118923 -0.000425412 0.999999 0.393029 
150
111
796.886
0.999914 0.0113122 0.00663186 -0.0470822 -0.0113887 0.999868 0.0116137 -0.0591999 -0.00649961 -0.0116882 0.999911 0.329856 
150
111
823.533
0.999999 -0.000228661 -0.00169835 0.000450064 0.000243615 0.999961 0.00880987 -0.0634268 0.00169627 -0.00881027 0.99996 0.312385 
150
117
810.449
0.999952 0.00798363 -0.00563825 -0.0050233 -0.00793114 0.999926 0.00927127 -0.108611 0.00571185 -0.00922611 0.999941 0.238924 
150
113
841.279
0.999983 0.00112193 -0.00574131 0.0426429 -0.00107962 0.999972 0.00736815 -0.0720754 0.00574942 -0.00736183 0.999956 0.27975 
143
106
925.22
0.999985 0.00111946 -0.00527334 0.027608 -0.0010723 0.999959 0.00893645 -0.0459585 0.00528313 -0.00893066 0.999946 0.332546 
146
115
890.087
0.999269 0.0197018 0.032765 -0.00880636 -0.0214065 0.99839 0.0525204 -0.258745 -0.0316775 -0.0531834 0.998082 0.349509 
142
94
902.818
0.999999 0.000322666 0.00107696 -0.00934809 -0.000318723 0.999993 -0.00365905 0.0149452 -0.00107813 0.00365871 0.999993 0.39977 
150
121
848.907
0.999998 0.00211764 -0.000557751 -0.00279885 -0.00211775 0.999998 -0.000194341 -0.0309262 0.000557339 0.000195522 1 0.355419 
149
116
951.117
0.999997 -0.00128681 -0.00205558 0.0040641 0.00127542 0.999984 -0.00553444 0.0327578 0.00206267 0.0055318 0.999983 0.409237 
147
108
921.691
0.9847 -0.0740387 0.157748 -1.79661 0.0825538 0.995424 -0.0481195 0.60713 -0.153463 0.060406 0.986306 -3.51809 
43
21
1347.45
0.998197 0.00371026 0.0599155 0.0389627 -0.00340316 0.999981 -0.0052267 0.0517951 -0.0599337 0.00501338 0.99819 0.429416 
150
106
3438.71
0.999067 -0.0147743 0.0405907 -0.00528544 0.0143592 0.999842 0.0104991 -0.16229 -0.0407394 -0.00990646 0.999121 -0.0344127 
150
100
853.903
0.998295 -0.014281 0.0566025 0.190729 0.0159341 0.999456 -0.0288627 0.478471 -0.0561596 0.0297153 0.99798 1.04774 
150
97
3322.51
0.992705 0.0817222 0.0886469 0.470589 -0.0762199 0.995049 -0.0637784 -0.131153 -0.0934201 0.0565565 0.994019 0.792211 
44
27
1380.42
0.955324 -0.193821 0.223138 -6.6267 0.219412 0.970893 -0.0960419 -0.372518 -0.198028 0.14071 0.970044 -10.2038 
58
37
2359.77
0.989998 -0.0374395 0.136022 -1.35815 0.0387533 0.999224 -0.00702296 -0.0307199 -0.135654 0.012224 0.990681 -0.499532 
61
34
1695.09
0.963357 -0.249612 -0.0981667 0.0654635 0.248978 0.968326 -0.0188521 -0.0804784 0.099763 -0.00628004 0.994991 -2.51323 
54
28
852.546
0.993473 -0.0550921 0.0998809 -0.957787 0.0540771 0.998454 0.0128431 0.313161 -0.100434 -0.00735805 0.994917 5.98931 
39
28
1113.94
1 -0.000134841 -9.68638e-05 -0.000900158 0.000134859 1 0.000185721 -0.00126354 9.68387e-05 -0.000185734 1 0.411879 
135
114
860.64
0.999999 -0.00106157 -0.000122887 0.00139157 0.00106106 0.999991 -0.00409656 -0.00251587 0.000127235 0.00409642 0.999992 0.384204 
141
111
850.822
0.999994 0.00330325 0.000880678 -0.00907078 -0.00329894 0.999983 -0.00484852 0.0123992 -0.000896679 0.00484559 0.999988 0.393224 
148
113
925.268
