0.999997 0.000457791 -0.00225192 0.00273372 -0.000465301 0.999994 -0.00333591 0.13176 0.00225038 0.00333695 0.999992 0.176067 
142
123
480.669
0.999997 0.000457791 -0.00225192 0.00273372 -0.000465301 0.999994 -0.00333591 0.13176 0.00225038 0.00333695 0.999992 0.176067 
117
90
459.967
0.999997 0.000457791 -0.00225192 0.00273372 -0.000465301 0.999994 -0.00333591 0.13176 0.00225038 0.00333695 0.999992 0.176067 
112
96
324.858
0.999997 0.000457791 -0.00225192 0.00273372 -0.000465301 0.999994 -0.00333591 0.13176 0.00225038 0.00333695 0.999992 0.176067 
128
101
314.391
0.999997 0.000457791 -0.00225192 0.00273372 -0.000465301 0.999994 -0.00333591 0.13176 0.00225038 0.00333695 0.999992 0.176067 
144
93
428.812
0.999997 0.000457791 -0.00225192 0.00273372 -0.000465301 0.999994 -0.00333591 0.13176 0.00225038 0.00333695 0.999992 0.176067 
135
91
432.733
0.999997 0.00142254 0.00221087 -0.00301876 -0.00142238 0.999999 -7.42914e-05 0.0134236 -0.00221098 7.11465e-05 0.999998 0.704467 
132
84
381.65
0.999997 0.00142254 0.00221087 -0.00301876 -0.00142238 0.999999 -7.42914e-05 0.0134236 -0.00221098 7.11465e-05 0.999998 0.704467 
138
94
356.068
0.999997 0.00142254 0.00221087 -0.00301876 -0.00142238 0.999999 -7.42914e-05 0.0134236 -0.00221098 7.11465e-05 0.999998 0.704467 
126
99
252.011
0.999972 -0.00455312 -0.00587824 0.0362292 0.00454367 0.999988 -0.00161934 0.0188536 0.00588554 0.00159258 0.999981 0.660368 
139
98
474.944
1 7.06813e-05 0.000498001 -0.00239497 -7.05463e-05 1 -0.000271006 -0.00014702 -0.00049802 0.000270971 1 0.581076 
135
100
403.917
1 7.06813e-05 0.000498001 -0.00239497 -7.05463e-05 1 -0.000271006 -0.00014702 -0.00049802 0.000270971 1 0.581076 
141
101
510.272
1 7.06813e-05 0.000498001 -0.00239497 -7.05463e-05 1 -0.000271006 -0.00014702 -0.00049802 0.000270971 1 0.581076 
141
94
355.657
1 7.06813e-05 0.000498001 -0.00239497 -7.05463e-05 1 -0.000271006 -0.00014702 -0.00049802 0.000270971 1 0.581076 
141
97
494.883
1 7.06813e-05 0.000498001 -0.00239497 -7.05463e-05 1 -0.000271006 -0.00014702 -0.00049802 0.000270971 1 0.581076 
141
93
473.471
0.999999 0.000892382 0.000669701 -0.00851663 -0.000892873 0.999999 0.00073302 0.0066599 -0.000669047 -0.000733618 1 0.673522 
116
89
402.284
1 -0.000492068 -8.75568e-05 0.0020318 0.000492111 1 0.000494613 -0.00960978 8.73134e-05 -0.000494656 1 0.59039 
144
98
851.839
0.999993 0.00277658 0.00262197 -0.0209968 -0.00276705 0.99999 -0.00363177 0.0196397 -0.00263202 0.00362449 0.99999 0.652682 
138
101
842.91
0.999999 0.00139528 0.000572779 -0.0101254 -0.0013948 0.999999 -0.000827081 0.00416224 -0.000573933 0.000826281 0.999999 0.649558 
137
102
1091.52
0.999999 0.00139528 0.000572779 -0.0101254 -0.0013948 0.999999 -0.000827081 0.00416224 -0.000573933 0.000826281 0.999999 0.649558 
130
101
591.805
0.999999 -0.000946327 0.000521286 -0.00384296 0.00094565 0.999999 0.00129911 -0.0121127 -0.000522514 -0.00129862 0.999999 0.619558 
143
106
622.818
0.999999 0.00116096 0.000421969 -0.00440118 -0.00116098 0.999999 6.65026e-05 -0.000186996 -0.000421892 -6.69925e-05 1 0.596701 
139
100
692.903
0.999999 0.00116096 0.000421969 -0.00440118 -0.00116098 0.999999 6.65026e-05 -0.000186996 -0.000421892 -6.69925e-05 1 0.596701 
118
103
340.297
0.999999 0.00116096 0.000421969 -0.00440118 -0.00116098 0.999999 6.65026e-05 -0.000186996 -0.000421892 -6.69925e-05 1 0.596701 
117
102
213.683
0.999993 0.00249567 0.00289469 -0.0201205 -0.00249365 0.999997 -0.000703755 0.00243515 -0.00289644 0.000696532 0.999996 0.631175 
131
105
543.715
0.999993 0.00249567 0.00289469 -0.0201205 -0.00249365 0.999997 -0.000703755 0.00243515 -0.00289644 0.000696532 0.999996 0.631175 
126
103
366.455
0.999993 0.00249567 0.00289469 -0.0201205 -0.00249365 0.999997 -0.000703755 0.00243515 -0.00289644 0.000696532 0.999996 0.631175 
137
101
407.691
0.999996 -0.00170996 -0.00208375 0.00884143 0.00170906 0.999998 -0.000434174 -0.00844983 0.00208449 0.000430611 0.999998 0.59327 
143
115
852.117
0.999996 -0.00170996 -0.00208375 0.00884143 0.00170906 0.999998 -0.000434174 -0.00844983 0.00208449 0.000430611 0.999998 0.59327 
125
91
158.98
0.999999 -0.00119452 -0.000708177 0.00390076 0.00119493 0.999999 0.000578075 -0.00773191 0.000707486 -0.000578921 1 0.591633 
144
109
630.436
0.999999 -0.00119452 -0.000708177 0.00390076 0.00119493 0.999999 0.000578075 -0.00773191 0.000707486 -0.000578921 1 0.591633 
124
96
246.122
1 0.000652764 -0.000566411 0.00560557 -0.000652582 1 0.000320496 -0.00105034 0.00056662 -0.000320126 1 0.599211 
134
108
781.686
0.999999 0.000437151 0.00111533 -0.0096983 -0.000436896 1 -0.000228652 -0.00453977 -0.00111543 0.000228165 0.999999 0.432057 
134
101
632.59
0.999999 0.000437151 0.00111533 -0.0096983 -0.000436896 1 -0.000228652 -0.00453977 -0.00111543 0.000228165 0.999999 0.432057 
138
101
399.086
0.999998 -0.00115185 -0.00186219 0.0102223 0.00115316 0.999999 0.000703688 -0.0165295 0.00186138 -0.000705834 0.999998 0.572889 
137
101
423.778
0.999998 -0.00115185 -0.00186219 0.0102223 0.00115316 0.999999 0.000703688 -0.0165295 0.00186138 -0.000705834 0.999998 0.572889 
114
101
207.348
0.999998 -0.00115185 -0.00186219 0.0102223 0.00115316 0.999999 0.000703688 -0.0165295 0.00186138 -0.000705834 0.999998 0.572889 
115
99
273.038
0.999979 0.00396555 0.0050386 -0.030451 -0.00396652 0.999992 0.000180656 -0.0122938 -0.00503784 -0.000200638 0.999987 0.570432 
137
108
978.618
0.999979 0.00396555 0.0050386 -0.030451 -0.00396652 0.999992 0.000180656 -0.0122938 -0.00503784 -0.000200638 0.999987 0.570432 
132
100
827.383
1 -0.000596789 -0.000499478 0.00172282 0.000597269 0.999999 0.000959543 -0.0161223 0.000498905 -0.000959841 0.999999 0.484793 
123
96
343.612
1 2.44638e-06 -8.58713e-06 -0.00212769 -2.44583e-06 1 6.44118e-05 -0.00489576 8.58729e-06 -6.44118e-05 1 0.576591 
114
101
231.712
0.999994 0.0024244 0.0024542 -0.0174863 -0.00242675 0.999997 0.000956774 -0.0257576 -0.00245187 -0.000962724 0.999997 0.710144 
116
94
278.55
1 0.000704075 0.000412698 -0.00986734 -0.00070388 1 -0.000471311 -0.000580922 -0.00041303 0.00047102 1 0.524585 
142
98
746.848
1 0.000704075 0.000412698 -0.00986734 -0.00070388 1 -0.000471311 -0.000580922 -0.00041303 0.00047102 1 0.524585 
130
90
335.513
1 0.000651339 -0.000237876 0.0010671 -0.000651222 1 0.000492842 -0.0277022 0.000238196 -0.000492687 1 0.534244 
136
92
247.454
1 0.000652126 0.000163571 0.00515665 -0.000652241 1 0.000705207 -0.00666296 -0.000163111 -0.000705313 1 0.59615 
138
100
733.18
1 0.000652126 0.000163571 0.00515665 -0.000652241 1 0.000705207 -0.00666296 -0.000163111 -0.000705313 1 0.59615 
127
99
314.115
1 0.000433939 0.000284417 -0.00345725 -0.000433903 1 -0.000129153 -0.00577552 -0.000284473 0.00012903 1 0.571292 
138
107
765.414
1 0.000433939 0.000284417 -0.00345725 -0.000433903 1 -0.000129153 -0.00577552 -0.000284473 0.00012903 1 0.571292 
135
99
449.403
1 0.000433939 0.000284417 -0.00345725 -0.000433903 1 -0.000129153 -0.00577552 -0.000284473 0.00012903 1 0.571292 
114
100
336.365
1 0.000433939 0.000284417 -0.00345725 -0.000433903 1 -0.000129153 -0.00577552 -0.000284473 0.00012903 1 0.571292 
116
98
274.24
0.999998 0.000785846 0.00182098 -0.0194864 -0.000785505 1 -0.000188219 0.00241321 -0.00182112 0.000186788 0.999998 0.590191 
139
103
505.054
0.999998 0.000785846 0.00182098 -0.0194864 -0.000785505 1 -0.000188219 0.00241321 -0.00182112 0.000186788 0.999998 0.590191 
131
106
396.039
0.999998 0.000785846 0.00182098 -0.0194864 -0.000785505 1 -0.000188219 0.00241321 -0.00182112 0.000186788 0.999998 0.590191 
134
96
509.484
0.999998 0.000785846 0.00182098 -0.0194864 -0.000785505 1 -0.000188219 0.00241321 -0.00182112 0.000186788 0.999998 0.590191 
109
101
185.638
0.999998 0.000785846 0.00182098 -0.0194864 -0.000785505 1 -0.000188219 0.00241321 -0.00182112 0.000186788 0.999998 0.590191 
130
96
389.493
1 0.000557326 0.000481233 -0.00280695 -0.000557471 1 0.000301675 -0.0090286 -0.000481065 -0.000301943 1 0.559801 
120
99
338.454
1 0.000557326 0.000481233 -0.00280695 -0.000557471 1 0.000301675 -0.0090286 -0.000481065 -0.000301943 1 0.559801 
130
109
362.146
0.999996 0.00279983 -0.000879218 -0.0117097 -0.00280105 0.999995 -0.00139439 0.0124366 0.00087531 0.00139685 0.999999 0.572715 
138
93
783.924
0.979961 0.000537543 -0.199191 -0.0421489 -0.00202464 0.999972 -0.0072621 -0.0228663 0.199181 0.00751986 0.979934 0.237742 
132
102
3217.4
0.999999 -0.000589463 -0.00152728 0.00176946 0.000589277 1 -0.000122283 0.00516005 0.00152736 0.000121383 0.999999 0.580664 
126
99
472.296
0.99999 0.0028793 0.0034703 -0.0258097 -0.00287697 0.999996 -0.000676159 0.0115846 -0.00347223 0.000666168 0.999994 0.615334 
125
99
495.241
0.99999 0.0028793 0.0034703 -0.0258097 -0.00287697 0.999996 -0.000676159 0.0115846 -0.00347223 0.000666168 0.999994 0.615334 
106
89
236.281
0.999969 0.0062237 0.00477545 -0.0273558 -0.00621649 0.99998 -0.00152207 0.00522394 -0.00478483 0.00149234 0.999987 0.641047 
121
95
394.307
0.999998 0.000301315 -0.00175501 0.00821382 -0.000304435 0.999998 -0.0017779 0.00241955 0.00175447 0.00177843 0.999997 0.590267 
135
93
620.595
