1 0 0 0 0 1 0 0 0 0 1 0 
123
101
243.771
1 0 0 0 0 1 0 0 0 0 1 0 
131
118
141.181
1 0 0 0 0 1 0 0 0 0 1 0 
129
128
90.964
1 0 0 0 0 1 0 0 0 0 1 0 
132
128
94.2134
1 0 0 0 0 1 0 0 0 0 1 0 
131
126
115.692
1 0 0 0 0 1 0 0 0 0 1 0 
122
103
222.978
1 0 0 0 0 1 0 0 0 0 1 0 
121
106
192.192
1 0 0 0 0 1 0 0 0 0 1 0 
133
133
7
0.999983 -0.0045365 -0.0036978 0.0292292 0.00451829 0.999978 -0.00491799 0.0201656 0.00372002 0.00490119 0.999981 0.415334 
115
99
491.195
0.999946 0.00993905 0.00309224 -0.0305507 -0.00994202 0.99995 0.000947061 0.01032 -0.00308267 -0.000977753 0.999995 0.40317 
124
111
538.554
0.99988 0.015077 0.00355734 -0.0460986 -0.0150683 0.999883 -0.00246709 0.0199286 -0.00359412 0.00241319 0.999991 0.426506 
114
100
446.677
0.999989 -0.00461046 -0.000663688 0.0453185 0.0046134 0.999979 0.00449027 0.0253168 0.000642972 -0.00449328 0.99999 1.11375 
115
91
807.97
0.999936 0.0109421 0.00282366 -0.046544 -0.0109437 0.99994 0.000550022 -0.0143698 -0.00281747 -0.000580888 0.999996 0.30827 
110
90
302.258
0.999989 0.00460227 0.00108257 -0.0095492 -0.00459495 0.999967 -0.00666759 0.0157945 -0.00111322 0.00666255 0.999977 0.488456 
115
99
557.178
0.999988 0.00488884 0.000925931 -0.0134395 -0.00488448 0.999977 -0.00465466 0.0071823 -0.000948666 0.00465008 0.999989 0.404253 
115
103
395.085
0.999989 0.00471226 -0.000716917 -0.00883015 -0.00471032 0.999985 0.00268301 0.0131018 0.000729549 -0.0026796 0.999996 0.392604 
100
82
387.49
0.999938 0.0107673 0.00271035 -0.0295713 -0.0107799 0.999931 0.0046855 0.00532494 -0.00265971 -0.00471443 0.999985 0.40665 
122
105
413.302
0.999996 -0.0029249 1.0796e-05 0.00520516 0.0029249 0.999964 -0.00795876 0.0496705 1.2483e-05 0.00795875 0.999968 0.48104 
121
98
547.097
0.999884 0.0144372 0.00484786 -0.0507901 -0.0143984 0.999865 -0.00793479 0.00479287 -0.00496176 0.00786407 0.999957 0.395736 
117
103
576.146
0.999892 0.01395 0.00460561 -0.0535846 -0.0139361 0.999898 -0.00304998 0.015483 -0.00464769 0.00298547 0.999985 0.422223 
119
107
387.917
0.999944 -0.01024 -0.00275746 0.0268185 0.0102516 0.999939 0.00421323 0.00707977 0.00271415 -0.00424126 0.999987 0.400122 
116
101
428.169
0.999498 -0.0307567 -0.00760641 0.0750308 0.0307108 0.99951 -0.00608159 0.0196211 0.00778974 0.00584493 0.999953 0.360325 
129
107
531.891
0.999838 0.0175514 0.0039618 -0.0406552 -0.0175198 0.999815 -0.00789087 0.012147 -0.00409956 0.00782019 0.999961 0.399409 
116
101
433.875
0.999843 -0.0173704 -0.00349112 0.0414669 0.0173407 0.999815 -0.00836325 0.0233574 0.00363575 0.0083014 0.999959 0.399923 
126
102
624.327
0.999862 0.0163648 0.00299014 -0.0373813 -0.0163679 0.999866 0.00100177 0.00492769 -0.00297335 -0.00105058 0.999995 0.363409 
120
102
447.748
1 0.000125238 0.000317549 0.000299795 -0.000126494 0.999992 0.00395806 0.0186374 -0.00031705 -0.0039581 0.999992 0.424529 
133
116
597.345
0.999897 0.0137373 0.0041588 -0.0429564 -0.0137214 0.999899 -0.00382634 0.00299945 -0.00421094 0.00376888 0.999984 0.392403 
129
105
568.676
0.999998 0.0018191 0.000963928 -0.0122998 -0.00181117 0.999965 -0.00816389 0.0253859 -0.000978745 0.00816213 0.999966 0.480844 
110
101
517.485
0.999784 0.0194103 0.00739373 -0.0648762 -0.0193824 0.999805 -0.00382644 0.0146411 -0.00746656 0.0036823 0.999965 0.430683 
131
102
494.685
0.999895 -0.0135832 -0.00495401 0.0452343 0.0135994 0.999902 0.00325492 0.0145189 0.00490931 -0.00332196 0.999982 0.399705 
113
96
351.894
0.999996 -0.00241268 -0.00122876 0.0104789 0.00241503 0.999995 0.00192079 0.0147966 0.00122412 -0.00192375 0.999997 0.406602 
134
120
487.905
0.99996 0.0087052 0.00220173 -0.0250649 -0.00869287 0.999947 -0.00554921 -0.000514797 -0.00224992 0.00552985 0.999982 0.400399 
127
110
565.305
0.999996 0.00288951 -0.000692595 0.00157322 -0.00289355 0.999978 -0.00590021 0.0146826 0.000675531 0.00590219 0.999982 0.445574 
117
98
480.126
0.999702 0.0231908 0.00761904 -0.070539 -0.0231734 0.999729 -0.00237269 0.00603526 -0.007672 0.00219543 0.999968 0.356316 
131
116
467.524
0.999991 0.00396189 0.00148358 -0.0226057 -0.00397039 0.999975 0.00577254 -0.00143622 -0.00146068 -0.00577838 0.999982 0.448588 
121
91
276.939
0.999908 0.0126025 0.00499115 -0.0439654 -0.0125899 0.999917 -0.00254752 0.0112487 -0.00502284 0.00248444 0.999984 0.447408 
129
111
454.641
0.840548 -0.0334807 -0.540702 37.8442 0.237572 0.919776 0.312364 -10.7448 0.486867 -0.391012 0.78107 -1.18772 
68
35
2268.46
0.527044 0.809442 0.258896 0.926667 -0.658175 0.581498 -0.47819 -0.325615 -0.537615 0.0816279 0.83923 25.1626 
12
11
138.91
0.993183 -0.00813977 -0.116282 0.0126172 0.00847082 0.999961 0.00235309 -0.00444948 0.116259 -0.00332206 0.993213 0.222995 
97
84
3026.45
0.993183 -0.00813977 -0.116282 0.0126172 0.00847082 0.999961 0.00235309 -0.00444948 0.116259 -0.00332206 0.993213 0.222995 
115
91
337.166
0.999981 -0.00562718 -0.00236309 0.0228996 0.00563175 0.999982 0.00192911 0.0335269 0.00235219 -0.00194238 0.999995 0.540427 
115
97
359.262
0.999981 -0.00562718 -0.00236309 0.0228996 0.00563175 0.999982 0.00192911 0.0335269 0.00235219 -0.00194238 0.999995 0.540427 
105
92
223.591
0.999981 -0.00562718 -0.00236309 0.0228996 0.00563175 0.999982 0.00192911 0.0335269 0.00235219 -0.00194238 0.999995 0.540427 
106
97
320.934
0.999969 0.00758688 0.00221111 -0.0335336 -0.00758467 0.999971 -0.00100575 -0.00553064 -0.00221868 0.000988944 0.999997 0.403902 
109
95
277.129
0.999983 0.0058643 -0.000496368 -0.0122822 -0.00586169 0.99997 0.00510528 0.00202025 0.000526292 -0.00510228 0.999987 0.430596 
113
95
377.49
0.999947 0.00972767 0.00337111 -0.0426872 -0.00973379 0.999951 0.00180357 -0.0171114 -0.0033534 -0.00183629 0.999993 0.509199 
100
86
149.974
0.999993 -0.00265228 -0.00278141 0.0213085 0.002635 0.999977 -0.00619776 0.014622 0.00279778 0.00619038 0.999977 0.489012 
115
92
474.995
0.999854 -0.0162791 -0.0052365 0.0514751 0.0161929 0.999739 -0.016091 0.0736981 0.00549708 0.0160039 0.999857 0.458805 
130
100
571.489
0.999987 0.00467111 0.00180705 -0.0275149 -0.00467683 0.999984 0.00317009 0.00174467 -0.00179221 -0.0031785 0.999993 0.70884 
102
79
269.239
0.999913 0.0123578 0.0045842 -0.0431762 -0.0123757 0.999916 0.00391585 0.0142984 -0.00453542 -0.00397224 0.999982 0.480666 
113
89
347.904
0.999913 0.0123578 0.0045842 -0.0431762 -0.0123757 0.999916 0.00391585 0.0142984 -0.00453542 -0.00397224 0.999982 0.480666 
97
88
176.301
0.999999 0.000986034 0.00073078 -0.0058671 -0.000978849 0.999952 -0.00976788 0.0517562 -0.000740377 0.00976716 0.999952 0.579294 
125
109
628.391
0.999937 0.0110179 0.00227806 -0.133349 -0.0110071 0.999928 -0.00469551 0.0499508 -0.00232963 0.00467014 0.999986 0.888995 
100
84
84.9675
0.999937 0.0110179 0.00227806 -0.133349 -0.0110071 0.999928 -0.00469551 0.0499508 -0.00232963 0.00467014 0.999986 0.888995 
96
86
227.75
0.999971 0.00759052 -0.000199722 -0.0468693 -0.00758956 0.999961 0.00441123 -0.0408123 0.000233198 -0.00440959 0.99999 0.31739 
114
90
273.398
0.999994 -0.00325421 -0.0010772 0.0180941 0.00324926 0.999984 -0.00456251 -0.00801928 0.00109203 0.00455898 0.999989 0.415687 
104
95
305.883
0.999876 -0.0138935 -0.00738526 0.0614733 0.0138193 0.999854 -0.0100129 0.0351791 0.0075233 0.00990965 0.999923 0.472829 
123
105
471.704
0.999985 -0.00446901 -0.00313113 0.0434066 0.00447854 0.999985 0.00304077 -0.000573878 0.00311749 -0.00305475 0.99999 0.607599 
98
89
144.961
0.99991 -0.0120867 -0.00583689 0.0636643 0.0121149 0.999915 0.00481385 0.0154284 0.00577821 -0.00488413 0.999971 0.466454 
126
103
447.118
0.99991 -0.0120867 -0.00583689 0.0636643 0.0121149 0.999915 0.00481385 0.0154284 0.00577821 -0.00488413 0.999971 0.466454 
96
85
115.351
0.99991 -0.0120867 -0.00583689 0.0636643 0.0121149 0.999915 0.00481385 0.0154284 0.00577821 -0.00488413 0.999971 0.466454 
103
94
256.497
0.999977 -0.00588592 -0.00347233 0.0356901 0.0058792 0.999981 -0.00194047 0.00303414 0.00348368 0.00192001 0.999992 0.405146 
119
93
387.106
0.999977 -0.00588592 -0.00347233 0.0356901 0.0058792 0.999981 -0.00194047 0.00303414 0.00348368 0.00192001 0.999992 0.405146 
103
83
287.37
0.999965 -0.00731844 -0.00414115 0.0475294 0.00732983 0.999969 0.00274317 -0.0108035 0.00412095 -0.00277343 0.999988 0.483127 
102
88
194.603
0.999242 0.0364205 0.013726 -0.170373 -0.036163 0.999174 -0.0185617 0.0381742 -0.0143907 0.0180513 0.999733 0.417938 
114
93
412.544
0.999242 0.0364205 0.013726 -0.170373 -0.036163 0.999174 -0.0185617 0.0381742 -0.0143907 0.0180513 0.999733 0.417938 
97
88
209.854
1 0.000300556 -0.000342368 -0.00104365 -0.000300213 0.999999 0.00100213 0.0177371 0.000342669 -0.00100202 0.999999 0.475891 
121
110
353.934
0.999975 -0.00667911 -0.00230781 0.0258879 0.00669305 0.999959 0.00608447 -0.0149835 0.00226708 -0.00609976 0.999979 0.416325 
100
90
201.27
0.999926 -0.0112586 -0.00452765 0.0561728 0.0112465 0.999933 -0.00269355 0.0036634 0.00455767 0.00264243 0.999986 0.555119 
103
92
152.497
0.999999 0.00147736 -0.000458943 -0.000988289 -0.00148073 0.999971 -0.00742633 0.0133619 0.000447959 0.007427 0.999972 0.466243 
130
103
670.941
0.999992 0.00304057 0.00241934 -0.0226411 -0.00302694 0.99998 -0.00562029 0.033036 -0.00243638 0.00561293 0.999981 0.453608 
120
101
439.301
0.999965 0.00781021 0.00303941 -0.0397649 -0.00782486 0.999958 0.0048367 -0.0027273 -0.0030015 -0.00486032 0.999984 0.488389 
99
91
250.151
0.999965 0.00781021 0.00303941 -0.0397649 -0.00782486 0.999958 0.0048367 -0.0027273 -0.0030015 -0.00486032 0.999984 0.488389 
97
84
166.538
0.999837 -0.0156735 -0.00898535 0.0737338 0.0156077 0.999851 -0.00735077 -0.00780842 0.00909922 0.00720933 0.999933 0.346146 
116
95
549.844
0.999942 -0.0103856 -0.00294969 0.0319384 0.0103699 0.999932 -0.00528591 -0.0150624 0.00300439 0.00525502 0.999982 0.431072 
122
94
294.901
0.999984 0.00511924 0.00224023 -0.035947 -0.00512208 0.999986 0.00126382 -0.00343781 -0.00223373 -0.00127527 0.999997 0.469123 
106
93
259.582
0.999857 -0.0161024 -0.00513551 0.0734984 0.0161235 0.999862 0.00409553 0.0172141 0.00506885 -0.00417775 0.999978 0.609685 
101
87
283.359
0.999918 0.0119985 0.00446729 -0.046717 -0.0119962 0.999928 -0.000561577 -0.00966561 -0.0044737 0.000507941 0.99999 0.402113 
103
85
216.191
0.999996 -0.00277807 -0.000146506 0.0203878 0.00277723 0.999981 -0.00548795 -0.0312756 0.000161749 0.00548752 0.999985 0.377763 
94
86
207.962
0.99991 -0.0121727 -0.00568509 0.0447335 0.0121448 0.999914 -0.00491488 0.00508922 0.00574443 0.00484539 0.999972 0.356678 
117
102
336.853
0.999998 -0.00209587 0.000661118 0.000865094 0.00209168 0.999978 0.00627665 -0.00957191 -0.000674258 -0.00627525 0.99998 0.415725 
114
99
255.408
0.999998 0.00190334 -0.000693663 -0.00487167 -0.00190034 0.999989 0.00429649 0.00478132 0.000701833 -0.00429516 0.999991 0.400751 
122
102
420.67
0.999963 -0.00737565 -0.00444805 0.0458962 0.00735922 0.999966 -0.00369817 -0.00252177 0.00447518 0.00366529 0.999983 0.451348 
120
101
345.363
0.999954 0.00923408 0.00242576 -0.0271805 -0.00921806 0.999936 -0.00653285 -0.00313979 -0.00248593 0.00651019 0.999976 0.403814 
109
100
368.469
0.999999 0.00123956 0.000666668 -0.0222662 -0.00123791 0.999996 -0.00247321 0.0606262 -0.000669731 0.00247238 0.999997 0.646005 
113
87
324.27
0.999959 -0.00890371 -0.00187993 0.0728938 0.00891441 0.999944 0.00576076 -0.00292344 0.00182853 -0.00577728 0.999982 0.687811 
91
82
245.481
0.999995 0.00299849 0.000955144 -0.0116884 -0.00299966 0.999995 0.00122537 -0.00460833 -0.000951465 -0.00122823 0.999999 0.418817 
107
94
282.228
0.99999 0.00414997 0.00139387 -0.0125274 -0.00414167 0.999974 -0.00590366 -0.00616062 -0.00141834 0.00589783 0.999982 0.398653 
126
103
450.266
0.999993 -0.00315748 -0.00200197 0.015967 0.00315169 0.999991 -0.00288947 -0.00433448 0.00201108 0.00288314 0.999994 0.506482 
100
94
265.438
0.999993 -0.00315748 -0.00200197 0.015967 0.00315169 0.999991 -0.00288947 -0.00433448 0.00201108 0.00288314 0.999994 0.506482 
116
96
231.37
0.999993 -0.00315748 -0.00200197 0.015967 0.00315169 0.999991 -0.00288947 -0.00433448 0.00201108 0.00288314 0.999994 0.506482 
101
90
228.738
0.999993 0.00339089 0.00125699 -0.00691936 -0.00338815 0.999992 -0.002179 -0.0294423 -0.00126437 0.00217473 0.999997 0.462153 
100
90
161.727
0.999991 0.00381915 0.00160953 -0.0176441 -0.00380573 0.999959 -0.00826231 0.0213291 -0.00164102 0.00825611 0.999965 0.430083 
131
111
632.094
0.999961 -0.00750996 -0.00455309 0.0690312 0.00750864 0.999972 -0.00030715 -0.00747346 0.00455526 0.000272951 0.99999 1.28428 
94
86
130.991
0.999954 0.00898832 0.00343949 -0.0439861 -0.00900764 0.999943 0.00564554 -0.00336134 -0.00338855 -0.00567626 0.999978 0.436109 
115
97
355.828
0.999998 -0.000597854 -0.0018798 0.0187326 0.00060109 0.999998 0.00172093 0.00148911 0.00187877 -0.00172206 0.999997 0.45993 
121
107
335.42
0.999943 -0.00927861 -0.00529153 0.082871 0.00924763 0.99994 -0.00585068 -0.00767243 0.0053455 0.00580141 0.999969 0.225193 
121
99
626.525
0.999955 0.00869465 0.00376324 -0.0353768 -0.00868128 0.999956 -0.00355378 0.00226376 -0.00379397 0.00352095 0.999987 0.385474 
118
91
318.612
0.999891 -0.0136126 -0.00568692 0.0757541 0.0136179 0.999907 0.000893548 0.00978151 0.00567422 -0.000970895 0.999983 0.3863 
105
89
281.645
0.99999 -0.00370353 -0.00241317 0.0094095 0.00371514 0.999981 0.00482816 0.00289428 0.00239525 -0.00483708 0.999985 0.421741 
131
102
448.567
0.999925 -0.0117993 -0.00338783 0.0442659 0.0117871 0.999924 -0.00360082 -0.0168548 0.00343006 0.00356062 0.999988 0.401652 
130
99
566.442
0.999993 -0.00319193 -0.0017332 0.0565532 0.00318328 0.999983 -0.00497109 -0.00999132 0.00174904 0.00496554 0.999986 0.361041 
102
87
207.325
0.999963 -0.00766466 -0.00402383 0.0334936 0.00766117 0.99997 -0.000880916 -0.00283806 0.00403046 0.000850056 0.999992 0.368151 
105
96
224.082
0.999988 -0.00407119 -0.00267287 0.0238497 0.00408805 0.999972 0.00633203 -0.00847868 0.00264702 -0.00634288 0.999976 0.466089 
105
91
259.553
0.999977 0.0062707 0.00246892 -0.076951 -0.00626664 0.999979 -0.00164562 0.104503 -0.00247919 0.00163011 0.999996 1.38519 
98
83
217.569
0.999998 -0.000959407 0.00172635 -0.0169502 0.000971688 0.999974 -0.0071275 0.0297321 -0.00171946 0.00712916 0.999973 0.604409 
112
93
432.511
0.999992 -0.00373087 -0.00152745 0.0152874 0.00372351 0.999982 -0.00479683 0.0115502 0.00154531 0.00479111 0.999987 0.517915 
106
95
306.601
0.999994 -0.00296243 -0.00184326 0.016246 0.00296911 0.999989 0.0036295 -0.00635084 0.00183249 -0.00363495 0.999992 0.415198 
116
92
441.899
1 0.000128535 9.90591e-05 0.00454239 -0.000129082 0.999985 0.00554131 0.00378929 -9.83454e-05 -0.00554132 0.999985 0.455805 
104
91
292.951
0.999316 -0.0347102 -0.0127933 0.0916827 0.0345626 0.999335 -0.0115825 -0.00481727 0.0131868 0.0111324 0.999851 0.253849 
105
86
284.011
0.99997 0.00682499 0.00356239 -0.0267451 -0.00680372 0.999959 -0.00594827 -0.00285169 -0.00360284 0.00592386 0.999976 0.41463 
128
103
545.148
0.999863 0.0158234 0.00484838 -0.384533 -0.0157879 0.999849 -0.00727876 0.0675659 -0.00496282 0.00720121 0.999962 1.18839 
98
85
147.576
0.999966 0.00758419 0.00327074 -0.0494367 -0.00759989 0.99996 0.00481438 -0.00969966 -0.0032341 -0.00483907 0.999983 0.433926 
104
93
260.861
0.999966 -0.00758345 -0.00338591 0.0368523 0.00759049 0.999969 0.00207057 -0.0108298 0.0033701 -0.0020962 0.999992 0.376543 
107
87
259.905
0.999901 -0.0131894 -0.0048172 0.064806 0.0131444 0.999871 -0.0092627 0.0118494 0.00493874 0.00919847 0.999945 0.392693 
108
93
307.205
0.999997 0.00228132 0.00115305 -0.0130169 -0.00227579 0.999986 -0.00477181 -0.00595585 -0.00116392 0.00476917 0.999988 0.385115 
114
89
431.127
0.999996 -0.00239748 -0.00174909 0.0142642 0.00240235 0.999993 0.002786 -0.000316982 0.00174239 -0.00279019 0.999995 0.472157 
106
87
183.431
0.999984 -0.00506293 -0.00257875 0.0141465 0.00507857 0.999969 0.00609425 -0.018367 0.00254782 -0.00610725 0.999978 0.400267 
113
92
355.931
0.999936 -0.00888791 -0.00694765 9.32651e-05 0.0088657 0.999956 -0.00322142 0.266626 0.00697597 0.00315962 0.999971 1.98834 
117
89
1116.11
0.999967 -0.00747318 -0.00322488 0.0305392 0.00745341 0.999954 -0.00609839 -0.0121322 0.0032703 0.00607415 0.999976 0.397703 
108
99
317.797
0.999997 -0.00232729 0.00125802 -0.00565073 0.00232879 0.999997 -0.00119292 -0.00312626 -0.00125524 0.00119585 0.999998 0.482136 
117
101
292.867
0.999977 0.00618092 0.00268237 -0.0251453 -0.00619254 0.999971 0.00434748 0.00510693 -0.00265542 -0.00436399 0.999987 0.395878 
126
107
537.672
0.999995 -0.0022734 -0.00202283 0.0242833 0.00228046 0.999991 0.00349331 -0.00274474 0.00201487 -0.00349791 0.999992 0.443173 
116
95
267.266
0.999986 0.00526124 3.6874e-05 -0.0168798 -0.00526098 0.999973 -0.00508527 0.0204145 -6.36278e-05 0.005085 0.999987 0.611558 
124
98
389.732
0.999996 -0.000897706 -0.00266201 0.029762 0.000883261 0.999985 -0.00542251 -0.0182787 0.00266684 0.00542013 0.999982 0.480297 
95
83
219.227
0.999981 -0.0050458 -0.00360672 0.0418476 0.00504738 0.999987 0.000427709 0.0041154 0.00360452 -0.000445906 0.999993 0.482631 
114
94
209.54
0.999997 0.000780698 0.00233074 -0.0160426 -0.000796209 0.999977 0.00666123 -0.00448208 -0.00232548 -0.00666307 0.999975 0.720838 
99
81
208.272
0.999997 0.000780698 0.00233074 -0.0160426 -0.000796209 0.999977 0.00666123 -0.00448208 -0.00232548 -0.00666307 0.999975 0.720838 
102
90
100.342
0.999919 -0.0109241 -0.00646116 0.0591744 0.0108698 0.999906 -0.00838166 -0.00320402 0.00655211 0.00831075 0.999944 0.411797 
121
102
438.485
0.999919 -0.0109241 -0.00646116 0.0591744 0.0108698 0.999906 -0.00838166 -0.00320402 0.00655211 0.00831075 0.999944 0.411797 
101
82
169.627
0.999941 -0.0085744 -0.00673361 0.0538687 0.00860212 0.999955 0.00409796 -0.00938839 0.00669817 -0.00415564 0.999969 0.348691 
105
89
289.296
0.999973 -0.00711701 -0.00208016 0.0243335 0.00712494 0.999967 0.00383101 -0.00560382 0.00205283 -0.00384572 0.99999 0.387566 
114
97
320.546
0.999915 0.0112209 -0.00659681 0.416912 -0.0112848 0.999889 -0.00973775 0.0868442 0.00648681 0.00981137 0.999931 -0.907436 
108
87
176.231
0.999998 -0.00167352 -0.00131901 0.00631258 0.00166639 0.999984 -0.00539337 -0.0118064 0.00132802 0.00539116 0.999985 0.41359 
114
99
479.914
0.999998 -0.001761 0.000258945 0.00452251 0.00176095 0.999998 0.000205083 0.0243586 -0.000259306 -0.000204627 1 0.488669 
126
99
472.562
0.999999 0.000579341 0.00105956 0.000611294 -0.000585379 0.999984 0.00570699 -0.0102323 -0.00105624 -0.00570761 0.999983 0.610926 
104
84
248.276
0.999999 0.000579341 0.00105956 0.000611294 -0.000585379 0.999984 0.00570699 -0.0102323 -0.00105624 -0.00570761 0.999983 0.610926 
93
82
152.325
0.999999 0.000579341 0.00105956 0.000611294 -0.000585379 0.999984 0.00570699 -0.0102323 -0.00105624 -0.00570761 0.999983 0.610926 
100
88
263.709
0.999986 -0.00321091 -0.00427665 0.47945 0.0032234 0.999991 0.00291694 -0.0517846 0.00426725 -0.00293069 0.999987 -0.885686 
102
84
779.41
0.999999 0.00102326 0.000701191 0.00454541 -0.00102705 0.999985 0.00542393 -0.0170782 -0.00069563 -0.00542465 0.999985 0.41172 
106
95
205.116
0.999996 -0.0023592 -0.00172675 0.0132451 0.00236786 0.999985 0.00503202 -0.00892862 0.00171485 -0.00503609 0.999986 0.395919 
123
104
350.318
0.999997 -0.00189772 -0.00142238 0.0163059 0.0018948 0.999996 -0.00205029 -0.0209283 0.00142626 0.00204759 0.999997 0.436584 
113
93
351.962
0.999966 -0.00646144 -0.00503495 0.0376022 0.00642694 0.999956 -0.0068381 -0.0209708 0.00507891 0.00680551 0.999964 0.314815 
118
100
413.76
0.999958 -0.00820767 -0.0041065 0.0326295 0.00820897 0.999966 0.000298825 -0.000660924 0.00410391 -0.000332523 0.999992 0.380943 
117
92
381.02
0.999999 -0.00151378 -0.000436896 -0.00302596 0.00151648 0.999979 0.00625432 -0.00618567 0.00042742 -0.00625498 0.99998 0.383367 
119
90
261.245
0.999992 0.00377576 0.00164477 -0.00738315 -0.00377841 0.999992 0.00160763 -0.00290813 -0.00163869 -0.00161383 0.999997 0.408247 
125
102
383.932
0.999999 -0.000566419 -0.000998183 0.00917596 0.000560805 0.999984 -0.00561613 -0.00147884 0.00100135 0.00561556 0.999984 0.416397 
123
100
503.74
0.999969 -0.00692272 -0.00364923 0.0270551 0.00691192 0.999972 -0.00296446 0.00140876 0.00366965 0.00293914 0.999989 0.410813 
115
101
392.701
0.999999 -0.00111563 7.36078e-05 0.0033633 0.00111526 0.999987 0.00489167 -0.000161594 -7.90642e-05 -0.00489159 0.999988 0.404695 
113
101
350.434
0.999911 0.0128916 0.00340216 -0.0568573 -0.0129062 0.999907 0.00431058 0.0299915 -0.00334628 -0.00435411 0.999985 0.764845 
105
94
268.968
1 -0.000205149 -0.000670743 0.00425369 0.000203649 0.999997 -0.00223614 0.00198366 0.0006712 0.002236 0.999997 0.497651 
108
97
313.694
0.999995 0.00316473 0.000541508 -0.0085139 -0.00316062 0.999967 -0.00741831 0.0160668 -0.000564967 0.00741656 0.999972 0.439333 
130
104
715.079
0.999944 0.00964747 0.00431059 -0.0348662 -0.00963434 0.999949 -0.00305627 0.0246938 -0.00433985 0.00301457 0.999986 0.411332 
128
104
431.008
0.999857 -0.0160698 -0.00526347 0.0436158 0.0160876 0.999865 0.00336382 -0.000126976 0.0052087 -0.00344801 0.99998 0.373228 
128
97
456.568
0.99998 -0.00538425 -0.0032561 0.037836 0.00539012 0.999984 0.00179595 -0.0224761 0.00324637 -0.00181347 0.999993 0.385764 
108
97
185.586
0.999999 -0.000388574 0.00139525 -0.00740605 0.000395289 0.999988 -0.00481511 0.00122659 -0.00139336 0.00481566 0.999987 0.46218 
105
91
308.253
0.999977 -0.00654115 -0.00196911 0.0232699 0.00653449 0.999973 -0.00336901 -0.0068731 0.0019911 0.00335606 0.999992 0.428622 
108
91
313.9
0.999637 0.0209529 0.016908 -0.126419 -0.0209363 0.99978 -0.00115705 0.0494425 -0.0169285 0.000802637 0.999856 0.360836 
123
91
320.032
0.999994 -0.00260113 -0.00225902 0.0198963 0.00261332 0.999982 0.00540913 -0.00444628 0.00224491 -0.005415 0.999983 0.50252 
108
91
331.021
0.999675 -0.00198572 -0.0253998 1.26725 0.00186021 0.999986 -0.00496388 -0.400392 0.0254093 0.00491502 0.999665 -2.41293 
118
87
231.996
0.999959 0.0077821 0.00460157 -0.0579784 -0.00774587 0.999939 -0.0078392 0.00447119 -0.0046623 0.00780324 0.999959 0.472526 
106
89
294.948
0.999996 -0.00193642 -0.0018262 0.0121924 0.00193551 0.999998 -0.000498534 0.0151445 0.00182716 0.000494997 0.999998 0.468756 
124
110
431.256
0.999996 -0.00193642 -0.0018262 0.0121924 0.00193551 0.999998 -0.000498534 0.0151445 0.00182716 0.000494997 0.999998 0.468756 
107
90
229.195
0.999984 0.00244618 -0.00517445 0.0269432 -0.00243968 0.999996 0.00126223 -0.0292636 0.00517752 -0.00124959 0.999986 0.296425 
116
102
242.961
0.999957 -0.0017698 -0.00908411 0.720523 0.00164756 0.999908 -0.0134465 0.0654929 0.00910707 0.013431 0.999868 -0.811331 
104
88
413.599
0.999894 -0.0132428 -0.00612879 0.0550795 0.0132041 0.999893 -0.0063091 -0.0050372 0.00621168 0.0062275 0.999961 0.406428 
112
90
378.671
0.999988 0.00378424 0.0031121 -0.0236836 -0.00379163 0.99999 0.00237104 0.00476858 -0.00310309 -0.00238282 0.999992 0.454859 
115
90
366.168
0.999993 -0.00315612 -0.00212066 0.0194212 0.00316851 0.999978 0.00586446 -0.00353946 0.0021021 -0.00587114 0.999981 0.457794 
123
101
412.4
0.999926 -0.0106588 -0.0059087 0.158605 0.0106554 0.999943 -0.000609647 0.0171261 0.00591487 0.000546642 0.999982 0.798774 
120
91
143.974
1 -1.74875e-05 -0.000119442 0.0023861 1.65203e-05 0.999967 -0.00809319 0.0230598 0.000119579 0.00809319 0.999967 0.485426 
136
114
667.281
1 -1.74875e-05 -0.000119442 0.0023861 1.65203e-05 0.999967 -0.00809319 0.0230598 0.000119579 0.00809319 0.999967 0.485426 
103
91
138.518
0.999866 -0.00102873 0.0163116 -0.974358 0.000928628 0.999981 0.00614316 0.20169 -0.0163176 -0.00612719 0.999848 -1.8034 
111
92
325.742
0.999976 0.00609408 0.00321144 -0.0277422 -0.0060952 0.999981 0.000340619 0.033765 -0.00320931 -0.000360185 0.999995 0.556863 
134
103
503.576
0.999985 0.0050411 0.002255 -0.0385682 -0.00502794 0.99997 -0.00580741 0.0017403 -0.00228421 0.00579599 0.999981 0.406849 
124
96
364.605
0.999985 0.0050411 0.002255 -0.0385682 -0.00502794 0.99997 -0.00580741 0.0017403 -0.00228421 0.00579599 0.999981 0.406849 
119
94
378.284
0.999958 0.00880094 0.00266497 -0.0270748 -0.00880699 0.999959 0.00226893 -0.0210098 -0.00264489 -0.00229231 0.999994 0.309203 
107
98
228.674
0.999983 -0.00438256 -0.00371553 0.0365998 0.00440313 0.999975 0.00554823 -0.00157274 0.00369112 -0.00556449 0.999978 0.520336 
105
89
224.328
0.999959 -0.00855929 -0.00289258 0.0395343 0.00855392 0.999962 -0.00186278 -0.00714773 0.00290841 0.00183796 0.999994 0.481927 
126
108
334.283
0.999974 -0.0068394 -0.00231506 0.0481955 0.00682465 0.999957 -0.00631942 0.00466609 0.00235818 0.00630345 0.999977 0.543322 
111
96
316.767
0.999911 -0.0127646 -0.00387519 0.040711 0.0127519 0.999913 -0.00330713 -0.0118559 0.00391707 0.00325742 0.999987 0.32967 
115
95
303.742
0.999904 0.0134113 0.00344374 -0.0419094 -0.0134212 0.999906 0.00287014 0.0220927 -0.00340492 -0.00291609 0.99999 0.492975 
119
102
407.478
0.99998 0.00605173 0.00185746 -0.0199029 -0.00605736 0.999977 0.00304031 0.000368752 -0.00183902 -0.0030515 0.999994 0.575179 
112
95
262.637
0.99978 -0.0199547 -0.00649136 0.0571568 0.0199117 0.99978 -0.00661335 -0.019362 0.00662189 0.00648264 0.999957 0.500548 
124
97
360.242
0.999207 -0.0396497 -0.0037338 0.0665844 0.0395844 0.999085 -0.0161878 -0.0287714 0.00437222 0.0160271 0.999862 0.218964 
114
92
432.485
0.99997 -0.00641264 -0.00428056 0.0351898 0.00641445 0.999979 0.000408643 0.00314506 0.00427785 -0.000436088 0.999991 0.410959 
121
96
324.009
0.999981 0.00599062 0.00174852 -0.0234848 -0.00600023 0.999967 0.0055422 0.0047794 -0.00171526 -0.00555258 0.999983 0.532628 
112
94
379.916
0.999997 -0.00226843 -0.0004571 0.00977108 0.00226851 0.999997 0.000176617 -0.000389593 0.000456698 -0.000177653 1 0.435988 
128
107
303.478
0.999997 -0.00226843 -0.0004571 0.00977108 0.00226851 0.999997 0.000176617 -0.000389593 0.000456698 -0.000177653 1 0.435988 
111
93
296.263
0.999997 -0.00234751 -0.000564712 0.00388835 0.00234594 0.999993 -0.00276014 0.012563 0.000571188 0.0027588 0.999996 0.4902 
131
99
433.616
0.999999 -0.0011235 0.000664292 0.00057762 0.00111978 0.999984 0.00557421 -0.0165048 -0.000670544 -0.00557347 0.999984 0.399122 
102
92
239.38
0.999988 -0.00425732 -0.00234699 0.0131119 0.00426799 0.99998 0.00456139 -0.00166893 0.00232753 -0.00457136 0.999987 0.406981 
136
116
559.908
0.999946 -0.0097152 -0.00357777 0.0348067 0.00970013 0.999944 -0.00420383 -0.037442 0.00361841 0.0041689 0.999985 0.279019 
127
105
488.238
0.999992 -0.00374482 -0.00168705 0.00819401 0.00373497 0.999976 -0.00580481 0.00653212 0.00170875 0.00579846 0.999982 0.527837 
111
88
444.883
1 -8.86104e-05 0.000724157 5.1725e-05 8.87925e-05 1 -0.000251516 0.0068679 -0.000724135 0.000251581 1 0.383055 
115
100
249.411
1 -8.86104e-05 0.000724157 5.1725e-05 8.87925e-05 1 -0.000251516 0.0068679 -0.000724135 0.000251581 1 0.383055 
114
96
199.187
0.999919 -0.01269 -0.0001996 0.0274984 0.0126902 0.999919 0.00103387 -0.0348309 0.000186464 -0.00103632 0.999999 0.316873 
129
103
375.261
0.999996 -0.00261299 -0.000828766 0.0112527 0.00260859 0.999983 -0.00526275 -0.010353 0.000842503 0.00526057 0.999986 0.40607 
120
97
514.959
0.999937 0.0109786 0.00250848 -0.0657561 -0.0109658 0.999927 -0.00503393 0.0138563 -0.00256356 0.00500611 0.999984 0.485964 
126
97
402.765
0.999953 -0.00878932 -0.00401234 0.0443395 0.00880908 0.999949 0.00493353 0.0031966 0.00396877 -0.00496865 0.99998 0.578643 
104
93
201.116
0.999992 0.00399921 0.000459546 -0.00588143 -0.00400133 0.999981 0.00472692 0.00241684 -0.000440634 -0.00472872 0.999989 0.425069 
136
112
421.409
