1 0 0 0 0 1 0 0 0 0 1 0 
90
85
62.8254
1 0 0 0 0 1 0 0 0 0 1 0 
81
74
75.5884
1 0 0 0 0 1 0 0 0 0 1 0 
80
75
226.959
1 0 0 0 0 1 0 0 0 0 1 0 
90
88
64.4361
1 0 0 0 0 1 0 0 0 0 1 0 
83
76
125.342
1 0 0 0 0 1 0 0 0 0 1 0 
87
84
37.129
1 0 0 0 0 1 0 0 0 0 1 0 
82
75
128.565
1 0 0 0 0 1 0 0 0 0 1 0 
81
78
120.947
1 0 0 0 0 1 0 0 0 0 1 0 
79
76
89.8751
1 0 0 0 0 1 0 0 0 0 1 0 
81
73
82.7652
1 0 0 0 0 1 0 0 0 0 1 0 
80
77
106.349
1 0 0 0 0 1 0 0 0 0 1 0 
79
73
99.6119
1 0 0 0 0 1 0 0 0 0 1 0 
82
79
36.5606
1 0 0 0 0 1 0 0 0 0 1 0 
79
75
126.063
1 0 0 0 0 1 0 0 0 0 1 0 
78
75
38.7213
1 0 0 0 0 1 0 0 0 0 1 0 
77
69
118.609
0.999925 0.0117068 0.00362167 -0.0471668 -0.0117186 0.999926 0.00324316 -0.0331807 -0.00358344 -0.00328535 0.999988 1.26362 
77
69
120.543
0.999925 0.0117068 0.00362167 -0.0471668 -0.0117186 0.999926 0.00324316 -0.0331807 -0.00358344 -0.00328535 0.999988 1.26362 
74
73
82.4861
0.999925 0.0117068 0.00362167 -0.0471668 -0.0117186 0.999926 0.00324316 -0.0331807 -0.00358344 -0.00328535 0.999988 1.26362 
80
71
148.049
0.999925 0.0117068 0.00362167 -0.0471668 -0.0117186 0.999926 0.00324316 -0.0331807 -0.00358344 -0.00328535 0.999988 1.26362 
74
69
88.2313
0.999925 0.0117068 0.00362167 -0.0471668 -0.0117186 0.999926 0.00324316 -0.0331807 -0.00358344 -0.00328535 0.999988 1.26362 
74
66
121.757
0.999995 -0.00284859 -0.00163288 0.00364111 0.00284766 0.999996 -0.000576515 0.00164952 0.00163451 0.000571862 0.999999 0.523023 
78
74
68.5611
0.999962 0.00160825 -0.00859759 0.31535 -0.0015237 0.99995 0.00983265 -0.013978 0.00861297 -0.00981917 0.999915 -0.447136 
78
75
123.377
0.999962 0.00160825 -0.00859759 0.31535 -0.0015237 0.99995 0.00983265 -0.013978 0.00861297 -0.00981917 0.999915 -0.447136 
74
72
60.4272
0.999962 0.00160825 -0.00859759 0.31535 -0.0015237 0.99995 0.00983265 -0.013978 0.00861297 -0.00981917 0.999915 -0.447136 
77
73
111.811
0.999962 0.00160825 -0.00859759 0.31535 -0.0015237 0.99995 0.00983265 -0.013978 0.00861297 -0.00981917 0.999915 -0.447136 
76
71
127.996
0.999962 0.00160825 -0.00859759 0.31535 -0.0015237 0.99995 0.00983265 -0.013978 0.00861297 -0.00981917 0.999915 -0.447136 
77
77
74.2706
0.999962 0.00160825 -0.00859759 0.31535 -0.0015237 0.99995 0.00983265 -0.013978 0.00861297 -0.00981917 0.999915 -0.447136 
75
74
97.5811
0.999962 0.00160825 -0.00859759 0.31535 -0.0015237 0.99995 0.00983265 -0.013978 0.00861297 -0.00981917 0.999915 -0.447136 
77
74
72.145
0.999962 0.00160825 -0.00859759 0.31535 -0.0015237 0.99995 0.00983265 -0.013978 0.00861297 -0.00981917 0.999915 -0.447136 
78
74
115.03
0.999962 0.00160825 -0.00859759 0.31535 -0.0015237 0.99995 0.00983265 -0.013978 0.00861297 -0.00981917 0.999915 -0.447136 
79
74
78.2647
0.999962 0.00160825 -0.00859759 0.31535 -0.0015237 0.99995 0.00983265 -0.013978 0.00861297 -0.00981917 0.999915 -0.447136 
78
74
109.167
0.999962 0.00160825 -0.00859759 0.31535 -0.0015237 0.99995 0.00983265 -0.013978 0.00861297 -0.00981917 0.999915 -0.447136 
75
72
53.1973
0.999962 0.00160825 -0.00859759 0.31535 -0.0015237 0.99995 0.00983265 -0.013978 0.00861297 -0.00981917 0.999915 -0.447136 
76
72
108.492
0.999962 0.00160825 -0.00859759 0.31535 -0.0015237 0.99995 0.00983265 -0.013978 0.00861297 -0.00981917 0.999915 -0.447136 
74
70
148.644
0.999976 -0.00455915 -0.0051245 0.108182 0.00453575 0.999979 -0.00456873 0.0239255 0.00514523 0.00454538 0.999976 0.932598 
79
74
78.7384
