1 0 0 0 0 1 0 0 0 0 1 0 
80
64
88.2479
1 0 0 0 0 1 0 0 0 0 1 0 
78
64
106.595
0.999992 -0.00247738 0.00301588 -0.219166 0.00248732 0.999991 -0.00329821 0.264574 -0.00300768 0.00330569 0.99999 0.894022 
78
56
152.115
0.999962 -0.00631114 -0.00600054 -0.013966 0.00630867 0.99998 -0.000430537 0.0162933 0.00600314 0.000392666 0.999982 0.504563 
78
52
131.885
0.999998 -0.00172627 0.0013005 -0.00741027 0.00172785 0.999998 -0.00121873 0.0167066 -0.0012984 0.00122097 0.999998 1.07873 
79
58
146.094
0.999999 -0.000852582 0.00115055 -0.160656 0.000848806 0.999994 0.00327797 -0.0725916 -0.00115333 -0.00327699 0.999994 0.73512 
78
52
142.359
1 0.000719789 0.000628241 0.027934 -0.000720708 0.999999 0.00146392 0.0158775 -0.000627186 -0.00146437 0.999999 0.768402 
78
59
145.559
0.999999 -6.3923e-05 -0.00105328 0.0301865 6.53721e-05 0.999999 0.00137586 -0.0252957 0.00105319 -0.00137593 0.999998 1.05788 
78
61
163.604
0.999999 -6.3923e-05 -0.00105328 0.0301865 6.53721e-05 0.999999 0.00137586 -0.0252957 0.00105319 -0.00137593 0.999998 1.05788 
78
58
72.9918
0.99995 0.000892438 -0.00994298 0.426727 -0.00092074 0.999996 -0.00284225 -0.0756761 0.0099404 0.00285127 0.999947 0.795859 
79
61
118.878
0.999992 0.00234708 0.00325325 -0.0629774 -0.00234173 0.999996 -0.00164788 0.0583439 -0.0032571 0.00164024 0.999993 0.903222 
79
53
167.226
0.999998 0.000423637 0.00205829 -0.017323 -0.00042249 1 -0.000557986 0.0403801 -0.00205852 0.000557115 0.999998 0.610035 
79
54
212.139
0.999994 0.00104993 0.00330715 -0.0154205 -0.00105093 0.999999 0.00029941 0.00735762 -0.00330683 -0.000302884 0.999994 1.25784 
78
63
115.443
1 0.000247155 -0.000620021 -0.0469054 -0.000248782 0.999997 -0.0026246 -0.0365423 0.00061937 0.00262475 0.999996 0.990884 
78
53
138.29
0.999955 -0.00615909 -0.00722737 0.238531 0.00613368 0.999975 -0.00353329 -0.187701 0.00724895 0.0034888 0.999968 0.806952 
78
48
144.668
0.999997 -0.00123517 -0.00218029 -0.0353312 0.00123136 0.999998 -0.00174747 0.122681 0.00218244 0.00174478 0.999996 0.865922 
78
57
158.663
0.999997 -0.00123517 -0.00218029 -0.0353312 0.00123136 0.999998 -0.00174747 0.122681 0.00218244 0.00174478 0.999996 0.865922 
78
59
143.133
0.999999 0.000591573 0.00104398 -0.0226623 -0.000591169 1 -0.00038691 -0.0267356 -0.00104421 0.000386292 0.999999 1.39822 
78
62
156.503
0.99991 0.00532895 -0.0123085 0.132776 -0.00540145 0.999968 -0.00586482 0.100903 0.0122769 0.00593078 0.999907 0.196908 
79
57
134.657
0.99991 0.00532895 -0.0123085 0.132776 -0.00540145 0.999968 -0.00586482 0.100903 0.0122769 0.00593078 0.999907 0.196908 
78
59
59.8233
0.999998 0.000845556 0.00168831 -0.0274662 -0.000854367 0.999986 0.00522488 0.0160509 -0.00168387 -0.00522632 0.999985 0.704529 
78
58
129.746
0.999998 0.000845556 0.00168831 -0.0274662 -0.000854367 0.999986 0.00522488 0.0160509 -0.00168387 -0.00522632 0.999985 0.704529 
78
70
79.81
0.999995 0.00250509 0.00200146 -0.017777 -0.00250494 0.999997 -7.47001e-05 0.00847836 -0.00200164 6.96862e-05 0.999998 0.91476 
78
62
93.4564
1 -0.000180702 -0.000728699 0.000186129 0.000180513 1 -0.000258476 0.00703671 0.000728746 0.000258344 1 0.510895 
78
54
106.864
0.999996 0.000826508 0.00256769 -0.0215413 -0.000826838 1 0.000127391 0.0540149 -0.00256758 -0.000129514 0.999997 1.13614 
78
56
108.186
0.999999 -0.000557264 -0.00100047 -0.00559106 0.0005582 0.999999 0.000935982 0.000214623 0.000999948 -0.00093654 0.999999 0.581213 
78
56
126.654
0.999997 0.00135773 0.00220743 0.00495511 -0.00135744 0.999999 -0.000130669 -0.0243417 -0.00220761 0.000127672 0.999998 0.844735 
78
57
108.327
0.999999 -0.000910088 -0.00128806 0.00757009 0.000908772 0.999999 -0.00102259 -0.0144188 0.00128899 0.00102142 0.999999 0.642304 
79
68
97.7093
0.999998 0.00197513 0.000897158 0.0160181 -0.00197635 0.999997 0.0013663 -0.0587347 -0.000894457 -0.00136807 0.999999 0.639211 
78
65
85.4992
0.999996 0.00119873 0.00258445 -0.127281 -0.00120352 0.999998 0.0018534 0.0388756 -0.00258222 -0.00185651 0.999995 0.886248 
78
55
118.863
0.999996 0.00119873 0.00258445 -0.127281 -0.00120352 0.999998 0.0018534 0.0388756 -0.00258222 -0.00185651 0.999995 0.886248 
78
64
84.7556
0.999997 0.000573536 -0.00247896 0.0459399 -0.000573956 1 -0.000168497 -0.0902426 0.00247887 0.000169919 0.999997 0.895521 
78
63
139.562
0.999997 0.000573536 -0.00247896 0.0459399 -0.000573956 1 -0.000168497 -0.0902426 0.00247887 0.000169919 0.999997 0.895521 
78
64
102.025
1 9.54528e-06 0.000903831 -0.010119 -1.07993e-05 0.999999 0.00138747 0.0120398 -0.000903817 -0.00138748 0.999999 0.528863 
78
65
115.622
1 -0.0005471 8.9678e-06 0.0219142 0.000547073 0.999996 0.00278248 -0.0443963 -1.04901e-05 -0.00278247 0.999996 1.08666 
78
62
123.91
0.999992 -0.00134972 -0.00381976 0.0930776 0.0013412 0.999997 -0.00223159 -0.0106156 0.00382275 0.00222644 0.99999 0.918667 
78
66
134.097
0.999995 -0.00133999 -0.00275169 0.0148632 0.00133274 0.999996 -0.0026337 0.0104024 0.0027552 0.00263002 0.999993 0.674114 
79
61
132.907
0.999998 -0.00143634 -0.00138861 0.0126605 0.00143798 0.999998 0.00117922 -0.0125718 0.00138691 -0.00118121 0.999998 0.648765 
79
64
110.37
0.999998 -0.000938345 -0.00153799 0.0403144 0.000940947 0.999998 0.0016916 -0.0169413 0.0015364 -0.00169304 0.999997 0.697377 
78
48
168.047
0.999994 0.00312768 -0.00173234 0.0542222 -0.00312087 0.999987 0.00392156 -0.188718 0.00174458 -0.00391613 0.999991 1.04095 
78
62
96.2873
0.999994 0.00312768 -0.00173234 0.0542222 -0.00312087 0.999987 0.00392156 -0.188718 0.00174458 -0.00391613 0.999991 1.04095 
77
58
112.846
0.999995 0.00173252 0.00278978 -0.0550373 -0.00172892 0.999998 -0.00129373 -0.00718642 -0.00279202 0.0012889 0.999995 0.994113 
78
64
112.258
0.999999 0.000979276 -0.000631926 0.0444902 -0.000978566 0.999999 0.00112231 -0.0045544 0.000633025 -0.00112169 0.999999 0.956522 
79
64
121.236
0.999999 0.000979276 -0.000631926 0.0444902 -0.000978566 0.999999 0.00112231 -0.0045544 0.000633025 -0.00112169 0.999999 0.956522 
77
62
90.4301
0.999999 0.000979276 -0.000631926 0.0444902 -0.000978566 0.999999 0.00112231 -0.0045544 0.000633025 -0.00112169 0.999999 0.956522 
75
62
90.6331
0.999999 0.000979276 -0.000631926 0.0444902 -0.000978566 0.999999 0.00112231 -0.0045544 0.000633025 -0.00112169 0.999999 0.956522 
75
61
95.7625
0.999999 0.000979276 -0.000631926 0.0444902 -0.000978566 0.999999 0.00112231 -0.0045544 0.000633025 -0.00112169 0.999999 0.956522 
74
68
51.3422
0.999998 0.00130146 0.00173663 -0.0183131 -0.00130407 0.999998 0.0015056 0.0231531 -0.00173467 -0.00150786 0.999997 0.93759 
76
60
108.612
0.999998 0.00130146 0.00173663 -0.0183131 -0.00130407 0.999998 0.0015056 0.0231531 -0.00173467 -0.00150786 0.999997 0.93759 
76
62
88.2317
0.999998 0.000890108 0.00193171 -0.0205667 -0.000887899 0.999999 -0.00114429 -0.0434289 -0.00193272 0.00114257 0.999997 0.923837 
75
62
81.1389
0.999998 0.000890108 0.00193171 -0.0205667 -0.000887899 0.999999 -0.00114429 -0.0434289 -0.00193272 0.00114257 0.999997 0.923837 
76
65
75.8949
0.999998 0.000648719 -0.0018333 0.0379394 -0.00064576 0.999998 0.00161393 -0.0363876 0.00183435 -0.00161274 0.999997 0.808657 
75
58
127.671
0.999978 -0.00616393 -0.00240121 -0.00170627 0.0061691 0.999979 0.00215115 -0.00862226 0.0023879 -0.00216591 0.999995 0.56928 
73
56
107.963
0.999978 -0.00616393 -0.00240121 -0.00170627 0.0061691 0.999979 0.00215115 -0.00862226 0.0023879 -0.00216591 0.999995 0.56928 
75
64
54.7739
0.999978 -0.00616393 -0.00240121 -0.00170627 0.0061691 0.999979 0.00215115 -0.00862226 0.0023879 -0.00216591 0.999995 0.56928 
73
60
73.6269
0.999978 -0.00616393 -0.00240121 -0.00170627 0.0061691 0.999979 0.00215115 -0.00862226 0.0023879 -0.00216591 0.999995 0.56928 
75
64
62.4725
0.999997 -0.00148594 -0.00200906 0.0283786 0.00149065 0.999996 0.00234609 -0.0337444 0.00200556 -0.00234907 0.999995 1.0059 
76
61
98.5544
0.999988 0.00406039 0.00271555 0.0523428 -0.00406389 0.999991 0.0012848 0.00207316 -0.00271031 -0.00129582 0.999995 0.832964 
74
60
85.5244
0.999988 0.00406039 0.00271555 0.0523428 -0.00406389 0.999991 0.0012848 0.00207316 -0.00271031 -0.00129582 0.999995 0.832964 
72
60
67.8173
0.999997 0.0023069 -0.000244092 0.0438668 -0.00230741 0.999995 -0.00209542 0.00413761 0.000239257 0.00209598 0.999998 0.951433 
75
57
97.915
1 -0.000312045 0.000839224 0.02946 0.000310726 0.999999 0.00157228 0.000881046 -0.000839714 -0.00157202 0.999998 0.542813 
76
63
75.8921
0.999999 0.00133911 -0.000515745 0.0636849 -0.00133517 0.99997 0.00757353 -0.135155 0.000525872 -0.00757284 0.999971 0.492987 
74
55
102.103
0.999999 0.00133911 -0.000515745 0.0636849 -0.00133517 0.99997 0.00757353 -0.135155 0.000525872 -0.00757284 0.999971 0.492987 
75
55
92.3144
0.999999 0.00133911 -0.000515745 0.0636849 -0.00133517 0.99997 0.00757353 -0.135155 0.000525872 -0.00757284 0.999971 0.492987 
75
55
80.6384
0.999941 -0.00576212 -0.0092337 0.102335 0.00575279 0.999983 -0.00103631 0.0208421 0.00923951 0.000983124 0.999957 1.19836 
73
65
66.6832
0.999993 -0.000869293 -0.00362091 -0.00424782 0.000879253 0.999996 0.00275015 -0.0138196 0.0036185 -0.00275332 0.99999 0.791944 
75
59
103.472
0.999991 -0.00207664 -0.00373659 0.0459664 0.00208727 0.999994 0.00284239 -0.123068 0.00373067 -0.00285017 0.999989 1.0422 
76
64
109.932
0.999991 -0.00207664 -0.00373659 0.0459664 0.00208727 0.999994 0.00284239 -0.123068 0.00373067 -0.00285017 0.999989 1.0422 
77
60
111.597
0.999991 -0.00207664 -0.00373659 0.0459664 0.00208727 0.999994 0.00284239 -0.123068 0.00373067 -0.00285017 0.999989 1.0422 
77
57
83.3867
0.999991 -0.00207664 -0.00373659 0.0459664 0.00208727 0.999994 0.00284239 -0.123068 0.00373067 -0.00285017 0.999989 1.0422 
76
59
89.0812
0.999998 0.00195441 -0.00100205 -0.0483654 -0.00195413 0.999998 0.000283587 -0.0035827 0.0010026 -0.000281628 0.999999 0.746784 
75
56
113.812
0.996909 -0.00102877 -0.0785585 -0.0321207 0.000643264 0.999988 -0.00493236 -0.0439743 0.0785626 0.00486658 0.996897 1.24913 
76
54
589.303
0.996909 -0.00102877 -0.0785585 -0.0321207 0.000643264 0.999988 -0.00493236 -0.0439743 0.0785626 0.00486658 0.996897 1.24913 
55
43
1343.67
0.972318 0.00220542 -0.233653 -0.107765 -0.0017852 0.999996 0.00200992 -0.00193563 0.233657 -0.00153716 0.972318 -0.339639 
68
48
1689.66
0.972263 0.00860894 -0.233731 -0.191978 -0.00765201 0.999958 0.0050007 0.00890805 0.233764 -0.00307349 0.972289 -0.382546 
72
62
2038.53
0.995086 0.00897165 -0.0986078 -0.835672 -0.00899508 0.99996 0.000206889 -0.193495 0.0986057 0.000681113 0.995126 1.36194 
70
48
1098.85
0.999957 -0.00270171 -0.00885506 0.268692 0.00267501 0.999992 -0.00302568 -0.04515 0.00886316 0.00300187 0.999956 0.371739 
79
62
147.405
0.999957 -0.00270171 -0.00885506 0.268692 0.00267501 0.999992 -0.00302568 -0.04515 0.00886316 0.00300187 0.999956 0.371739 
79
71
74.9917
0.999999 -0.00092289 0.00103347 -0.158994 0.00092163 0.999999 0.00121944 0.000889589 -0.0010346 -0.00121848 0.999999 -0.134557 
83
72
122.401
0.999999 -0.00092289 0.00103347 -0.158994 0.00092163 0.999999 0.00121944 0.000889589 -0.0010346 -0.00121848 0.999999 -0.134557 
82
69
108.016
0.999912 -0.00706445 -0.0112323 0.713637 0.00701386 0.999965 -0.00453668 -0.0727293 0.011264 0.0044575 0.999927 0.714847 
81
61
122.59
0.999912 -0.00706445 -0.0112323 0.713637 0.00701386 0.999965 -0.00453668 -0.0727293 0.011264 0.0044575 0.999927 0.714847 
82
59
166.514
0.999912 -0.00706445 -0.0112323 0.713637 0.00701386 0.999965 -0.00453668 -0.0727293 0.011264 0.0044575 0.999927 0.714847 
80
73
56.6898
0.999912 -0.00706445 -0.0112323 0.713637 0.00701386 0.999965 -0.00453668 -0.0727293 0.011264 0.0044575 0.999927 0.714847 
82
67
146.323
0.999912 -0.00706445 -0.0112323 0.713637 0.00701386 0.999965 -0.00453668 -0.0727293 0.011264 0.0044575 0.999927 0.714847 
81
54
193.899
0.999991 0.00410573 0.00057407 -0.355784 -0.00410705 0.999989 0.00231852 0.0264817 -0.000564545 -0.00232086 0.999997 -0.354597 
85
62
129.868
0.999991 0.00410573 0.00057407 -0.355784 -0.00410705 0.999989 0.00231852 0.0264817 -0.000564545 -0.00232086 0.999997 -0.354597 
85
72
121.016
0.999991 0.00410573 0.00057407 -0.355784 -0.00410705 0.999989 0.00231852 0.0264817 -0.000564545 -0.00232086 0.999997 -0.354597 
82
71
99.7303
0.999991 0.00410573 0.00057407 -0.355784 -0.00410705 0.999989 0.00231852 0.0264817 -0.000564545 -0.00232086 0.999997 -0.354597 
88
58
292.478
0.999978 -0.00281742 -0.00605876 0.659811 0.0028086 0.999995 -0.00146236 0.0118283 0.00606285 0.00144531 0.999981 0.548344 
87
65
269.117
0.999978 -0.00281742 -0.00605876 0.659811 0.0028086 0.999995 -0.00146236 0.0118283 0.00606285 0.00144531 0.999981 0.548344 
87
74
105.24
0.999978 -0.00281742 -0.00605876 0.659811 0.0028086 0.999995 -0.00146236 0.0118283 0.00606285 0.00144531 0.999981 0.548344 
88
77
80.8758
0.999998 0.000876542 0.0017365 -0.521341 -0.000876758 1 0.000123622 0.0107369 -0.00173639 -0.000125144 0.999998 -0.454598 
88
68
137.678
0.999992 -4.73078e-05 -0.00406067 0.572984 5.19105e-05 0.999999 0.00113338 -0.176237 0.00406062 -0.00113359 0.999991 0.768833 
83
62
185.944
0.999992 -4.73078e-05 -0.00406067 0.572984 5.19105e-05 0.999999 0.00113338 -0.176237 0.00406062 -0.00113359 0.999991 0.768833 
85
66
145.243
0.999992 -4.73078e-05 -0.00406067 0.572984 5.19105e-05 0.999999 0.00113338 -0.176237 0.00406062 -0.00113359 0.999991 0.768833 
83
73
104.303
0.999992 -4.73078e-05 -0.00406067 0.572984 5.19105e-05 0.999999 0.00113338 -0.176237 0.00406062 -0.00113359 0.999991 0.768833 
90
70
209.598
0.999992 -4.73078e-05 -0.00406067 0.572984 5.19105e-05 0.999999 0.00113338 -0.176237 0.00406062 -0.00113359 0.999991 0.768833 
90
74
122.095
0.999992 -4.73078e-05 -0.00406067 0.572984 5.19105e-05 0.999999 0.00113338 -0.176237 0.00406062 -0.00113359 0.999991 0.768833 
88
74
127.01
0.999992 -4.73078e-05 -0.00406067 0.572984 5.19105e-05 0.999999 0.00113338 -0.176237 0.00406062 -0.00113359 0.999991 0.768833 
88
72
106.36
0.999992 -4.73078e-05 -0.00406067 0.572984 5.19105e-05 0.999999 0.00113338 -0.176237 0.00406062 -0.00113359 0.999991 0.768833 
89
72
173.075
0.999992 -4.73078e-05 -0.00406067 0.572984 5.19105e-05 0.999999 0.00113338 -0.176237 0.00406062 -0.00113359 0.999991 0.768833 
89
73
132.628
0.999965 0.00086917 -0.00836921 0.79214 -0.000909338 0.999988 -0.00479692 0.0107126 0.00836494 0.00480436 0.999953 0.598457 
90
74
197.884
0.999965 0.00086917 -0.00836921 0.79214 -0.000909338 0.999988 -0.00479692 0.0107126 0.00836494 0.00480436 0.999953 0.598457 
90
75
133.313
0.999965 0.00086917 -0.00836921 0.79214 -0.000909338 0.999988 -0.00479692 0.0107126 0.00836494 0.00480436 0.999953 0.598457 
90
79
102.783
0.999996 0.000294581 0.00287222 -0.79216 -0.000298056 0.999999 0.00120937 0.00297954 -0.00287186 -0.00121022 0.999995 -0.622205 
88
80
103.417
0.999968 0.00333068 -0.00730804 0.563439 -0.0033287 0.999994 0.000283202 -0.00556578 0.00730894 -0.000258866 0.999973 0.486923 
89
81
154.494
0.999959 -0.00104767 -0.0090071 0.399731 0.00101966 0.999995 -0.00311405 -0.00856058 0.00901031 0.00310473 0.999955 0.359358 
90
73
119.073
0.999998 -0.000183821 -0.00199437 -0.889518 0.000182866 1 -0.000478929 0.0186056 0.00199446 0.000478564 0.999998 -0.765638 
90
74
203.5
0.999998 -3.53678e-05 0.00192571 -0.0584812 3.79753e-05 0.999999 -0.00135403 -0.000199042 -0.00192566 0.0013541 0.999997 -0.0465664 
84
69
331.799
0.999998 -3.53678e-05 0.00192571 -0.0584812 3.79753e-05 0.999999 -0.00135403 -0.000199042 -0.00192566 0.0013541 0.999997 -0.0465664 
91
79
133.34
0.999998 -3.53678e-05 0.00192571 -0.0584812 3.79753e-05 0.999999 -0.00135403 -0.000199042 -0.00192566 0.0013541 0.999997 -0.0465664 
91
79
130.403
0.999998 -3.53678e-05 0.00192571 -0.0584812 3.79753e-05 0.999999 -0.00135403 -0.000199042 -0.00192566 0.0013541 0.999997 -0.0465664 
91
77
104.068
0.999998 -3.53678e-05 0.00192571 -0.0584812 3.79753e-05 0.999999 -0.00135403 -0.000199042 -0.00192566 0.0013541 0.999997 -0.0465664 
88
62
1085.63
0.972765 0.00202854 0.231785 0.841195 -0.00221526 0.999997 0.000545298 -0.075654 -0.231784 -0.00104391 0.972767 1.01103 
85
53
2261.41
0.980249 0.00416953 0.197723 1.60087 -0.00446781 0.999989 0.00106252 -0.026773 -0.197717 -0.00192493 0.980257 -0.671507 
84
63
3169.23
0.977532 0.0015094 0.210782 1.61816 -0.00027985 0.999983 -0.00586301 -0.047511 -0.210787 0.0056723 0.977516 -0.392523 
83
57
3129.64
0.972458 0.0016744 0.233073 0.0895632 -0.00234343 0.999994 0.00259358 -0.0747472 -0.233067 -0.00306833 0.972456 0.148873 
82
63
2493.94
0.99577 0.00471084 0.0917561 1.13758 -0.00543843 0.999956 0.00768117 0.0181536 -0.0917159 -0.0081477 0.995752 0.163059 
89
56
1439.45
0.99577 0.00471084 0.0917561 1.13758 -0.00543843 0.999956 0.00768117 0.0181536 -0.0917159 -0.0081477 0.995752 0.163059 
86
63
109.207
0.99577 0.00471084 0.0917561 1.13758 -0.00543843 0.999956 0.00768117 0.0181536 -0.0917159 -0.0081477 0.995752 0.163059 
89
72
101.532
0.99577 0.00471084 0.0917561 1.13758 -0.00543843 0.999956 0.00768117 0.0181536 -0.0917159 -0.0081477 0.995752 0.163059 
81
62
128.634
0.999764 0.00462259 -0.021231 1.14459 -0.00450589 0.999974 0.00554107 -0.228006 0.0212561 -0.00544409 0.999759 1.04569 
89
64
129.877
0.999716 0.00742078 -0.0226364 0.643529 -0.00714475 0.999899 0.0122508 -0.0239782 0.022725 -0.0120856 0.999669 0.19228 
90
65
267.734
0.999716 0.00742078 -0.0226364 0.643529 -0.00714475 0.999899 0.0122508 -0.0239782 0.022725 -0.0120856 0.999669 0.19228 
91
71
108.723
0.999606 0.00170436 -0.0280179 1.9602 -0.0022095 0.999835 -0.0180084 -0.0361246 0.0279826 0.0180632 0.999445 0.804061 
91
60
246.513
0.999606 0.00170436 -0.0280179 1.9602 -0.0022095 0.999835 -0.0180084 -0.0361246 0.0279826 0.0180632 0.999445 0.804061 
91
67
88.1364
0.999606 0.00170436 -0.0280179 1.9602 -0.0022095 0.999835 -0.0180084 -0.0361246 0.0279826 0.0180632 0.999445 0.804061 
90
67
127.164
0.999994 -0.00277966 0.00182377 -0.171958 0.00276486 0.999964 0.00807065 -0.435031 -0.00184614 -0.00806556 0.999966 0.7736 
90
68
154.352
0.999997 0.000182548 -0.00262779 0.229218 -0.000173283 0.999994 0.00352568 -0.427243 0.00262842 -0.00352522 0.99999 0.891666 
90
72
133.771
0.999962 -0.00472285 -0.00731515 0.126616 0.00475209 0.999981 0.00398612 -0.190872 0.00729619 -0.00402073 0.999965 0.368753 
90
56
153.696
0.999962 -0.00472285 -0.00731515 0.126616 0.00475209 0.999981 0.00398612 -0.190872 0.00729619 -0.00402073 0.999965 0.368753 
87
66
145.023
0.999967 -0.00226602 -0.00775184 0.322406 0.00231643 0.999976 0.00649947 -0.568261 0.00773693 -0.00651722 0.999949 1.09695 
88
63
115.342
0.999967 -0.00226602 -0.00775184 0.322406 0.00231643 0.999976 0.00649947 -0.568261 0.00773693 -0.00651722 0.999949 1.09695 
87
62
163.463
0.999967 -0.00226602 -0.00775184 0.322406 0.00231643 0.999976 0.00649947 -0.568261 0.00773693 -0.00651722 0.999949 1.09695 
90
70
103.505
0.999967 -0.00226602 -0.00775184 0.322406 0.00231643 0.999976 0.00649947 -0.568261 0.00773693 -0.00651722 0.999949 1.09695 
90
70
115.93
0.999967 -0.00226602 -0.00775184 0.322406 0.00231643 0.999976 0.00649947 -0.568261 0.00773693 -0.00651722 0.999949 1.09695 
90
71
161.427
0.999967 -0.00226602 -0.00775184 0.322406 0.00231643 0.999976 0.00649947 -0.568261 0.00773693 -0.00651722 0.999949 1.09695 
89
69
71.8285
0.999949 0.00311006 -0.00957064 1.01431 -0.00313874 0.999991 -0.00298258 0.0715832 0.00956128 0.00301247 0.99995 0.122075 
84
69
230.149
0.999949 0.00311006 -0.00957064 1.01431 -0.00313874 0.999991 -0.00298258 0.0715832 0.00956128 0.00301247 0.99995 0.122075 
84
63
77.5576
0.999949 0.00311006 -0.00957064 1.01431 -0.00313874 0.999991 -0.00298258 0.0715832 0.00956128 0.00301247 0.99995 0.122075 
84
59
154.994
0.999949 0.00311006 -0.00957064 1.01431 -0.00313874 0.999991 -0.00298258 0.0715832 0.00956128 0.00301247 0.99995 0.122075 
84
59
125.89
0.999949 0.00311006 -0.00957064 1.01431 -0.00313874 0.999991 -0.00298258 0.0715832 0.00956128 0.00301247 0.99995 0.122075 
84
62
112.346
0.999949 0.00311006 -0.00957064 1.01431 -0.00313874 0.999991 -0.00298258 0.0715832 0.00956128 0.00301247 0.99995 0.122075 
84
64
146.427
0.999949 0.00311006 -0.00957064 1.01431 -0.00313874 0.999991 -0.00298258 0.0715832 0.00956128 0.00301247 0.99995 0.122075 
85
61
122.69
0.999949 0.00311006 -0.00957064 1.01431 -0.00313874 0.999991 -0.00298258 0.0715832 0.00956128 0.00301247 0.99995 0.122075 
85
57
145.636
0.999949 0.00311006 -0.00957064 1.01431 -0.00313874 0.999991 -0.00298258 0.0715832 0.00956128 0.00301247 0.99995 0.122075 
87
66
91.5566
0.999949 0.00311006 -0.00957064 1.01431 -0.00313874 0.999991 -0.00298258 0.0715832 0.00956128 0.00301247 0.99995 0.122075 
90
68
99.132
0.999949 0.00311006 -0.00957064 1.01431 -0.00313874 0.999991 -0.00298258 0.0715832 0.00956128 0.00301247 0.99995 0.122075 
91
61
104.415
0.999949 0.00311006 -0.00957064 1.01431 -0.00313874 0.999991 -0.00298258 0.0715832 0.00956128 0.00301247 0.99995 0.122075 
88
66
165.47
0.999949 0.00311006 -0.00957064 1.01431 -0.00313874 0.999991 -0.00298258 0.0715832 0.00956128 0.00301247 0.99995 0.122075 
90
63
182.206
0.979421 0.00851829 0.20165 1.3797 -0.00903898 0.999958 0.00166149 -0.0197018 -0.201627 -0.00345001 0.979456 0.376066 
77
58
2854.52
0.97646 0.00271806 0.215682 0.749038 -0.00278961 0.999996 2.735e-05 0.0181127 -0.215682 -0.000628376 0.976464 0.335351 
90
64
3489.65
0.978715 -7.65529e-05 0.205224 0.952658 0.000268285 1 -0.000906436 0.0519212 -0.205223 0.000942201 0.978715 0.152453 
94
63
3712.92
0.977905 0.00617453 0.208957 0.451073 -0.00635841 0.99998 0.000208303 0.00124789 -0.208951 -0.00153233 0.977925 -0.306134 
92
67
3391.1
0.974514 -0.0102855 0.224092 0.146952 0.0105137 0.999945 0.000175092 -0.124508 -0.224082 0.0021854 0.974568 0.128083 
82
56
2711.89
0.975328 0.00714375 0.220645 0.0365271 -0.00936902 0.999915 0.00904044 -0.329151 -0.220562 -0.0108846 0.975312 0.109436 
85
59
2463.45
0.975328 0.00714375 0.220645 0.0365271 -0.00936902 0.999915 0.00904044 -0.329151 -0.220562 -0.0108846 0.975312 0.109436 
91
64
1448.32
0.975328 0.00714375 0.220645 0.0365271 -0.00936902 0.999915 0.00904044 -0.329151 -0.220562 -0.0108846 0.975312 0.109436 
90
62
174.532
0.975328 0.00714375 0.220645 0.0365271 -0.00936902 0.999915 0.00904044 -0.329151 -0.220562 -0.0108846 0.975312 0.109436 
90
62
2126.06
0.999955 -0.00712819 0.00628667 -0.276673 0.00706157 0.999919 0.0105554 -0.622613 -0.0063614 -0.0105106 0.999925 0.774078 
90
68
108.729
0.999968 -0.00228455 0.00762536 -0.40665 0.00221656 0.999958 0.0089128 -0.739251 -0.0076454 -0.00889562 0.999931 0.992114 
90
60
169.876
0.999968 -0.00228455 0.00762536 -0.40665 0.00221656 0.999958 0.0089128 -0.739251 -0.0076454 -0.00889562 0.999931 0.992114 
90
62
132.423
0.999968 -0.00228455 0.00762536 -0.40665 0.00221656 0.999958 0.0089128 -0.739251 -0.0076454 -0.00889562 0.999931 0.992114 
90
67
129.528
0.999968 -0.00228455 0.00762536 -0.40665 0.00221656 0.999958 0.0089128 -0.739251 -0.0076454 -0.00889562 0.999931 0.992114 
90
64
76.8549
0.999968 -0.00228455 0.00762536 -0.40665 0.00221656 0.999958 0.0089128 -0.739251 -0.0076454 -0.00889562 0.999931 0.992114 
90
69
115.631
0.999968 -0.00228455 0.00762536 -0.40665 0.00221656 0.999958 0.0089128 -0.739251 -0.0076454 -0.00889562 0.999931 0.992114 
91
66
127.504
0.999964 -0.00237799 0.00811786 -0.489706 0.00241992 0.999984 -0.00515957 0.16279 -0.00810546 0.00517903 0.999954 1.40767 
90
63
189.706
0.999952 -0.00775117 0.00605864 -0.0249069 0.00784068 0.999858 -0.014892 0.461712 -0.00594235 0.0149388 0.999871 0.040842 
90
62
227.192
0.99993 -0.00678446 0.00967334 -0.785032 0.00680616 0.999974 -0.0022122 0.0714034 -0.00965808 0.00227788 0.999951 1.47117 
90
59
224.01
0.999934 -0.00600674 0.00974685 -0.723067 0.00602253 0.999981 -0.00159112 0.0149971 -0.0097371 0.00164971 0.999951 1.35727 
90
56
214.792
0.999987 -0.00386976 0.00333606 -0.0574299 0.00393919 0.99977 -0.0210618 0.604474 -0.00325379 0.0210746 0.999773 0.166831 
90
57
204.426
0.999987 -0.00386976 0.00333606 -0.0574299 0.00393919 0.99977 -0.0210618 0.604474 -0.00325379 0.0210746 0.999773 0.166831 
90
62
154.929
0.999925 -0.00338106 -0.0117374 0.650089 0.00338976 0.999994 0.000721979 0.0911149 0.0117349 -0.000761712 0.999931 1.43864 
90
55
181.593
0.999925 -0.00338106 -0.0117374 0.650089 0.00338976 0.999994 0.000721979 0.0911149 0.0117349 -0.000761712 0.999931 1.43864 
90
61
171.325
0.99999 -0.00272597 0.00357684 0.109014 0.00276553 0.999935 -0.0111026 0.450441 -0.00354634 0.0111124 0.999932 -0.182035 
90
63
139.716
0.999875 -0.00595682 -0.0146799 0.547158 0.00590898 0.999977 -0.0032997 -0.039826 0.0146992 0.00321254 0.999887 2.23733 
90
61
182.205
0.999875 -0.00595682 -0.0146799 0.547158 0.00590898 0.999977 -0.0032997 -0.039826 0.0146992 0.00321254 0.999887 2.23733 
90
60
210.639
0.999974 0.00170912 0.00696245 0.00563569 -0.00161958 0.999916 -0.0128462 0.19906 -0.00698382 0.0128346 0.999893 0.0200631 
90
56
251.138
0.999974 0.00170912 0.00696245 0.00563569 -0.00161958 0.999916 -0.0128462 0.19906 -0.00698382 0.0128346 0.999893 0.0200631 
91
53
211.739
0.999124 -0.00467357 -0.0415826 0.943968 0.00412835 0.999905 -0.013188 0.0475446 0.0416402 0.0130048 0.999048 0.299443 
88
52
257.759
0.99999 -0.00238799 -0.00381629 0.261042 0.00238524 0.999997 -0.000725778 -0.0421163 0.00381801 0.000716668 0.999992 1.47911 
85
58
192.009
0.999966 -0.00202637 -0.00799342 0.187432 0.0020276 0.999998 0.00014495 0.0434052 0.00799311 -0.000161153 0.999968 1.8509 
90
55
283.701
0.999952 -0.0060214 -0.00778507 0.0378884 0.00598904 0.999973 -0.00417284 0.13098 0.00780998 0.00412602 0.999961 1.33326 
96
58
215.255
0.999952 -0.0060214 -0.00778507 0.0378884 0.00598904 0.999973 -0.00417284 0.13098 0.00780998 0.00412602 0.999961 1.33326 
97
55
222.133
0.999945 -0.000657948 0.0105072 -0.0100572 0.000843165 0.999844 -0.0176329 0.0825264 -0.010494 0.0176408 0.999789 0.0108519 
99
57
261.421
0.999878 -0.00457164 -0.0149042 0.19891 0.00452287 0.999984 -0.00330467 0.0479514 0.0149191 0.00323685 0.999883 0.798841 
99
61
392.948
0.99998 0.0058017 0.00238583 0.055069 -0.00580617 0.999981 0.00187105 -0.00474193 -0.00237493 -0.00188486 0.999995 1.05182 
103
62
302.336
0.999985 -0.00273075 -0.00471424 0.0704579 0.00272995 0.999996 -0.00017565 -0.0079654 0.0047147 0.000162777 0.999989 0.441495 
108
70
317.669
0.999999 -0.000326892 -0.00128528 0.00648658 0.000323773 0.999997 -0.00242571 -0.0133431 0.00128607 0.00242529 0.999996 0.489385 
109
68
434.315
0.99999 0.00156096 -0.00418046 0.104057 -0.0015714 0.999996 -0.00249545 0.0320735 0.00417655 0.00250199 0.999988 1.06345 
109
79
341.591
0.999835 0.00641245 -0.017005 0.210123 -0.00654218 0.99995 -0.00758423 0.166772 0.0169556 0.00769423 0.999827 0.755348 
107
60
339.598
0.999997 -0.00167457 -0.00188551 0.0194709 0.00167326 0.999998 -0.000695317 -0.00314462 0.00188667 0.00069216 0.999998 0.809472 
103
65
424.419
0.999648 -0.00139514 -0.0265103 0.168152 0.00148464 0.999993 0.00335651 -0.0717889 0.0265054 -0.00339468 0.999643 0.497276 
96
66
314.452
0.999403 0.00779812 -0.033646 1.04604 -0.00819915 0.999897 -0.0117978 0.467208 0.0335505 0.0120666 0.999364 2.63257 
92
64
271.311
0.999979 0.00386126 -0.00510813 0.0707197 -0.00385987 0.999993 0.000282009 -0.00418899 0.00510918 -0.000262287 0.999987 0.612985 
107
69
365.809
0.999929 0.00367134 -0.0113219 0.158392 -0.00375348 0.999967 -0.00724212 0.103448 0.0112949 0.00728411 0.99991 0.999854 
103
74
355.901
0.999988 0.000727021 -0.00491672 -0.00111731 -0.000734279 0.999999 -0.00147453 0.0136619 0.00491565 0.00147812 0.999987 0.506824 
108
69
435.932
1 0.000228865 0.000620438 0.00441112 -0.000230381 0.999997 0.00244378 -0.0290957 -0.000619877 -0.00244392 0.999997 0.559327 
105
69
449.706
0.999998 -0.00117719 0.00164104 -0.00504143 0.0011698 0.999989 0.00449914 -0.0281476 -0.00164632 -0.00449721 0.999989 0.488811 
108
67
471.481
