0.999992 0.00293585 0.00257244 -0.00570484 -0.00293402 0.999995 -0.000713981 0.00177477 -0.00257452 0.000706428 0.999996 0.387775 
140
95
1139.19
0.999994 0.00251564 0.0023083 -0.0102443 -0.00252284 0.999992 0.00312132 -0.00987102 -0.00230043 -0.00312713 0.999992 0.440782 
141
95
1239.27
0.999992 0.00313653 0.0023203 -0.0480138 -0.00313895 0.999995 0.00104102 -0.0232332 -0.00231703 -0.00104829 0.999997 2.96606 
141
88
1332.41
0.999574 0.00996274 0.0274479 -0.0252322 -0.0125905 0.995176 0.0972919 -0.026224 -0.0263462 -0.097596 0.994877 0.506288 
124
59
2323.37
0.972006 -0.00048542 0.234956 -0.271024 0.00618464 0.999704 -0.0235203 -0.0111699 -0.234875 0.024315 0.971721 0.112252 
52
29
2463.04
0.988734 -0.00706364 0.149515 0.0748518 0.00705292 0.999975 0.000601887 0.124003 -0.149515 0.000459411 0.988759 0.370483 
39
35
1491.86
0.988893 0.0295265 0.145665 0.149169 -0.0347758 0.998829 0.0336226 0.0437282 -0.144501 -0.0383148 0.988763 0.157869 
45
37
1256.93
0.984095 -0.00897961 0.177415 0.10102 0.0107538 0.999901 -0.00904117 0.000552605 -0.177316 0.0108053 0.984095 0.00747957 
73
52
3179.52
0.99986 -0.00819706 0.0145721 0.170563 0.00822303 0.999965 -0.00172318 -0.00526203 -0.0145575 0.00184277 0.999892 0.177903 
150
117
1856.51
0.999996 -0.00145833 0.00248413 -0.106342 0.00145915 0.999999 -0.00032584 0.00293402 -0.00248365 0.000329464 0.999997 -0.0340401 
146
121
632.87
0.999474 -0.00411502 -0.0321689 0.229856 0.00406307 0.99999 -0.00167992 0.0338714 0.0321755 0.00154834 0.999481 0.247198 
142
123
1432.72
0.99999 -7.45269e-05 -0.00452927 0.261786 6.44489e-05 0.999998 -0.0022252 0.00632497 0.00452942 0.00222489 0.999987 0.120196 
136
123
1270.82
0.999987 0.00312831 -0.00399704 0.108794 -0.00314485 0.999986 -0.00413756 0.000570865 0.00398405 0.00415008 0.999983 0.0489502 
128
118
1140.06
0.999951 -0.00380537 -0.00909478 0.00629413 0.00375049 0.999975 -0.00604424 -0.000100211 0.00911755 0.00600983 0.99994 0.00334059 
79
74
727.826
0.999956 0.00227908 0.00909238 -0.0415633 -0.00276317 0.998559 0.0535887 -0.216033 -0.00895715 -0.0536115 0.998522 0.919414 
65
61
893.53
0.998898 0.033444 0.0329286 0.070223 -0.035457 0.99741 0.0625773 0.135686 -0.0307504 -0.0636759 0.997497 -0.636297 
45
41
809.277
0.996547 -0.0235617 0.0796174 0.016131 0.0181872 0.997549 0.0675672 0.100333 -0.0810143 -0.0658859 0.994533 -0.379135 
33
30
828.594
0.996547 -0.0235617 0.0796174 0.016131 0.0181872 0.997549 0.0675672 0.100333 -0.0810143 -0.0658859 0.994533 -0.379135 
9
30
828.594
0.996547 -0.0235617 0.0796174 0.016131 0.0181872 0.997549 0.0675672 0.100333 -0.0810143 -0.0658859 0.994533 -0.379135 
7
30
828.594
0.979228 0.0261608 0.201069 -0.310129 -0.0231009 0.999579 -0.0175498 0.0133157 -0.201443 0.0125403 0.97942 0.226607 
12
10
291.616
0.97793 0.0122339 0.208576 -0.134289 -0.0110788 0.999916 -0.00670537 0.00379607 -0.208641 0.00424661 0.977983 0.0630631 
37
26
1123.73
0.985959 -0.00016943 0.16699 0.031299 -0.000130926 0.999998 0.00178764 -0.0106649 -0.16699 -0.0017844 0.985957 0.158915 
141
116
5874.47
0.999992 0.0038286 0.0010932 -0.00679898 -0.00383087 0.99999 0.0020815 -0.0126139 -0.00108522 -0.00208567 0.999997 0.395512 
140
113
1093.7
0.999983 -0.000506763 -0.00585483 0.0217267 0.000483456 0.999992 -0.00398156 0.0098045 0.0058568 0.00397866 0.999975 0.396669 
143
121
1009.49
0.999995 -0.000722532 -0.00295437 0.00717584 0.000732441 0.999994 0.00335431 -0.00676271 0.00295193 -0.00335646 0.99999 0.412956 
142
113
1391.71
0.999993 0.00190213 0.0030856 -0.0111603 -0.00192071 0.99998 0.00603097 -0.0159869 -0.00307407 -0.00603686 0.999977 0.397438 
129
107
1195.52
0.999661 0.0010991 0.0260111 -0.0837366 -0.00139624 0.999934 0.0114081 -0.0402266 -0.0259969 -0.0114405 0.999597 0.370098 
132
100
1339.85
0.999997 0.00196021 -0.00140114 0.00214524 -0.00195765 0.999996 0.00182583 -0.0105803 0.00140472 -0.00182308 0.999997 0.383257 
131
109
1319.72
0.999973 -0.00321177 -0.00665617 0.689533 0.00322114 0.999994 0.00139675 0.0175118 0.00665164 -0.00141815 0.999977 0.0290901 
137
109
1033.78
0.997676 -0.00107968 0.0681353 0.237614 0.000935195 0.999997 0.0021524 -0.00617118 -0.0681374 -0.00208368 0.997674 -0.000612647 
117
113
2053.29
0.997676 -0.00107968 0.0681353 0.237614 0.000935195 0.999997 0.0021524 -0.00617118 -0.0681374 -0.00208368 0.997674 -0.000612647 
12
12
453.671
0.986003 -0.00313437 0.1667 0.0827059 0.00606062 0.999836 -0.0170482 0.00897665 -0.166619 0.0178199 0.98586 -0.00571638 
12
12
579.782
0.986003 -0.00313437 0.1667 0.0827059 0.00606062 0.999836 -0.0170482 0.00897665 -0.166619 0.0178199 0.98586 -0.00571638 
9
12
579.782
0.990825 0.0333547 0.130973 -0.446917 -0.0263945 0.998164 -0.0545238 -0.0673598 -0.132551 0.0505665 0.989886 -1.46713 
33
19
675.479
0.990675 0.12094 0.0627439 3.70981 -0.127364 0.9856 0.111221 1.21066 -0.0483894 -0.118175 0.991813 9.48477 
46
21
1027.78
0.997717 -0.00313528 0.067463 0.0267628 0.00385977 0.999936 -0.0106114 0.045669 -0.0674254 0.0108475 0.997665 0.34094 
123
83
1877.13
0.999914 0.00596734 0.0116577 -0.605043 -0.00569293 0.999709 -0.0234322 0.783466 -0.0117941 0.0233638 0.999657 3.61543 
107
75
571.508
0.99915 -0.0358405 -0.0203457 0.127387 0.035344 0.999081 -0.0242608 -0.0225782 0.0211965 0.023521 0.999499 0.184213 
98
74
453.12
0.999819 -0.0172171 -0.0080419 0.146834 0.0164555 0.996097 -0.0867179 0.0213403 0.00950354 0.0865699 0.9962 0.065834 
106
67
373.276
0.999983 0.00477491 0.00341634 -0.054942 -0.00466117 0.999459 -0.0325618 0.121044 -0.00356997 0.0325453 0.999464 0.510255 
99
70
613.264
0.999992 0.000474308 -0.00390606 0.0201242 -0.000453174 0.999985 0.00540972 -0.0085558 0.00390857 -0.00540791 0.999978 0.673804 
92
69
694.101
0.988565 -0.0136934 0.15017 0.164579 0.013469 0.999906 0.00251121 -0.0035698 -0.15019 -0.000459854 0.988657 -0.0733201 
72
50
2568.45
0.984395 -0.00280705 0.175951 0.132456 0.00416586 0.999964 -0.00735374 -0.000464084 -0.175924 0.00797197 0.984371 -0.0115429 
98
65
3083.71
0.997007 -0.035165 0.068857 0.382118 0.0346794 0.999365 0.00823538 -0.0126905 -0.0691028 -0.0058228 0.997593 -0.136847 
104
38
4304.12
0.99461 -0.0483768 0.0917092 0.32365 0.0528877 0.997474 -0.0474106 0.0734809 -0.089184 0.0520054 0.994657 0.158744 
100
35
3723.34
0.920552 -0.0843007 0.381415 -2.18923 0.0777724 0.99644 0.032529 -0.243474 -0.382799 -0.000281084 0.923832 1.53459 
96
50
3731.7
0.996875 0.0769878 0.0177223 0.360918 -0.0774329 0.996659 0.0259738 -0.0087504 -0.0156635 -0.0272649 0.999506 -0.0177799 
96
41
2682.42
0.991879 0.0227268 0.125138 0.352402 -0.0188076 0.999298 -0.0324121 0.00426167 -0.125787 0.0297953 0.99161 0.0190695 
78
47
1925.2
0.996593 0.0437146 0.0699418 -0.651903 -0.0371492 0.995014 -0.0925638 0.150191 -0.0736394 0.0896501 0.993247 0.412627 
146
105
1248.2
0.999993 -0.00330757 -0.001639 0.0185213 0.00330737 0.999995 -0.000120657 -0.0100399 0.00163939 0.000115235 0.999999 0.431229 
145
112
721.438
0.999639 -0.0267504 0.00234837 0.073903 0.0264154 0.995299 0.0931779 -0.0525616 -0.00482988 -0.0930823 0.995647 0.379052 
147
90
2554.11
0.990001 -0.0100099 0.140703 0.268315 0.0220271 0.996213 -0.0841122 -0.107532 -0.139328 0.0863705 0.986472 0.374157 
141
125
6278.77
0.999998 -0.00144046 -0.00162237 0.00602924 0.0014343 0.999992 -0.00379108 0.0174573 0.00162781 0.00378874 0.999991 0.431136 
149
114
851.004
0.999971 -0.00528866 -0.00547728 0.027568 0.0052592 0.999972 -0.00537907 0.0272678 0.00550557 0.0053501 0.999971 0.431445 
147
120
787.262
0.99991 -0.0116002 -0.00672103 0.0329265 0.0115821 0.999929 -0.00273651 -0.00362625 0.0067523 0.00265842 0.999974 0.400554 
149
96
863.209
0.999999 0.00018767 0.00128203 -0.0118312 -0.000187495 1 -0.000137237 -0.00719219 -0.00128206 0.000136997 0.999999 0.383384 
147
104
914.823
1 -0.000569807 -0.000509352 -5.49367e-05 0.000572081 0.99999 0.00447493 -0.0185972 0.000506797 -0.00447522 0.99999 0.385045 
149
112
1008.27
0.999979 -0.00485384 -0.00418296 0.0153514 0.00487249 0.999978 0.00446027 -0.0135125 0.00416122 -0.00448056 0.999981 0.387475 
150
106
949.198
0.998865 -0.00563068 -0.0473021 0.0262306 0.0051284 0.999929 -0.0107331 0.0238308 0.0473591 0.0104783 0.998823 0.355214 
145
108
1573.34
0.985405 0.00819507 -0.170031 -0.191551 -0.00564729 0.999865 0.0154624 -0.0185816 0.170135 -0.0142766 0.985317 -0.0157775 
64
42
1913.15
0.992029 -0.111541 0.058627 -0.692119 0.109646 0.993368 0.0346044 -0.107101 -0.062098 -0.0279004 0.99768 0.198756 
59
28
1854.47
0.969158 0.0243546 -0.245234 4.45078 -0.0669197 0.983722 -0.16677 -0.0330707 0.237181 0.178037 0.955012 0.348818 
85
39
3309.26
0.974341 0.0198156 -0.224204 2.39139 -0.019266 0.999804 0.00463872 -0.309513 0.224251 -0.00020018 0.974531 0.0634541 
80
41
2872.28
0.978045 -0.00354016 -0.208363 0.141341 0.00349929 0.999994 -0.000564788 -0.000169875 0.208363 -0.000176733 0.978051 0.0538514 
99
50
3292.02
0.998488 -0.036095 -0.0414634 0.173058 0.033553 0.997607 -0.0604492 -0.00659545 0.0435461 0.0589666 0.99731 0.0792367 
150
102
866.469
0.999977 0.00535233 0.00409885 -0.0240958 -0.00534428 0.999984 -0.00197269 0.00782344 -0.00410934 0.00195074 0.99999 0.404666 
147
88
853.077
0.999961 0.00663742 0.00579225 -0.0269782 -0.00665206 0.999975 0.00251188 -0.00981923 -0.00577543 -0.00255031 0.99998 0.390385 
150
94
996.58
0.998952 0.0397521 0.0226843 -0.170926 -0.0387142 0.998259 -0.0444911 0.00150395 -0.0244134 0.0435663 0.998752 0.163366 
135
86
857.204
0.999957 0.00913778 -0.00142031 -0.077162 -0.00916581 0.999734 -0.0211714 -0.0054859 0.00122647 0.0211835 0.999775 0.00830989 
143
105
694.746
0.997328 -0.00801098 -0.0726133 0.165589 0.00871649 0.999918 0.00940433 -0.00324717 0.072532 -0.0100121 0.997316 0.12313 
150
124
1872.04
0.988206 0.029816 -0.1502 0.170953 -0.0324871 0.999354 -0.0153607 -0.189606 0.149645 0.020059 0.988536 -0.884375 
39
21
322.9
0.98046 -0.112413 -0.161434 0.0185342 0.110976 0.993662 -0.0179163 0.179982 0.162425 -0.000349184 0.986721 0.487548 
38
24
1065.8
0.98428 0.0175065 -0.175746 0.230042 -0.01734 0.999847 0.0024832 -0.166385 0.175762 0.000603264 0.984432 -0.523316 
54
35
1392.4
0.988807 -0.000244274 -0.1492 -0.163125 -0.00225036 0.99986 -0.016551 0.00292903 0.149184 0.0167015 0.988668 0.0797483 
124
111
5905.7
0.999997 0.00252213 0.000436028 -0.00790587 -0.00252312 0.999994 0.0022983 0.0361148 -0.000430229 -0.00229939 0.999997 0.411255 
142
92
1072.21
0.999952 0.00887565 -0.00409726 0.0045759 -0.0089434 0.999818 -0.0168247 0.0965427 0.00394719 0.0168606 0.99985 0.502707 
147
93
867.346
0.99997 0.00267987 -0.00730732 0.0189632 -0.00276681 0.999925 -0.0119126 0.0480075 0.00727485 0.0119325 0.999902 0.392968 
136
103
1092.98
0.999835 0.00435762 0.0176519 -0.146226 -0.00439421 0.999988 0.00203495 0.0104125 -0.0176428 -0.00211218 0.999842 0.171223 
140
103
1148.39
0.985674 0.0043585 -0.168606 -0.126905 -0.00538147 0.99997 -0.00561073 0.0601602 0.168576 0.0064377 0.985668 0.360521 
119
99
5333.5
0.982966 -0.023831 -0.182233 0.0679921 0.0252439 0.999667 0.0054371 -0.101022 0.182043 -0.00994475 0.98324 -0.670805 
52
26
1526.17
0.998671 0.0464685 -0.0222906 -0.674762 -0.0468952 0.998719 -0.0190191 0.0951947 0.0213782 0.0200392 0.999571 0.0274107 
67
37
2648.5
0.963868 -0.0189722 -0.265705 0.576444 0.0329075 0.998301 0.0480931 -0.0282621 0.264341 -0.0550991 0.962854 -0.0268138 
66
52
2462.35
0.985238 0.00951458 -0.170926 0.176097 -0.00631713 0.999795 0.0192408 0.000809633 0.171074 -0.017877 0.985096 0.0128652 
16
15
451.935
0.989599 0.0570769 -0.132044 -0.0683626 0.0108826 0.885581 0.464358 -1.85649 0.14344 -0.460965 0.875749 0.345606 
50
22
2101.08
0.994995 0.0494 -0.0868619 -0.388497 -0.0487991 0.998768 0.00902928 -0.00360133 0.0872009 -0.0047453 0.996179 0.0892944 
89
46
2716.13
0.99103 -0.00864676 -0.133356 1.26696 0.00159005 0.998597 -0.0529322 -0.032452 0.133627 0.0522454 0.989654 0.133232 
63
29
1263.53
0.999982 -0.00496347 -0.0032801 0.0168934 0.00525465 0.995395 0.0957104 0.00778577 0.00278994 -0.0957259 0.995404 0.362624 
149
96
2566.97
0.999995 -0.00312044 -0.000706168 0.00370093 0.00312441 0.999979 0.00569597 -0.0205931 0.00068838 -0.00569815 0.999984 0.387934 
150
110
945.665
0.999972 -0.00456485 -0.00596286 0.0242748 0.0045932 0.999978 0.00474923 -0.011356 0.00594105 -0.00477649 0.999971 0.40282 
150
104
1035.88
0.99999 0.00274855 0.00350587 -0.0253738 -0.00274482 0.999996 -0.00107056 -0.00499855 -0.0035088 0.00106093 0.999993 0.382875 
148
102
1100.68
0.999878 0.0148796 0.00485585 -0.0259828 -0.014728 0.999445 -0.0298821 0.115929 -0.00529779 0.0298069 0.999542 0.476869 
145
97
1005.61
0.998956 -0.00615794 -0.045263 0.163734 0.00666542 0.999917 0.0110695 -0.0644261 0.0451911 -0.0113596 0.998914 0.385451 
144
106
1046.68
0.999952 -0.000304478 0.00975021 -0.129536 0.00028373 0.999998 0.00212933 0.00358339 -0.00975084 -0.00212646 0.99995 0.152499 
138
103
777.005
0.999995 -0.00250243 0.0018916 -0.0754557 0.00249765 0.999994 0.00252714 -0.00466249 -0.00189792 -0.00252241 0.999995 0.0777254 
135
100
641.058
0.999941 -0.00117893 0.010833 -0.131797 0.00125614 0.999974 -0.00712407 0.0153439 -0.0108243 0.00713726 0.999916 0.164034 
128
101
922.019
0.999952 -0.0027743 0.00939321 -0.119434 0.00283852 0.999973 -0.00683083 0.00613587 -0.009374 0.00685716 0.999933 0.130687 
118
98
930.1
0.981773 -0.00159147 -0.190053 0.129831 0.000470888 0.999982 -0.0059412 -0.000766901 0.190059 0.00574341 0.981756 0.0993841 
123
105
5118.06
0.986166 -0.128135 -0.105153 -0.782239 0.139203 0.984606 0.105701 0.269064 0.0899901 -0.118876 0.988823 2.2277 
41
22
1914.35
0.980696 -0.00737931 -0.1954 -0.0692176 0.00674672 0.99997 -0.00390281 -0.000900764 0.195423 0.00250916 0.980716 -0.0244145 
57
35
1755.73
0.99681 0.00123489 -0.0797979 -0.128919 -0.00184491 0.99997 -0.00757125 -0.00208344 0.0797861 0.00769432 0.996782 -0.025313 
133
112
3406.59
0.999825 0.0105819 -0.015432 -0.200709 -0.0107228 0.999901 -0.00907273 0.0175068 0.0153345 0.00923662 0.99984 0.139202 
138
109
2380.12
0.999825 0.0105819 -0.015432 -0.200709 -0.0107228 0.999901 -0.00907273 0.0175068 0.0153345 0.00923662 0.99984 0.139202 
18
13
290.365
0.98262 0.0139525 -0.185105 -0.134709 -0.0178748 0.999649 -0.0195377 -0.0115257 0.184767 0.0225069 0.982525 -0.0103712 
60
42
2113.46
0.97651 0.0823234 -0.199127 0.0164772 -0.0740597 0.996068 0.0486107 -0.0377745 0.202346 -0.0327215 0.978767 0.0663499 
57
26
1299.21
0.987462 -0.144929 -0.062571 -0.678891 0.142045 0.98868 -0.0483266 -0.0111279 0.0688666 0.0388328 0.99687 0.389055 
61
26
2649.47
0.978371 0.0208954 -0.205802 0.68965 -0.0253521 0.999497 -0.0190419 -0.497706 0.205301 0.0238476 0.978408 -0.962184 
64
25
1882.28
0.987567 0.0845388 -0.132534 0.0719316 -0.086017 0.996279 -0.00545819 -1.7416 0.131579 0.0167905 0.991163 7.93076 
87
30
2004.96
0.990447 -0.0273343 -0.135158 -0.217624 0.036578 0.997123 0.0663881 -0.0733903 0.132954 -0.0706977 0.988597 0.0433647 
109
40
4462.16
0.977142 0.0172458 -0.211887 1.58773 -0.0139644 0.999758 0.016973 0.0715888 0.212128 -0.0136262 0.977147 0.770256 
74
35
1879.84
0.981325 0.00254858 -0.192342 1.29258 -0.000269613 0.999929 0.0118738 0.157664 0.192358 -0.0116002 0.981256 0.301157 
108
59
3691.35
0.96765 0.0274262 -0.2508 2.06911 -0.0378816 0.998599 -0.0369554 0.246765 0.249435 0.0452607 0.967333 -0.287988 
87
45
3352.77
0.999588 -0.0205992 -0.0199985 -0.362739 0.0195467 0.998483 -0.0514653 0.0712613 0.0210284 0.0510532 0.998475 -0.153157 
149
105
758.332
0.999996 -0.00258438 -0.00132 0.00486281 0.00258322 0.999996 -0.000879477 0.00974578 0.00132226 0.000876064 0.999999 0.409556 
149
108
634.585
0.974341 0.0204244 -0.224147 2.95889 -0.0316322 0.998416 -0.0465253 -0.414781 0.222842 0.0524218 0.973444 0.388732 
100
51
3797.64
0.998276 0.0154349 0.0566326 -0.469991 -0.0122657 0.998362 -0.0558882 -0.0120792 -0.0574025 0.0550972 0.99683 0.0904294 
147
105
795.141
0.999996 -0.00268936 -0.000141482 0.00261997 0.00268736 0.999917 -0.0126039 0.0499611 0.000175367 0.0126035 0.999921 0.410861 
145
103
756.51
0.999975 0.00575404 0.00401953 -0.0201385 -0.00576682 0.999978 0.00317408 -0.0149082 -0.00400118 -0.00319719 0.999987 0.383611 
145
100
879.992
0.998403 0.0246215 0.0508448 -0.368865 -0.0208457 0.997077 -0.0735006 0.0401572 -0.0525059 0.0723233 0.995998 0.120918 
144
98
931.766
0.999963 -0.00749843 -0.00418854 0.0258617 0.00745551 0.99992 -0.0101715 0.0426672 0.00426448 0.0101399 0.999939 0.388642 
146
102
858.533
0.999856 -0.0148487 -0.00819555 0.248181 0.0145468 0.999255 -0.0357416 0.0207426 0.00872017 0.0356173 0.999327 0.15284 
148
95
839.784
0.999857 -0.0119523 -0.0119695 0.158266 0.011646 0.999611 -0.0253439 0.00271372 0.0122678 0.0252009 0.999607 0.11773 
145
94
861.534
0.995823 -0.0218621 0.0886523 0.141169 0.0250802 0.99906 -0.0353502 -0.00341304 -0.0877962 0.0374259 0.995435 0.0673999 
141
107
4365.08
0.991894 -0.0209097 0.125339 0.296354 0.0213082 0.999771 -0.00183955 0.0658578 -0.125272 0.00449539 0.992112 -0.0407294 
88
34
3177.8
0.979405 0.00554292 0.201827 -1.13976 -0.0024545 0.999876 -0.0155494 -0.0798738 -0.201888 0.0147338 0.979298 0.199498 
72
58
2377.79
0.984021 0.00325578 0.178023 -2.3269 0.00597602 0.998666 -0.0512965 -0.14803 -0.177953 0.0515407 0.982688 -0.0291881 
91
38
2397.59
0.97752 -0.00935246 0.210634 -0.17438 0.0128835 0.999798 -0.0153976 -0.0144772 -0.210448 0.0177652 0.977444 -0.0484959 
86
51
2470.52
0.971205 0.0105203 0.238012 -0.547127 -0.00305461 0.999492 -0.0317139 0.0100815 -0.238225 0.0300737 0.970744 0.0255947 
102
49
4321.99
0.985728 -0.0247599 0.166513 -0.214517 0.0233589 0.999673 0.0103671 -0.00416425 -0.166715 -0.00632961 0.985985 -0.390819 
99
36
1474.51
0.720013 -0.0861299 0.688595 -4.13354 0.178265 0.981926 -0.063578 -0.576738 -0.670674 0.168529 0.722353 3.84415 
69
28
3001.93
0.98083 0.00779718 0.194707 -1.53818 -0.00583338 0.999926 -0.0106573 0.139626 -0.194776 0.0093172 0.980804 0.176197 
108
49
3302.12
0.999983 -0.00351848 -0.00457593 0.0308938 0.00345273 0.999892 -0.0142977 0.0736785 0.00462574 0.0142817 0.999887 0.491865 
145
97
845.972
0.999162 -0.0301932 -0.0276359 0.162419 0.029065 0.998763 -0.0403557 0.0718539 0.0288202 0.0395187 0.998803 0.35788 
141
97
767.588
1 0.000141559 -0.000300075 0.00141034 -0.00014124 0.999999 0.00106111 -0.00651224 0.000300225 -0.00106107 0.999999 0.398926 
141
100
824.818
0.995446 0.0259268 0.0917294 0.13607 -0.0218796 0.998754 -0.0448546 0.0256986 -0.0927781 0.0426434 0.994773 -0.0880061 
133
109
3122.18
0.99923 0.0135742 0.0368221 0.300347 -0.0107429 0.997048 -0.0760292 0.0295358 -0.0377454 0.0755751 0.996425 -0.0525201 
138
95
1940.14
0.999114 -0.0305602 -0.0289367 0.330886 0.0278973 0.9957 -0.0883373 0.0690499 0.0315119 0.0874518 0.99567 0.0857134 
132
84
916.806
0.999995 -0.00250535 -0.00183044 0.00551893 0.00250167 0.999995 -0.00201032 0.00992409 0.00183546 0.00200573 0.999996 0.393965 
129
78
907.222
0.999984 -0.00260322 0.00498621 -0.117304 0.00267329 0.999897 -0.0140981 0.00998317 -0.004949 0.0141112 0.999888 0.0279176 
128
72
467.239
0.999907 -0.00297016 -0.0132925 0.0510066 0.00268055 0.99976 -0.0217524 0.0878106 0.0133539 0.0217147 0.999675 0.448482 
132
96
947.324
0.999902 0.00162006 0.0139343 -0.146474 -0.00160723 0.999998 -0.000931236 0.00960964 -0.0139358 0.000908748 0.999902 0.105132 
131
94
949.911
0.999706 0.0172918 0.017025 -0.0907737 -0.0169134 0.999612 -0.0221214 0.017771 -0.0174009 0.0218269 0.99961 0.0774281 
125
94
1015.97
0.999998 -0.00207698 0.000377296 -0.988063 0.00207628 0.999996 0.00186616 0.0261206 -0.00038117 -0.00186538 0.999998 0.495967 
105
90
552.231
0.999854 0.000173577 0.0170612 -0.170477 -0.000103201 0.999991 -0.0041257 0.00728543 -0.0170617 0.00412334 0.999846 0.114452 
96
82
804.798
0.99877 -0.00890882 0.0487781 -0.692605 0.0101149 0.999648 -0.0245361 0.205527 -0.0485423 0.0249993 0.998508 0.884212 
43
41
381.942
0.999987 -0.00283207 0.0042453 0.931017 0.00282394 0.999994 0.00191991 0.00355696 -0.00425071 -0.0019079 0.999989 -0.422995 
73
66
563.178
0.999551 -0.000497355 0.0299698 0.642802 0.000924806 0.999898 -0.0142505 -0.0979751 -0.0299597 0.0142718 0.999449 -0.514497 
22
21
201.21
0.999551 -0.000497355 0.0299698 0.642802 0.000924806 0.999898 -0.0142505 -0.0979751 -0.0299597 0.0142718 0.999449 -0.514497 
6
21
201.21
0.996398 -0.0756734 -0.0382713 0.202418 0.0776498 0.995565 0.0531023 0.0952647 0.0340831 -0.0558828 0.997855 -0.393471 
14
13
148.491
0.996398 -0.0756734 -0.0382713 0.202418 0.0776498 0.995565 0.0531023 0.0952647 0.0340831 -0.0558828 0.997855 -0.393471 
1
13
148.491
0.996398 -0.0756734 -0.0382713 0.202418 0.0776498 0.995565 0.0531023 0.0952647 0.0340831 -0.0558828 0.997855 -0.393471 
0
13
148.491
0.996398 -0.0756734 -0.0382713 0.202418 0.0776498 0.995565 0.0531023 0.0952647 0.0340831 -0.0558828 0.997855 -0.393471 
4
13
148.491
0.996398 -0.0756734 -0.0382713 0.202418 0.0776498 0.995565 0.0531023 0.0952647 0.0340831 -0.0558828 0.997855 -0.393471 
8
13
148.491
0.996384 -0.00111625 -0.0849587 0.363228 0.000531444 0.999976 -0.00690578 0.00870009 0.0849644 0.00683566 0.996361 0.16667 
145
124
1870.87
0.999848 0.000257114 -0.017423 0.305856 -0.000294499 0.999998 -0.0021432 0.0114148 0.0174224 0.00214801 0.999846 0.0527521 
143
131
1102.07
0.999982 0.00209051 -0.00557796 0.0263051 -0.00202371 0.999926 0.0119543 -0.0788886 0.00560254 -0.0119428 0.999913 1.51835 
115
107
1572.71
0.999423 0.000934307 -0.0339468 1.87177 -0.000591768 0.999949 0.0100991 -0.569314 0.0339545 -0.0100732 0.999373 14.8457 
104
85
1527.05
0.992772 0.00564489 0.119883 -0.0305718 -0.0112167 0.998885 0.0458533 -0.013639 -0.11949 -0.0468666 0.991729 0.0742439 
44
35
1278.51
0.992772 0.00564489 0.119883 -0.0305718 -0.0112167 0.998885 0.0458533 -0.013639 -0.11949 -0.0468666 0.991729 0.0742439 
4
35
1278.51
0.992772 0.00564489 0.119883 -0.0305718 -0.0112167 0.998885 0.0458533 -0.013639 -0.11949 -0.0468666 0.991729 0.0742439 
10
4
1278.51
0.940756 -0.17419 -0.290922 -0.292112 0.196694 0.979202 0.0497529 -0.115149 0.276204 -0.104028 0.955452 0.599241 
24
20
1070.59
0.940756 -0.17419 -0.290922 -0.292112 0.196694 0.979202 0.0497529 -0.115149 0.276204 -0.104028 0.955452 0.599241 
0
20
1070.59
0.940756 -0.17419 -0.290922 -0.292112 0.196694 0.979202 0.0497529 -0.115149 0.276204 -0.104028 0.955452 0.599241 
11
8
1070.59
0.98484 0.0821529 -0.152781 0.120161 -0.0949267 0.992402 -0.0782747 -0.013806 0.14519 0.091591 0.985155 0.0123289 
26
19
390.37
0.991248 0.00764681 -0.131789 -0.0638697 -0.0085098 0.999946 -0.0059863 0.0222456 0.131736 0.00705541 0.99126 0.172515 
97
80
3485.77
0.999995 -0.00217364 -0.00218462 0.00431195 0.00214087 0.999887 -0.0148911 0.0671802 0.00221674 0.0148863 0.999887 0.423493 
87
66
404.383
0.999843 0.0164642 0.00655456 -0.0382116 -0.0164236 0.999846 -0.00620921 -0.00599999 -0.00665578 0.00610058 0.999959 0.373708 
91
66
471.718
0.999926 0.00162487 -0.0120468 0.023974 -0.00205419 0.99936 -0.0357116 0.132623 0.0119811 0.0357337 0.99929 0.465092 
91
70
408.669
0.999983 0.00566652 -0.00147676 -0.00114184 -0.00569197 0.999825 -0.017842 0.0742688 0.0013754 0.0178501 0.99984 0.435541 
75
55
304.319
0.999977 -0.000970098 0.00663894 -0.0316896 0.00110788 0.999783 -0.020781 0.182531 -0.00661734 0.0207879 0.999762 0.66179 
77
47
401.621
0.994677 0.00526891 -0.102909 -0.28669 -0.00156281 0.999348 0.036061 -0.0254668 0.103032 -0.0357082 0.994037 -0.0998365 
80
33
2133.54
0.985592 0.00503201 -0.169067 -0.0553324 -0.00675309 0.999931 -0.00960646 0.0229801 0.169007 0.0106098 0.985558 0.118337 
119
91
5496.67
0.999323 -0.0250676 -0.0269211 0.330778 0.0239935 0.998931 -0.0395047 0.252067 0.0278826 0.0388321 0.998857 0.932847 
149
104
856.14
0.999977 -0.00477907 -0.00479926 0.0286222 0.00476882 0.999986 -0.0021453 -0.0035377 0.00480944 0.00212236 0.999986 0.374286 
146
106
774.638
1 -0.000415475 0.000814068 -0.00780311 0.000411347 0.999987 0.00506347 -0.0256451 -0.000816161 -0.00506313 0.999987 0.374802 
141
94
848.43
0.999868 -0.0117009 -0.0112751 0.457197 0.0107486 0.996648 -0.0811015 0.0133986 0.0121863 0.0809696 0.996642 0.0469225 
138
92
902.039
0.999979 0.00393114 0.00508915 -0.0265942 -0.00384301 0.999844 -0.0172129 0.0995872 -0.00515603 0.017193 0.999839 0.530918 
145
99
814.765
0.999993 -0.00251388 -0.00272407 0.0082837 0.00248698 0.999949 -0.00983355 0.028846 0.00274865 0.00982671 0.999948 0.385047 
149
94
1027.6
0.999902 0.0020279 0.0138188 -0.111253 -0.00168149 0.999685 -0.0250338 0.0069816 -0.0138652 0.0250081 0.999591 0.0136683 
148
105
936.933
0.994525 -0.00546667 -0.104352 0.113666 0.00541899 0.999985 -0.000740437 -0.00798384 0.104355 0.000170899 0.99454 0.258315 
147
111
2739.61
0.943004 -0.0429123 -0.330004 0.78221 0.0432834 0.999043 -0.00622682 -0.0183852 0.329956 -0.00841179 0.943959 -0.21962 
57
37
2317.96
0.978849 -0.0140364 -0.204104 0.219646 0.0112043 0.999824 -0.0150247 0.179151 0.204279 0.01242 0.978834 1.53877 
65
28
2347.01
0.970733 0.0122807 -0.239845 0.165993 -0.0182376 0.999577 -0.0226328 0.0512627 0.239466 0.0263446 0.970547 0.214379 
66
35
2581.14
0.98674 0.0899284 -0.135119 1.16608 -0.107127 0.986237 -0.125935 0.783487 0.121934 0.13874 0.982794 1.53745 
57
24
724.477
0.991141 0.0243022 -0.130569 1.36168 -0.0311394 0.998234 -0.0505805 0.0588658 0.129109 0.0541983 0.990148 -1.63411 
78
29
969.988
0.986809 -0.00334596 -0.161856 0.001017 0.00324708 0.999994 -0.000875453 0.0207361 0.161858 0.000338347 0.986814 0.194211 
140
121
4766.15
0.999983 0.00460706 0.00370005 -0.0237675 -0.00460408 0.999989 -0.00081285 0.00157046 -0.00370375 0.0007958 0.999993 0.428526 
150
118
697.973
1 0.000277545 0.000513669 -0.00275391 -0.000277437 1 -0.00021095 -0.00319428 -0.000513728 0.000210808 1 0.385919 
150
128
643.628
0.999996 0.00287165 0.000784044 -0.00734612 -0.00287068 0.999995 -0.00123972 -0.0022882 -0.0007876 0.00123746 0.999999 0.402465 
150
117
721.28
0.999999 -0.00118059 -0.000640407 0.00234441 0.00117824 0.999993 -0.0036452 0.0207624 0.000644705 0.00364445 0.999993 0.390289 
150
131
723.331
0.999987 0.00371179 0.00356519 -0.0223429 -0.00371578 0.999992 0.0011151 -9.40296e-05 -0.00356102 -0.00112833 0.999993 0.389165 
150
121
679.876
1 0.000210216 -0.000198809 -0.00205458 -0.000210051 1 0.000831277 -0.00227916 0.000198983 -0.000831235 1 0.404364 
150
127
765.138
0.99999 0.00358888 0.00275711 -0.0138903 -0.00359411 0.999992 0.00189497 -0.0259785 -0.00275028 -0.00190486 0.999994 0.385608 
150
115
831.47
0.99996 0.00699244 0.00548853 -0.0293601 -0.00698506 0.999975 -0.00136369 -0.00179727 -0.00549793 0.0013253 0.999984 0.400334 
150
123
926.494
0.999978 0.0052247 0.00415326 -0.0214646 -0.00523311 0.999984 0.00201586 -0.00443153 -0.00414266 -0.00203755 0.999989 0.370716 
143
112
819.049
0.999998 0.0009905 0.00146523 -0.00293177 -0.000998522 0.999984 0.00548439 -0.0166653 -0.00145977 -0.00548585 0.999984 0.389552 
150
111
994.692
0.999983 0.00382272 0.00430428 -0.0208394 -0.0038283 0.999992 0.00128754 -0.00921536 -0.00429932 -0.001304 0.99999 0.420923 
150
111
1253.13
0.999994 -0.0033314 -0.000888246 0.00171881 0.00332608 0.999977 -0.00593095 0.00901654 0.000907984 0.00592796 0.999982 0.378711 
150
111
1237.26
0.999924 -0.0118436 0.00350659 1.20492 0.0119281 0.999613 -0.0251494 0.0649373 -0.00320737 0.0251893 0.999678 0.323533 
150
113
805.434
0.988956 -0.00295349 -0.148181 0.0469058 0.00272493 0.999995 -0.00174543 0.000868902 0.148186 0.00132237 0.988959 0.355333 
150
123
5094.96
0.985505 0.0567069 -0.159889 -0.211412 -0.0601246 0.998053 -0.0166153 0.0492047 0.158636 0.0259878 0.986995 0.139571 
64
32
2801.02
