0.999983 -0.00248381 -0.005345 -0.0152959 0.00252876 0.999961 0.00841825 -0.0200581 0.00532388 -0.00843162 0.99995 0.130057 
358
254
0.999983 -0.00248381 -0.005345 -0.0152959 0.00252876 0.999961 0.00841825 -0.0200581 0.00532388 -0.00843162 0.99995 0.130057 
373
373
0.999983 -0.00248381 -0.005345 -0.0152959 0.00252876 0.999961 0.00841825 -0.0200581 0.00532388 -0.00843162 0.99995 0.130057 
373
371
0.999983 -0.00248381 -0.005345 -0.0152959 0.00252876 0.999961 0.00841825 -0.0200581 0.00532388 -0.00843162 0.99995 0.130057 
360
217
0.999973 0.00163032 0.00709866 -0.0116474 -0.00165202 0.999994 0.00305291 -0.0116371 -0.00709364 -0.00306456 0.99997 0.00586635 
309
163
0.999973 0.00163032 0.00709866 -0.0116474 -0.00165202 0.999994 0.00305291 -0.0116371 -0.00709364 -0.00306456 0.99997 0.00586635 
300
179
0.999999 0.000896108 0.00127666 -0.00285424 -0.000897079 0.999999 0.000760695 -0.00264757 -0.00127598 -0.00076184 0.999999 0.000706334 
323
178
0.992043 0.0830841 -0.0945966 -0.53929 -0.0841977 0.996418 -0.00783539 -0.315521 0.0936068 0.0157379 0.995485 -3.65411 
323
158
0.989294 0.0715033 -0.127221 0.0101267 -0.0787213 0.995506 -0.0526375 -0.0114116 0.122885 0.0620889 0.990477 -0.11284 
337
153
0.990975 0.0727396 -0.112592 0.000323418 -0.0767634 0.996541 -0.0318199 0.000167602 0.109888 0.0401757 0.993132 -0.0801738 
325
163
0.990411 0.0827777 -0.110608 -0.00846297 -0.0853444 0.996177 -0.018668 -0.00672499 0.10864 0.0279288 0.993689 -0.0940995 
334
174
0.989921 0.0866109 -0.11205 -0.00587598 -0.0865344 0.996233 0.00555564 8.10406e-05 0.112109 0.0041965 0.993687 -0.0434602 
331
171
0.999125 -0.00278322 -0.0417242 0.168909 0.00223187 0.99991 -0.0132547 0.15249 0.0417574 0.01315 0.999041 -0.0882669 
298
144
0.999125 -0.00278322 -0.0417242 0.168909 0.00223187 0.99991 -0.0132547 0.15249 0.0417574 0.01315 0.999041 -0.0882669 
307
167
0.999125 -0.00278322 -0.0417242 0.168909 0.00223187 0.99991 -0.0132547 0.15249 0.0417574 0.01315 0.999041 -0.0882669 
309
180
0.999999 0.000947534 0.000847416 -0.0016712 -0.000948161 0.999999 0.000740648 -0.00167665 -0.000846714 -0.000741451 0.999999 0.00073797 
315
176
0.999287 0.000892438 -0.0377556 0.0191701 -0.00151167 0.999865 -0.0163757 0.0271835 0.0377359 0.0164211 0.999153 -0.0564665 
294
119
0.991386 0.0793491 -0.104202 0.0613606 -0.0832081 0.995978 -0.0332176 0.0403394 0.101147 0.0416019 0.994001 0.428529 
315
165
0.991352 0.0781085 -0.105454 0.0300285 -0.0798239 0.996735 -0.0121391 0.0102435 0.104162 0.0204518 0.99435 0.355436 
330
162
0.989789 0.0808139 -0.117419 -0.00377848 -0.0839377 0.99623 -0.0218989 0.000770776 0.115207 0.0315312 0.992841 -0.0676156 
320
154
0.990815 0.0566862 -0.122767 -0.0408463 -0.0631761 0.996768 -0.0496301 -0.0232831 0.119557 0.0569302 0.991194 -0.537933 
332
182
0.996633 -0.017728 -0.0800472 0.115412 0.014376 0.999003 -0.04226 0.161872 0.0807166 0.0409669 0.995895 -0.315389 
297
118
0.999967 -0.00752389 -0.00297839 0.304097 0.00751498 0.999967 -0.00299068 0.269146 0.0030008 0.0029682 0.999991 -0.0696156 
316
168
0.999967 -0.00752389 -0.00297839 0.304097 0.00751498 0.999967 -0.00299068 0.269146 0.0030008 0.0029682 0.999991 -0.0696156 
294
155
0.999998 -0.000931343 0.00168415 -0.00141395 0.000931029 1 0.000187131 -0.00140967 -0.00168432 -0.000185563 0.999999 0.000487217 
304
144
0.989456 -0.0844954 0.117636 0.0104294 0.0797356 0.995818 0.044605 0.0104704 -0.120913 -0.0347548 0.992054 0.103294 
296
154
0.988433 -0.0885443 0.123124 -0.0303852 0.0851386 0.995834 0.0326626 -0.00246978 -0.125503 -0.0218022 0.991854 -0.138515 
307
158
0.987892 -0.0788738 0.133594 -0.00550851 0.0705976 0.995345 0.0656005 -0.0145574 -0.138146 -0.0553748 0.988863 -0.098423 
288
138
0.991803 -0.0819707 0.0980199 0.00453255 0.0824646 0.996594 -0.000990522 -0.000992398 -0.0976048 0.00906557 0.995184 0.0214185 
295
151
0.988905 -0.087484 0.120057 0.0124889 0.0853367 0.996088 0.0229211 -0.000289489 -0.121593 -0.0124214 0.992502 0.0486959 
285
141
0.991525 -0.0846792 0.0985227 0.0164018 0.0827275 0.996289 0.0237362 0.00981857 -0.100167 -0.0153845 0.994852 0.0978276 
295
154
0.989776 -0.0842373 0.115094 0.00965652 0.0805534 0.996089 0.0363008 0.00582332 -0.117702 -0.0266584 0.992691 0.0643749 
303
151
0.990634 -0.0823169 0.108943 0.00309647 0.0817148 0.996606 0.00998783 -0.000614941 -0.109395 -0.000992035 0.993998 0.0183625 
302
144
0.989257 -0.0835354 0.119972 0.00595808 0.0818643 0.996466 0.0187993 -8.3891e-05 -0.121119 -0.00877586 0.992599 0.0257295 
309
152
0.988435 -0.0908556 0.121414 -0.0843191 0.0923631 0.995702 -0.0068347 0.0112319 -0.120271 0.0179698 0.992578 -0.207507 
312
140
0.999898 0.00106228 -0.0142256 0.0513023 -0.000842909 0.999881 0.0154178 0.0464821 0.0142403 -0.0154043 0.99978 -0.0300326 
316
114
0.999998 0.000988796 0.00167901 -0.0016556 -0.000988711 1 -5.13309e-05 -0.00163898 -0.00167906 4.96707e-05 0.999999 0.000607698 
316
177
0.999998 0.000988796 0.00167901 -0.0016556 -0.000988711 1 -5.13309e-05 -0.00163898 -0.00167906 4.96707e-05 0.999999 0.000607698 
314
183
0.99891 -0.0466835 5.3293e-05 0.0401736 0.0466264 0.99763 -0.0505918 0.134663 0.00230864 0.0505391 0.998719 -0.289601 
322
125
0.988874 -0.0756956 0.128054 0.00335593 0.0697629 0.9963 0.0502039 0.000502754 -0.13138 -0.040712 0.990496 0.0896465 
312
159
0.989136 -0.0794484 0.123682 0.0105257 0.0753681 0.996457 0.037334 0.00344426 -0.126209 -0.0276068 0.991619 0.078541 
312
159
0.989883 -0.0840807 0.114293 0.00688698 0.0811744 0.996253 0.0298569 0.00339757 -0.116375 -0.0202772 0.992998 0.0539338 
309
154
0.999988 -0.00343635 -0.00361122 0.303042 0.00340127 0.999947 -0.00967511 0.31451 0.00364428 0.00966271 0.999947 -0.235066 
329
141
0.999988 -0.00343635 -0.00361122 0.303042 0.00340127 0.999947 -0.00967511 0.31451 0.00364428 0.00966271 0.999947 -0.235066 
280
173
0.999988 -0.00343635 -0.00361122 0.303042 0.00340127 0.999947 -0.00967511 0.31451 0.00364428 0.00966271 0.999947 -0.235066 
302
169
0.999998 -0.00191799 0.000451377 -0.146262 0.00191736 0.999997 0.00139934 0.0129002 -0.00045406 -0.00139847 0.999999 -0.529243 
279
161
0.999998 -0.00191799 0.000451377 -0.146262 0.00191736 0.999997 0.00139934 0.0129002 -0.00045406 -0.00139847 0.999999 -0.529243 
291
178
0.995845 0.0134831 -0.0900576 0.0145636 -0.0159619 0.999512 -0.0268612 0.0336109 0.0896514 0.0281871 0.995574 -0.0691208 
304
143
0.989312 0.0835036 -0.119533 -0.00525782 -0.0865721 0.99603 -0.0207035 0.000183008 0.11733 0.0308305 0.992614 -0.0590332 
317
171
0.98909 0.00673527 -0.147161 0.0419112 -0.0168983 0.997548 -0.0679198 0.031258 0.146343 0.0696656 0.986778 -0.124243 
325
133
0.98909 0.00673527 -0.147161 0.0419112 -0.0168983 0.997548 -0.0679198 0.031258 0.146343 0.0696656 0.986778 -0.124243 
281
191
1 -0.000590943 0.000699492 -0.00482851 0.000590891 1 7.46061e-05 -0.00472216 -0.000699536 -7.41927e-05 1 0.00247169 
310
185
1 -0.000590943 0.000699492 -0.00482851 0.000590891 1 7.46061e-05 -0.00472216 -0.000699536 -7.41927e-05 1 0.00247169 
280
148
0.996295 0.00161223 -0.0859824 0.0159198 -0.00605347 0.998659 -0.0514173 0.0301184 0.0857842 0.0517473 0.994969 -0.0720903 
326
130
0.988992 0.0877348 -0.119156 -0.00927038 -0.0900781 0.99583 -0.0144136 -0.00153475 0.117395 0.0249883 0.992771 -0.0960736 
328
172
0.986642 0.10009 -0.128527 -0.150464 -0.103512 0.994423 -0.0202157 -0.100641 0.125787 0.0332498 0.9915 -0.457411 
331
152
0.988319 0.0803845 -0.129477 -0.00131131 -0.0832981 0.996376 -0.0172384 0.0024925 0.127622 0.0278222 0.991433 -0.0300458 
317
156
0.988913 0.0771142 -0.1269 -0.000188537 -0.0814036 0.99626 -0.0289619 0.00753499 0.124192 0.0389709 0.991493 -0.0909254 
323
150
0.991102 0.0812856 -0.105399 -0.00296926 -0.0808794 0.996691 0.00812932 0.00389669 0.105711 0.000467605 0.994397 -0.0336568 
333
160
0.988224 0.0771632 -0.132135 0.00327821 -0.0844942 0.995128 -0.0507956 -0.00550281 0.127572 0.0613621 0.989929 -0.0754594 
329
144
0.988845 0.0824853 -0.124026 -0.0079777 -0.0849459 0.996278 -0.0146743 -0.000717356 0.122354 0.0250461 0.99217 -0.0558303 
338
152
0.991183 0.0577616 -0.119248 -0.00293904 -0.0651009 0.996157 -0.0585945 -0.00475391 0.115405 0.065841 0.991134 -0.0629862 
328
166
0.999771 0.020139 -0.00721851 0.0194417 -0.020073 0.999757 0.00909329 0.0254597 0.00739989 -0.00894632 0.999933 -0.0621045 
287
109
1 -0.000499038 0.000764717 -0.0172571 0.00049954 1 -0.000656298 -0.0174619 -0.000764389 0.00065668 0.999999 0.00658961 
292
156
1 -0.000499038 0.000764717 -0.0172571 0.00049954 1 -0.000656298 -0.0174619 -0.000764389 0.00065668 0.999999 0.00658961 
279
152
0.999917 -0.00405684 -0.0122515 0.00262547 0.00390713 0.999918 -0.0122192 0.00949001 0.0123001 0.0121703 0.99985 -0.0121303 
265
136
0.999782 -0.00652616 -0.0198217 0.204841 0.00623144 0.99987 -0.0148942 0.189088 0.0199164 0.0147675 0.999693 -0.13327 
274
140
0.99987 -0.00534907 -0.0152406 0.0943712 0.00511557 0.99987 -0.015319 0.0849416 0.0153205 0.0152391 0.999766 -0.0574745 
289
133
0.999842 -0.0107328 -0.0141748 7.24064e-05 0.010372 0.999626 -0.0252861 0.0445454 0.0144409 0.0251351 0.99958 -0.21831 
263
129
0.99055 0.0345809 -0.132722 0.00306869 -0.0452958 0.995878 -0.0785804 0.0177078 0.129458 0.0838496 0.988033 -0.135863 
304
118
0.992694 0.0814234 -0.0890441 -0.00492537 -0.0831263 0.996417 -0.0155802 -0.00207876 0.0874565 0.0228683 0.995906 -0.0585598 
320
143
0.989482 0.0863932 -0.116028 0.083428 -0.0891017 0.995853 -0.0183537 0.0519417 0.113961 0.028499 0.993076 0.414068 
324
151
0.9899 0.0885593 -0.110705 0.0573589 -0.0915438 0.995554 -0.0221635 0.0299677 0.10825 0.032074 0.993606 0.366027 
328
150
0.991295 0.0799024 -0.104639 -0.00649695 -0.0827114 0.996313 -0.0227797 -0.0026953 0.102433 0.0312362 0.994249 -0.0997285 
316
173
0.985775 0.0890033 -0.142573 0.0694485 -0.0919607 0.99566 -0.0142765 0.0165911 0.140683 0.0271846 0.989681 0.229402 
329
155
0.999422 -0.00886189 -0.0328336 0.233869 0.00824551 0.999788 -0.0188609 0.225354 0.0329938 0.0185792 0.999283 -0.272241 
287
161
1 -0.000111268 -4.68047e-05 -0.0334141 0.000111273 1 9.21377e-05 -0.0331032 4.67945e-05 -9.21429e-05 1 0.0162489 
305
199
1 -0.000111268 -4.68047e-05 -0.0334141 0.000111273 1 9.21377e-05 -0.0331032 4.67945e-05 -9.21429e-05 1 0.0162489 
302
184
1 0.000349426 -0.000410223 -0.00531723 -0.000349412 1 3.57902e-05 -0.00524368 0.000410235 -3.56468e-05 1 0.00120884 
285
182
0.999946 0.0102872 -0.00149075 0.00418055 -0.0102522 0.999708 0.0218605 0.0224188 0.00171519 -0.0218441 0.99976 -0.0412145 
263
100
0.990965 0.0685969 -0.115253 -0.00662435 -0.0738641 0.996381 -0.0420639 -0.00358015 0.11195 0.0501969 0.992445 -0.0603371 
319
143
0.989205 0.0646716 -0.131497 -0.0211472 -0.0692066 0.997145 -0.0302094 -0.011235 0.129168 0.0389838 0.990856 0.166867 
332
171
0.989262 0.0827353 -0.120477 -0.0105734 -0.0870714 0.995714 -0.0311744 -0.00845945 0.117381 0.0413297 0.992227 -0.0664232 
333
136
0.987628 0.0822268 -0.133531 0.0118184 -0.0833271 0.996519 -0.00266355 -0.0480384 0.132847 0.0137573 0.991041 0.282189 
334
146
0.997952 0.0121298 -0.0628051 0.0346301 -0.0123961 0.999916 -0.00385348 0.0498667 0.062753 0.00462413 0.998018 -0.13503 
312
110
0.997952 0.0121298 -0.0628051 0.0346301 -0.0123961 0.999916 -0.00385348 0.0498667 0.062753 0.00462413 0.998018 -0.13503 
317
175
1 0.000215135 -0.000465223 -0.56629 -0.000215407 1 -0.000584755 -0.28734 0.000465097 0.000584855 1 -0.33343 
293
166
1 0.000215135 -0.000465223 -0.56629 -0.000215407 1 -0.000584755 -0.28734 0.000465097 0.000584855 1 -0.33343 
312
170
1 0.000215135 -0.000465223 -0.56629 -0.000215407 1 -0.000584755 -0.28734 0.000465097 0.000584855 1 -0.33343 
277
167
1 0.000215135 -0.000465223 -0.56629 -0.000215407 1 -0.000584755 -0.28734 0.000465097 0.000584855 1 -0.33343 
286
163
0.999875 -0.00482873 -0.0150671 0.0155341 0.00465177 0.99992 -0.0117574 0.014365 0.0151226 0.0116859 0.999817 -0.019603 
297
156
1 -0.000263635 0.00050484 -0.000801482 0.000263355 1 0.000553881 -0.00107676 -0.000504986 -0.000553748 1 0.00065681 
294
150
0.989737 0.0733233 -0.122659 -0.00209304 -0.077972 0.996391 -0.0335325 -0.000631171 0.119758 0.0427524 0.991882 -0.0611069 
339
169
0.988853 0.0867322 -0.121026 -0.00709172 -0.090154 0.99566 -0.0230796 -0.00377321 0.118499 0.0337334 0.992381 -0.031755 
316
164
0.991588 0.0751639 -0.10537 -2.53867e-05 -0.0754308 0.99715 0.00145562 0.00311104 0.105179 0.00650479 0.994432 -0.0363159 
310
151
0.989296 0.0885779 -0.115961 -0.00677969 -0.0906182 0.995808 -0.0124325 -0.00284442 0.114374 0.0228076 0.993176 -0.0486629 
321
165
0.999854 -0.00307833 -0.0168037 0.295644 0.0029413 0.999962 -0.00817302 0.261325 0.0168282 0.00812241 0.999825 -0.128938 
306
138
0.999854 -0.00307833 -0.0168037 0.295644 0.0029413 0.999962 -0.00817302 0.261325 0.0168282 0.00812241 0.999825 -0.128938 
314
178
0.999854 -0.00307833 -0.0168037 0.295644 0.0029413 0.999962 -0.00817302 0.261325 0.0168282 0.00812241 0.999825 -0.128938 
300
172
0.999854 -0.00307833 -0.0168037 0.295644 0.0029413 0.999962 -0.00817302 0.261325 0.0168282 0.00812241 0.999825 -0.128938 
288
174
