0.999999 0.000726362 0.00156828 -0.0135417 -0.000716092 0.999978 -0.00653951 0.0261539 -0.001573 0.00653837 0.999977 0.43399 
144
82
725.942
0.999998 0.00095349 0.00145569 -0.0105453 -0.000953828 1 0.000231078 -0.000164609 -0.00145547 -0.000232466 0.999999 0.496275 
141
92
906.678
0.999999 -0.000616906 -0.000872778 -0.00613292 0.000618189 0.999999 0.00147006 -0.00811348 0.00087187 -0.0014706 0.999999 0.478956 
143
97
1060.51
0.999945 -0.0010613 0.0104723 0.00393961 0.000232514 0.996888 0.078826 -0.0182209 -0.0105234 -0.0788192 0.996833 0.514744 
133
60
1443.17
0.973174 0.00260642 0.230058 -0.0241189 0.0141344 0.99737 -0.0710901 0.00122936 -0.229638 0.0724347 0.970577 -0.0713005 
142
91
3432.33
0.973174 0.00260642 0.230058 -0.0241189 0.0141344 0.99737 -0.0710901 0.00122936 -0.229638 0.0724347 0.970577 -0.0713005 
147
99
2148.97
0.973174 0.00260642 0.230058 -0.0241189 0.0141344 0.99737 -0.0710901 0.00122936 -0.229638 0.0724347 0.970577 -0.0713005 
142
101
2591.28
0.973174 0.00260642 0.230058 -0.0241189 0.0141344 0.99737 -0.0710901 0.00122936 -0.229638 0.0724347 0.970577 -0.0713005 
144
99
2767.24
0.999436 0.00166902 0.0335542 0.0292717 -0.00136473 0.999958 -0.00908947 0.0408907 -0.033568 0.00903854 0.999396 0.405063 
141
57
984.426
0.999999 -0.000910142 -0.000744238 -0.0146163 0.000911892 0.999997 0.00235486 -0.0126905 0.000742093 -0.00235554 0.999997 0.445577 
141
86
1061.68
1 -0.00010922 0.000281153 0.00184675 0.000108273 0.999994 0.00336913 -0.00429869 -0.000281519 -0.0033691 0.999994 0.471893 
133
64
767.529
0.999992 0.00144078 0.00362202 -0.00651112 -0.00142762 0.999992 -0.00363322 0.0228096 -0.00362723 0.00362802 0.999987 0.495059 
130
72
856.498
0.999578 0.00912256 0.027585 -0.0579816 -0.00869714 0.999842 -0.0155031 0.0249266 -0.027722 0.0152566 0.999499 0.453593 
137
67
1212.35
0.999791 0.00312714 0.0202049 -0.0239217 -0.00255774 0.999601 -0.0281459 0.0589604 -0.0202848 0.0280883 0.9994 0.385656 
118
43
977.577
0.999763 -0.0187977 -0.0109758 0.168978 0.0188922 0.999785 0.00857062 -0.033309 0.0108123 -0.00877595 0.999903 0.108397 
105
34
981.7
0.998162 -0.000623309 -0.0605989 0.133727 -0.00306155 0.998152 -0.0606954 0.108556 0.0605247 0.0607694 0.996315 0.28514 
69
33
900.601
0.998891 0.0037379 0.0469289 0.0738157 -0.00339703 0.999967 -0.00734127 0.000907069 -0.0469548 0.00717371 0.998871 0.0397946 
105
55
1006.12
0.998891 0.0037379 0.0469289 0.0738157 -0.00339703 0.999967 -0.00734127 0.000907069 -0.0469548 0.00717371 0.998871 0.0397946 
136
104
3009.38
0.998891 0.0037379 0.0469289 0.0738157 -0.00339703 0.999967 -0.00734127 0.000907069 -0.0469548 0.00717371 0.998871 0.0397946 
141
101
2789.27
0.998891 0.0037379 0.0469289 0.0738157 -0.00339703 0.999967 -0.00734127 0.000907069 -0.0469548 0.00717371 0.998871 0.0397946 
136
96
3181.16
0.998891 0.0037379 0.0469289 0.0738157 -0.00339703 0.999967 -0.00734127 0.000907069 -0.0469548 0.00717371 0.998871 0.0397946 
144
95
2239.33
0.989957 -0.00260009 0.141348 0.0287017 0.00222221 0.999994 0.0028312 -0.00351576 -0.141354 -0.00248866 0.989956 0.170585 
141
102
1841.21
0.999998 -0.00141206 -0.00168838 0.00113463 0.0014082 0.999996 -0.00228529 9.89926e-05 0.0016916 0.00228291 0.999996 0.426181 
129
81
727.72
0.999993 -0.0033196 -0.00166369 -0.00246622 0.00332193 0.999993 0.00140432 -0.0290096 0.00165901 -0.00140984 0.999998 0.482689 
130
77
663.847
0.99999 -0.00182299 -0.00403759 0.00554057 0.00181982 0.999998 -0.000788526 0.0121605 0.00403902 0.000781171 0.999992 0.472273 
131
92
740.678
0.999994 0.00155539 -0.00306613 0.00268793 -0.00153838 0.999983 0.00554015 -0.0101558 0.0030747 -0.0055354 0.99998 0.462994 
128
80
675.169
0.999996 0.00205742 0.00201808 -0.00489709 -0.00204577 0.999981 -0.00575477 0.0253498 -0.00202989 0.00575062 0.999981 0.512428 
127
72
974.39
0.999988 -0.00294051 -0.00397954 0.00321967 0.00293476 0.999995 -0.00145038 0.00684875 0.00398378 0.00143868 0.999991 0.478655 
131
76
635.163
0.999998 -0.000513699 -0.00201382 0.00492793 0.000522273 0.999991 0.00425949 -0.0173351 0.00201162 -0.00426053 0.999989 0.446087 
133
71
910.529
0.996925 0.000377258 0.0783592 -0.00556861 -0.00040562 1 0.000346025 -0.00163479 -0.0783591 -0.000376745 0.996925 0.288388 
134
82
1350.17
0.996925 0.000377258 0.0783592 -0.00556861 -0.00040562 1 0.000346025 -0.00163479 -0.0783591 -0.000376745 0.996925 0.288388 
149
95
3380.44
0.996925 0.000377258 0.0783592 -0.00556861 -0.00040562 1 0.000346025 -0.00163479 -0.0783591 -0.000376745 0.996925 0.288388 
144
97
2065.26
0.996925 0.000377258 0.0783592 -0.00556861 -0.00040562 1 0.000346025 -0.00163479 -0.0783591 -0.000376745 0.996925 0.288388 
146
93
3150.61
0.996925 0.000377258 0.0783592 -0.00556861 -0.00040562 1 0.000346025 -0.00163479 -0.0783591 -0.000376745 0.996925 0.288388 
150
107
2588.33
0.996925 0.000377258 0.0783592 -0.00556861 -0.00040562 1 0.000346025 -0.00163479 -0.0783591 -0.000376745 0.996925 0.288388 
150
100
3865.24
0.998678 -0.00634703 0.0510182 0.0294945 0.00668139 0.999957 -0.00638593 0.0379993 -0.0509755 0.00671836 0.998677 0.350073 
145
66
1342.23
0.999975 0.00248004 0.00659558 -0.0391634 -0.00239225 0.999909 -0.0132843 0.0688148 -0.00662793 0.0132682 0.99989 0.494649 
145
76
1054.22
0.999988 0.00394386 0.00299517 -0.0508864 -0.00393891 0.999991 -0.00165477 0.027989 -0.00300166 0.00164295 0.999994 0.494687 
130
75
728.435
0.999975 0.00106187 0.00703695 -0.0830066 -0.00104579 0.999997 -0.00228806 -0.0259255 -0.00703936 0.00228064 0.999973 0.405112 
130
64
729.852
0.99999 0.00344467 0.00286402 -0.00475058 -0.00346815 0.99996 0.00823546 -0.0165859 -0.00283554 -0.00824531 0.999962 0.486266 
134
65
857.094
0.999983 -0.000222229 -0.00590511 0.0229062 0.000251696 0.999988 0.00498993 -0.00508483 0.00590393 -0.00499133 0.99997 0.461597 
129
59
923.771
0.982043 -0.00264588 0.188638 -0.001556 0.00374403 0.999978 -0.00546539 0.0245601 -0.188619 0.00607352 0.982032 0.0909385 
141
84
2992.79
0.982043 -0.00264588 0.188638 -0.001556 0.00374403 0.999978 -0.00546539 0.0245601 -0.188619 0.00607352 0.982032 0.0909385 
149
111
2598.55
0.982043 -0.00264588 0.188638 -0.001556 0.00374403 0.999978 -0.00546539 0.0245601 -0.188619 0.00607352 0.982032 0.0909385 
150
95
2628.15
0.982043 -0.00264588 0.188638 -0.001556 0.00374403 0.999978 -0.00546539 0.0245601 -0.188619 0.00607352 0.982032 0.0909385 
150
113
3014.15
0.982043 -0.00264588 0.188638 -0.001556 0.00374403 0.999978 -0.00546539 0.0245601 -0.188619 0.00607352 0.982032 0.0909385 
150
109
2439.05
0.982043 -0.00264588 0.188638 -0.001556 0.00374403 0.999978 -0.00546539 0.0245601 -0.188619 0.00607352 0.982032 0.0909385 
150
100
2763.16
0.982043 -0.00264588 0.188638 -0.001556 0.00374403 0.999978 -0.00546539 0.0245601 -0.188619 0.00607352 0.982032 0.0909385 
149
105
2749.65
0.999683 0.00291297 0.0250026 -0.00478201 -0.00287334 0.999995 -0.00162103 -0.00488118 -0.0250072 0.00154867 0.999686 0.413922 
150
72
1260.56
1 -0.000290922 -0.000689869 0.00736645 0.000290824 1 -0.000142223 -0.00332428 0.000689911 0.000142022 1 0.507264 
145
97
784.935
0.999666 0.0121886 0.0227722 -0.0660569 -0.013966 0.996729 0.0795971 0.0143368 -0.0217275 -0.0798886 0.996567 0.54569 
145
60
1274.39
0.990105 0.00295385 0.140297 -0.000675369 0.00791329 0.997012 -0.0768371 -0.00409424 -0.140105 0.077187 0.987124 0.144012 
150
102
2556.39
1 -0.000264889 -0.000922079 0.000418186 0.000260888 0.999991 -0.00433687 0.0197853 0.000923219 0.00433663 0.99999 0.492546 
150
97
822.629
1 0.000484883 -0.000619386 0.00205275 -0.000484017 0.999999 0.00139815 -0.00292152 0.000620064 -0.00139785 0.999999 0.500154 
146
109
699.09
0.999993 0.00171125 0.00338491 -0.0246591 -0.00168901 0.999977 -0.00656213 0.03095 -0.00339607 0.00655637 0.999973 0.515002 
145
90
695.431
0.999991 -0.00215097 -0.00360573 0.01283 0.0021489 0.999998 -0.000579451 -0.00603336 0.00360697 0.000571698 0.999993 0.455136 
150
104
761.155
1 0.000463993 0.000291681 -0.00408256 -0.000464061 1 0.000232812 -7.86193e-05 -0.000291573 -0.000232947 1 0.449718 
143
103
740.911
0.999921 -0.00683218 -0.0105494 0.0302352 0.00681233 0.999975 -0.0019159 -0.000503207 0.0105622 0.00184388 0.999943 0.433605 
148
84
786.866
0.999595 0.00465843 -0.0280863 -0.0411521 -0.00475534 0.999983 -0.00338445 0.000987139 0.0280701 0.00351664 0.9996 0.394047 
149
80
1011.16
0.999595 0.00465843 -0.0280863 -0.0411521 -0.00475534 0.999983 -0.00338445 0.000987139 0.0280701 0.00351664 0.9996 0.394047 
150
102
2369.65
0.999595 0.00465843 -0.0280863 -0.0411521 -0.00475534 0.999983 -0.00338445 0.000987139 0.0280701 0.00351664 0.9996 0.394047 
150
102
2805.05
0.999595 0.00465843 -0.0280863 -0.0411521 -0.00475534 0.999983 -0.00338445 0.000987139 0.0280701 0.00351664 0.9996 0.394047 
146
98
2800.47
0.999595 0.00465843 -0.0280863 -0.0411521 -0.00475534 0.999983 -0.00338445 0.000987139 0.0280701 0.00351664 0.9996 0.394047 
146
98
2382.27
0.999595 0.00465843 -0.0280863 -0.0411521 -0.00475534 0.999983 -0.00338445 0.000987139 0.0280701 0.00351664 0.9996 0.394047 
143
93
2505.75
0.999936 -0.00200941 -0.0111509 0.00851198 0.00208612 0.999974 0.00687197 -0.049707 0.0111368 -0.00689479 0.999914 0.382233 
141
72
518.48
1 0.000274142 0.000288314 -0.00918252 -0.000272288 0.999979 -0.00641175 0.0499186 -0.000290066 0.00641167 0.999979 0.487893 
135
93
521.717
0.99999 0.00226019 0.00392269 -0.0153463 -0.00226087 0.999997 0.000167153 -0.00315995 -0.0039223 -0.00017602 0.999992 0.457333 
140
85
759.028
0.999982 0.00262432 0.00535534 -0.033005 -0.00262525 0.999997 0.000168101 -0.0106661 -0.00535488 -0.000182157 0.999986 0.451453 
140
91
819.285
0.99999 -0.00251079 -0.00378296 0.0175247 0.0024852 0.999974 -0.0067533 0.0129969 0.00379982 0.00674383 0.99997 0.458503 
135
84
742.518
0.999242 0.00782685 -0.038143 -0.187692 -0.00739129 0.999906 0.0115469 -0.00811595 0.0382297 -0.0112562 0.999206 0.210197 
138
53
925.7
0.999242 0.00782685 -0.038143 -0.187692 -0.00739129 0.999906 0.0115469 -0.00811595 0.0382297 -0.0112562 0.999206 0.210197 
144
91
2583.98
0.999242 0.00782685 -0.038143 -0.187692 -0.00739129 0.999906 0.0115469 -0.00811595 0.0382297 -0.0112562 0.999206 0.210197 
144
107
3112.13
0.999242 0.00782685 -0.038143 -0.187692 -0.00739129 0.999906 0.0115469 -0.00811595 0.0382297 -0.0112562 0.999206 0.210197 
143
91
2452.09
0.98567 -0.00279425 -0.168662 -0.0112183 0.00073684 0.999925 -0.0122598 0.0156202 0.168683 0.0119598 0.985598 0.114335 
147
100
2622.07
0.999995 -0.00126181 -0.00284853 0.0298506 0.00127281 0.999992 0.00386311 0.0231912 0.00284363 -0.00386671 0.999988 0.460915 
142
81
799.955
1 -0.000304371 -6.73756e-06 0.00024309 0.000304316 0.999975 -0.00709003 0.024671 8.89539e-06 0.00709003 0.999975 0.480804 
142
78
865.855
0.999967 0.00404106 0.00704374 -0.0248014 -0.00400857 0.999981 -0.00462012 0.019263 -0.00706228 0.00459173 0.999965 0.451056 
147
86
773.856
1 -0.000177934 -0.000464288 0.000657679 0.000177675 1 -0.000557469 -0.00343304 0.000464387 0.000557387 1 0.212339 
135
66
687.069
0.986049 -0.00842931 -0.166241 0.0285967 0.00785932 0.999961 -0.00408626 0.0218538 0.166269 0.00272271 0.986077 0.159577 
145
79
2557.52
0.986049 -0.00842931 -0.166241 0.0285967 0.00785932 0.999961 -0.00408626 0.0218538 0.166269 0.00272271 0.986077 0.159577 
145
98
2787.53
0.986049 -0.00842931 -0.166241 0.0285967 0.00785932 0.999961 -0.00408626 0.0218538 0.166269 0.00272271 0.986077 0.159577 
144
96
2565.13
0.986049 -0.00842931 -0.166241 0.0285967 0.00785932 0.999961 -0.00408626 0.0218538 0.166269 0.00272271 0.986077 0.159577 
150
101
2542.13
0.986049 -0.00842931 -0.166241 0.0285967 0.00785932 0.999961 -0.00408626 0.0218538 0.166269 0.00272271 0.986077 0.159577 
143
89
2610.67
0.986049 -0.00842931 -0.166241 0.0285967 0.00785932 0.999961 -0.00408626 0.0218538 0.166269 0.00272271 0.986077 0.159577 
148
103
2456.79
0.986049 -0.00842931 -0.166241 0.0285967 0.00785932 0.999961 -0.00408626 0.0218538 0.166269 0.00272271 0.986077 0.159577 
147
98
2365.54
0.986049 -0.00842931 -0.166241 0.0285967 0.00785932 0.999961 -0.00408626 0.0218538 0.166269 0.00272271 0.986077 0.159577 
149
95
3703.13
0.999956 0.00546915 0.00764547 -0.0381301 -0.00611468 0.996178 0.0871312 -0.00540133 -0.00713971 -0.0871741 0.996168 0.470306 
138
65
881.446
0.999983 0.00284463 0.00501291 -0.00331419 -0.00286687 0.999986 0.00443552 -0.0164166 -0.00500022 -0.00444982 0.999978 0.458929 
147
97
710.396
0.999999 -0.000186784 -0.00128024 0.0107551 0.000184272 0.999998 -0.00196211 0.0113879 0.0012806 0.00196187 0.999997 0.501841 
150
78
877.348
0.999997 0.00140426 0.00212166 -0.0116537 -0.00140587 0.999999 0.000761309 0.00168133 -0.00212058 -0.000764289 0.999997 0.501054 
149
81
933.106
0.999998 0.00116161 0.00136174 -0.0250562 -0.00116099 0.999999 -0.000460931 -0.00216622 -0.00136227 0.000459349 0.999999 0.488131 
148
76
1039.96
0.999999 0.000378731 0.00116301 -0.0088357 -0.000381786 0.999996 0.00262784 -0.0108283 -0.00116201 -0.00262828 0.999996 0.467312 
145
79
942.645
0.999964 -0.00429963 -0.00729383 0.0195018 0.0042852 0.999989 -0.00199239 0.0198905 0.00730231 0.00196106 0.999971 0.515409 
146
73
1086.01
0.999838 -0.00574351 -0.0170829 0.0737278 0.00555916 0.999926 -0.0108197 0.00992367 0.0171438 0.010723 0.999796 0.368813 
144
68
855.203
0.999947 -0.0037805 -0.00957108 0.0140147 0.0035719 0.999758 -0.021719 0.0458812 0.00965087 0.0216836 0.999718 0.399441 
126
66
572.781
0.999731 -0.0109622 -0.0204619 0.0681622 0.0108273 0.999919 -0.00669142 0.0166606 0.0205336 0.00646807 0.999768 0.461553 
130
54
788.544
0.9895 -5.22745e-05 -0.144532 0.00363762 0.000604298 0.999993 0.00377549 -0.00693901 0.144531 -0.00382319 0.989493 0.153899 
147
93
2323.58
0.9895 -5.22745e-05 -0.144532 0.00363762 0.000604298 0.999993 0.00377549 -0.00693901 0.144531 -0.00382319 0.989493 0.153899 
143
96
2320.11
0.9895 -5.22745e-05 -0.144532 0.00363762 0.000604298 0.999993 0.00377549 -0.00693901 0.144531 -0.00382319 0.989493 0.153899 
146
97
2234.71
0.996574 0.00408175 -0.0826009 -0.0413844 -0.00421494 0.99999 -0.00143807 0.00389035 0.0825942 0.00178131 0.996582 0.264403 
145
88
1639.42
0.998744 0.00442864 -0.0499115 -0.0340255 -0.00398853 0.999952 0.00891405 -0.0120014 0.0499486 -0.00870378 0.998714 0.340679 
142
79
1184.84
0.998744 0.00442864 -0.0499115 -0.0340255 -0.00398853 0.999952 0.00891405 -0.0120014 0.0499486 -0.00870378 0.998714 0.340679 
150
100
2400.97
0.998744 0.00442864 -0.0499115 -0.0340255 -0.00398853 0.999952 0.00891405 -0.0120014 0.0499486 -0.00870378 0.998714 0.340679 
148
107
2390.14
0.998744 0.00442864 -0.0499115 -0.0340255 -0.00398853 0.999952 0.00891405 -0.0120014 0.0499486 -0.00870378 0.998714 0.340679 
150
112
2522.33
0.998744 0.00442864 -0.0499115 -0.0340255 -0.00398853 0.999952 0.00891405 -0.0120014 0.0499486 -0.00870378 0.998714 0.340679 
147
103
3364.07
0.998744 0.00442864 -0.0499115 -0.0340255 -0.00398853 0.999952 0.00891405 -0.0120014 0.0499486 -0.00870378 0.998714 0.340679 
150
101
3016.7
0.998744 0.00442864 -0.0499115 -0.0340255 -0.00398853 0.999952 0.00891405 -0.0120014 0.0499486 -0.00870378 0.998714 0.340679 
150
109
2458.19
0.998744 0.00442864 -0.0499115 -0.0340255 -0.00398853 0.999952 0.00891405 -0.0120014 0.0499486 -0.00870378 0.998714 0.340679 
150
116
2997.96
0.998744 0.00442864 -0.0499115 -0.0340255 -0.00398853 0.999952 0.00891405 -0.0120014 0.0499486 -0.00870378 0.998714 0.340679 
150
100
2657.56
0.998744 0.00442864 -0.0499115 -0.0340255 -0.00398853 0.999952 0.00891405 -0.0120014 0.0499486 -0.00870378 0.998714 0.340679 
146
91
2480.62
0.998744 0.00442864 -0.0499115 -0.0340255 -0.00398853 0.999952 0.00891405 -0.0120014 0.0499486 -0.00870378 0.998714 0.340679 
144
104
2570.02
0.998744 0.00442864 -0.0499115 -0.0340255 -0.00398853 0.999952 0.00891405 -0.0120014 0.0499486 -0.00870378 0.998714 0.340679 
150
73
358.585
0.999995 -0.00150899 -0.00264414 0.00860179 0.00149685 0.999988 -0.00458761 0.0216854 0.00265104 0.00458363 0.999986 0.515538 
142
97
794.467
0.978198 -0.00259671 -0.207658 0.0323421 0.00167906 0.999988 -0.00459517 0.000774926 0.207668 0.00414632 0.978191 0.0377866 
145
97
3247.22
0.999999 -8.98894e-05 0.00165838 0.00363263 9.93949e-05 0.999984 -0.00573259 0.0306152 -0.00165784 0.00573275 0.999982 0.490744 
144
95
570.437
0.999999 -0.000877551 -0.000649212 -0.0123037 0.000876717 0.999999 -0.0012839 0.00742388 0.000650338 0.00128333 0.999999 0.444084 
145
80
692.653
0.99999 -0.00226633 -0.00380815 0.0280681 0.00224477 0.999981 -0.00565561 0.0257844 0.0038209 0.00564701 0.999977 0.431144 
143
96
619.179
0.999999 0.000623227 0.00093119 -0.00340436 -0.000621764 0.999999 -0.00157095 0.0216936 -0.000932167 0.00157037 0.999998 0.463219 
148
84
773.29
1 0.000120477 0.000245345 -0.0113684 -0.000120074 0.999999 -0.00164185 -0.00589831 -0.000245542 0.00164182 0.999999 0.421473 
146
93
724.017
0.999955 -0.00507978 -0.00801391 0.0409649 0.00503843 0.999974 -0.00517165 0.0149559 0.00803997 0.00513104 0.999955 0.453632 
141
74
888.807
0.999991 0.00186275 0.00373856 -0.013346 -0.00185855 0.999998 -0.0011257 -0.00658283 -0.00374065 0.00111874 0.999992 0.420308 
148
83
768.489
0.993723 -0.00121768 0.111863 0.00203738 0.00133608 0.999999 -0.000983475 0.0118128 -0.111862 0.00112676 0.993723 0.242121 
146
80
1785.59
0.993723 -0.00121768 0.111863 0.00203738 0.00133608 0.999999 -0.000983475 0.0118128 -0.111862 0.00112676 0.993723 0.242121 
150
107
2256.32
0.993723 -0.00121768 0.111863 0.00203738 0.00133608 0.999999 -0.000983475 0.0118128 -0.111862 0.00112676 0.993723 0.242121 
150
108
2261.11
0.993723 -0.00121768 0.111863 0.00203738 0.00133608 0.999999 -0.000983475 0.0118128 -0.111862 0.00112676 0.993723 0.242121 
150
107
3196.88
0.993723 -0.00121768 0.111863 0.00203738 0.00133608 0.999999 -0.000983475 0.0118128 -0.111862 0.00112676 0.993723 0.242121 
150
106
3335.52
0.993723 -0.00121768 0.111863 0.00203738 0.00133608 0.999999 -0.000983475 0.0118128 -0.111862 0.00112676 0.993723 0.242121 
150
99
3009.6
0.993723 -0.00121768 0.111863 0.00203738 0.00133608 0.999999 -0.000983475 0.0118128 -0.111862 0.00112676 0.993723 0.242121 
150
104
2628.66
0.993723 -0.00121768 0.111863 0.00203738 0.00133608 0.999999 -0.000983475 0.0118128 -0.111862 0.00112676 0.993723 0.242121 
147
104
2405.41
0.981849 0.000800402 0.189664 0.00412346 -0.000537571 0.999999 -0.00143722 0.0111415 -0.189665 0.00130917 0.981848 0.0715397 
149
103
2935.06
0.999982 -0.00283876 -0.00530048 0.0232453 0.00279879 0.999968 -0.00753358 0.0389765 0.00532169 0.00751861 0.999958 0.486565 
146
81
719.876
0.999969 0.00434895 0.00660531 -0.0236103 -0.00429929 0.999963 -0.00751425 0.034267 -0.00663774 0.00748561 0.99995 0.492216 
147
101
758.581
0.99998 0.00354138 0.00519727 -0.0118691 -0.00352404 0.999988 -0.00334167 0.00526406 -0.00520904 0.00332328 0.999981 0.447948 
145
87
624.55
0.996467 -0.00482438 0.0838447 0.0148563 0.00525926 0.999974 -0.00496667 0.020197 -0.0838186 0.00539008 0.996466 0.290326 
145
78
1349.63
0.998907 0.00385681 0.046572 0.0239993 -0.00356361 0.999973 -0.00637699 0.0274162 -0.0465953 0.00620406 0.998895 0.346429 
146
79
1007.72
0.999995 0.000621733 0.00304329 -0.0155585 -0.000622195 1 0.000151069 -3.83494e-05 -0.00304319 -0.000152961 0.999995 0.463083 
142
85
907.487
0.999998 0.000599427 0.00174542 -0.0113424 -0.000596419 0.999998 -0.00172334 -0.00322463 -0.00174645 0.00172229 0.999997 0.448468 
135
78
720.972
0.999996 -0.000584263 -0.00282695 -0.0040944 0.00058936 0.999998 0.00180255 -0.0126381 0.00282589 -0.00180421 0.999994 0.445057 
140
88
879.529
0.999999 0.000794119 0.00147052 -0.000379758 -0.000792634 0.999999 -0.00100993 -0.00777043 -0.00147132 0.00100877 0.999998 0.474958 
133
80
811.883
0.999996 0.00121589 0.00237984 -0.00622141 -0.0012295 0.999983 0.00572644 -0.0184529 -0.00237284 -0.00572935 0.999981 0.471025 
133
78
782.293
0.999999 0.00160821 0.000315658 -0.00735098 -0.00161009 0.99998 0.00604564 -0.0151978 -0.00030593 -0.00604614 0.999982 0.47122 
137
73
839.328
0.999998 -0.000720385 -0.00179312 0.0158429 0.000718423 0.999999 -0.00109419 0.011003 0.00179391 0.0010929 0.999998 0.484957 
134
71
1093.44
0.999591 -0.012217 -0.0258491 0.0516427 0.0116333 0.999677 -0.022613 0.0450065 0.026117 0.022303 0.99941 0.436227 
140
63
1003.77
0.999999 -0.000181758 0.00108608 0.0124053 0.000171207 0.999953 0.0097071 -0.0236402 -0.00108779 -0.00970691 0.999952 0.464691 
135
71
1156.39
0.999944 -0.00491756 -0.00933829 0.0261285 0.00482589 0.99994 -0.00981374 0.0270319 0.00938599 0.00976812 0.999908 0.410569 
103
44
1073.3
0.99819 0.0130444 0.0587115 -0.100063 -0.0142471 0.999696 0.0201128 -0.043861 -0.0584313 -0.0209129 0.998072 0.415742 
81
38
813.118
0.995303 -0.0728653 -0.0637348 0.209428 0.0750707 0.996635 0.032918 -0.197779 0.0611217 -0.037548 0.997424 0.109515 
68
26
677.707
0.999205 -0.0058541 -0.0394269 -0.0567648 0.00838145 0.997899 0.0642453 -0.111407 0.038968 -0.0645247 0.997155 0.337389 
93
45
855.697
0.999205 -0.0058541 -0.0394269 -0.0567648 0.00838145 0.997899 0.0642453 -0.111407 0.038968 -0.0645247 0.997155 0.337389 
122
84
1840.54
0.999205 -0.0058541 -0.0394269 -0.0567648 0.00838145 0.997899 0.0642453 -0.111407 0.038968 -0.0645247 0.997155 0.337389 
129
89
2301.31
0.999205 -0.0058541 -0.0394269 -0.0567648 0.00838145 0.997899 0.0642453 -0.111407 0.038968 -0.0645247 0.997155 0.337389 
134
91
2257.48
0.999205 -0.0058541 -0.0394269 -0.0567648 0.00838145 0.997899 0.0642453 -0.111407 0.038968 -0.0645247 0.997155 0.337389 
135
95
2905.82
0.999461 0.00231057 -0.0327564 -0.0461845 -0.00229441 0.999997 0.000531027 -0.0134318 0.0327575 -0.000455584 0.999463 0.341504 
141
61
1082.83
0.999913 0.0018873 0.0130689 -0.0270415 -0.00178153 0.999966 -0.00810028 0.0253863 -0.0130838 0.00807629 0.999882 0.45092 
129
68
1074.63
0.99986 0.00363715 0.0163435 -0.040232 -0.00344746 0.999927 -0.0116196 0.0219157 -0.0163845 0.0115616 0.999799 0.430289 
116
55
955.019
0.9974 0.0122993 -0.0710037 1.27424 -0.0123432 0.999924 -0.000179605 -0.00230778 0.0709961 0.00105555 0.997476 4.46058 
46
21
361.626
0.996555 -0.0240675 -0.0793699 0.132029 0.0129064 0.990314 -0.138245 0.192818 0.0819284 0.136745 0.987213 0.276289 
51
24
842.918
0.996555 -0.0240675 -0.0793699 0.132029 0.0129064 0.990314 -0.138245 0.192818 0.0819284 0.136745 0.987213 0.276289 
130
100
3129.94
0.996555 -0.0240675 -0.0793699 0.132029 0.0129064 0.990314 -0.138245 0.192818 0.0819284 0.136745 0.987213 0.276289 
122
85
2691.37
0.996555 -0.0240675 -0.0793699 0.132029 0.0129064 0.990314 -0.138245 0.192818 0.0819284 0.136745 0.987213 0.276289 
123
92
2181.34
0.996555 -0.0240675 -0.0793699 0.132029 0.0129064 0.990314 -0.138245 0.192818 0.0819284 0.136745 0.987213 0.276289 
123
82
2232.29
0.996555 -0.0240675 -0.0793699 0.132029 0.0129064 0.990314 -0.138245 0.192818 0.0819284 0.136745 0.987213 0.276289 
137
102
2811.84
0.996555 -0.0240675 -0.0793699 0.132029 0.0129064 0.990314 -0.138245 0.192818 0.0819284 0.136745 0.987213 0.276289 
139
99
2567.31
0.99214 -0.00197584 -0.125115 -0.0196645 0.00265202 0.999983 0.00523819 -0.00348372 0.125102 -0.00552883 0.992128 0.211689 
127
67
1645.04
0.999997 0.00224158 -0.00128645 0.00466149 -0.00224619 0.999991 -0.00358912 0.0205927 0.00127839 0.003592 0.999993 0.42242 
122
61
581.515
0.99989 0.0148152 -0.000345736 0.0580802 -0.0148169 0.999873 -0.00583657 -0.0620583 0.000259223 0.00584106 0.999983 0.201265 
127
53
613.842
0.999863 -0.0124277 0.0109737 0.0343197 0.0123608 0.999905 0.00614056 0.00741619 -0.0110489 -0.00600407 0.999921 0.456814 
114
53
562.367
1 -0.000301917 -0.00016423 0.00817063 0.000301925 1 5.38405e-05 0.00787342 0.000164213 -5.389e-05 1 0.413386 
113
59
439.813
0.999779 -0.00759486 -0.0195857 0.199535 0.00732113 0.999875 -0.0140104 0.0321664 0.0196897 0.0138639 0.99971 0.300457 
120
66
560.104
0.983341 -0.00343036 -0.181739 0.015541 0.00386475 0.99999 0.00203609 -0.0117573 0.181731 -0.00270455 0.983345 0.0901848 
132
80
2505.94
0.986914 0.000944064 -0.161243 -0.00420411 -0.00120863 0.999998 -0.00154274 0.00234012 0.161241 0.00171744 0.986914 0.134924 
139
90
2555.78
0.999961 -0.00556034 -0.00691496 0.0294455 0.00551725 0.999965 -0.00623492 0.0370656 0.00694938 0.00619652 0.999957 0.581823 
121
74
586.673
1 -2.74032e-05 -0.000798301 -0.00814979 2.33758e-05 0.999987 -0.00504452 0.0212874 0.000798429 0.0050445 0.999987 0.43143 
132
83
498.575
1 -2.74032e-05 -0.000798301 -0.00814979 2.33758e-05 0.999987 -0.00504452 0.0212874 0.000798429 0.0050445 0.999987 0.43143 
121
73
505.872
0.999942 -0.00800678 -0.00721677 0.056096 0.00795095 0.999939 -0.00773105 0.0486125 0.00727822 0.00767322 0.999944 0.492615 
128
66
608.487
0.999865 0.00194636 -0.0163308 0.277964 -0.00220355 0.999874 -0.0157457 -0.00291521 0.0162981 0.0157796 0.999743 0.11619 
133
69
533.865
0.999981 -0.00269663 -0.00552781 0.000969739 0.00273701 0.99997 0.00731063 -0.0538693 0.00550793 -0.00732562 0.999958 0.452999 
133
58
734.83
0.999996 -0.000240915 -0.00271155 -0.0184646 0.00020439 0.999909 -0.0134621 0.0696938 0.00271455 0.0134615 0.999906 0.481318 
134
74
670.905
0.998349 0.0147986 -0.055504 -0.0375887 -0.014957 0.999885 -0.0024386 -0.00140984 0.0554615 0.00326474 0.998455 0.316059 
132
64
1188.75
0.998349 0.0147986 -0.055504 -0.0375887 -0.014957 0.999885 -0.0024386 -0.00140984 0.0554615 0.00326474 0.998455 0.316059 
139
95
2662.71
0.998349 0.0147986 -0.055504 -0.0375887 -0.014957 0.999885 -0.0024386 -0.00140984 0.0554615 0.00326474 0.998455 0.316059 
146
94
2432.89
0.998349 0.0147986 -0.055504 -0.0375887 -0.014957 0.999885 -0.0024386 -0.00140984 0.0554615 0.00326474 0.998455 0.316059 
146
103
2453.79
0.998349 0.0147986 -0.055504 -0.0375887 -0.014957 0.999885 -0.0024386 -0.00140984 0.0554615 0.00326474 0.998455 0.316059 
150
104
2766.8
0.998349 0.0147986 -0.055504 -0.0375887 -0.014957 0.999885 -0.0024386 -0.00140984 0.0554615 0.00326474 0.998455 0.316059 
149
100
2429.67
0.990906 0.000191466 -0.134559 -0.017523 0.000273097 0.999994 0.00343402 -0.00105417 0.134559 -0.00343953 0.9909 0.18065 
150
104
2011.95
0.999997 0.00137801 0.00194082 -0.000940309 -0.00137186 0.999994 -0.00316573 0.0106928 -0.00194517 0.00316306 0.999993 0.399782 
150
107
769.469
0.999999 0.000918079 0.000676796 0.0132072 -0.000914693 0.999987 -0.00498672 0.0257651 -0.000681365 0.0049861 0.999987 0.508818 
149
115
648.124
1 -0.000308731 0.000823375 -0.0154287 0.000309718 0.999999 -0.00119929 -0.0148913 -0.000823004 0.00119955 0.999999 0.454611 
150
95
764.873
0.999998 0.000808662 0.00182844 -0.00624499 -0.000809406 1 0.000406495 -0.00548309 -0.00182811 -0.000407974 0.999998 0.439919 
148
119
767.971
1 0.000454215 0.00051446 -0.0140922 -0.000452838 0.999996 -0.00267464 0.0264491 -0.000515673 0.0026744 0.999996 0.520021 
143
95
512.225
0.999951 0.00516182 0.00842053 -0.0301289 -0.00519977 0.999976 0.00449191 -0.0268152 -0.00839714 -0.00453547 0.999954 0.505036 
150
104
631.969
1 0.0004557 0.000198236 0.00352149 -0.000455596 1 -0.000526233 0.00148846 -0.000198476 0.000526143 1 0.482953 
150
103
822.742
0.999996 0.00147157 0.0023197 -0.00483277 -0.0014691 0.999998 -0.00106603 -0.00167091 -0.00232126 0.00106261 0.999997 0.429683 
150
106
852.232
0.999999 0.000244779 -0.00115235 0.0129316 -0.00024939 0.999992 -0.00400258 0.0291335 0.00115136 0.00400286 0.999991 0.588511 
148
90
743.365
0.999996 0.00181072 0.00232324 -0.0069426 -0.00180811 0.999998 -0.00112438 -0.00106356 -0.00232527 0.00112018 0.999997 0.457273 
147
88
706.253
1 0.000265775 0.000337441 -0.00349268 -0.000265903 1 0.000380515 -0.0073129 -0.00033734 -0.000380605 1 0.465842 
150
106
904.897
0.999909 0.0058646 0.0121739 -0.0393183 -0.00589082 0.99998 0.00211846 -0.0088876 -0.0121612 -0.00218998 0.999924 0.491923 
143
88
576.983
1 0.000486522 0.000579257 -0.000372918 -0.000486635 1 0.000194397 0.0015599 -0.000579162 -0.000194679 1 0.455789 
142
100
755.137
0.993342 0.00700878 -0.114986 -0.0222317 -0.00671299 0.999973 0.0029595 -0.00617929 0.115004 -0.0021679 0.993363 0.205662 
147
82
1891.3
0.993342 0.00700878 -0.114986 -0.0222317 -0.00671299 0.999973 0.0029595 -0.00617929 0.115004 -0.0021679 0.993363 0.205662 
144
103
2323.22
