0.999989 0.00390818 -0.00269407 0.00123635 -0.00391123 0.999992 -0.00112677 0.00651359 0.00268964 0.0011373 0.999996 0.374619 
137
90
592.01
0.999998 0.00047989 -0.00180852 0.00347702 -0.000487201 0.999992 -0.00404422 0.0203681 0.00180656 0.00404509 0.99999 0.419429 
145
93
867.078
0.999989 -0.00308556 -0.00344035 0.0116626 0.00309007 0.999994 0.00130452 -0.00106743 0.0034363 -0.00131514 0.999993 0.429667 
148
85
910.77
0.999999 0.000610526 -0.00115776 -0.00276806 -0.000613991 0.999995 -0.00299501 0.0164872 0.00115593 0.00299572 0.999995 0.448196 
148
90
923.72
0.999996 -0.000963176 0.00268316 -0.010002 0.00097626 0.999988 -0.00487929 0.00101276 -0.00267842 0.00488189 0.999984 0.425238 
135
91
716.859
0.999988 -0.00171346 0.00468923 -0.0120243 0.00171569 0.999998 -0.000472002 -0.0112192 -0.00468841 0.000480042 0.999989 0.429115 
132
81
839.841
0.999997 -0.00123202 -0.002223 0.00381934 0.00124158 0.99999 0.0043038 -0.00458436 0.00221767 -0.00430655 0.999988 0.443929 
139
88
888.896
0.999984 0.00304407 0.00475056 -0.0175384 -0.00307044 0.99998 0.00555222 0.00344025 -0.00473356 -0.00556672 0.999973 0.466297 
144
72
892.604
0.999972 -0.000337598 -0.00754025 0.0179596 0.000324907 0.999999 -0.00168436 -0.000329274 0.0075408 0.00168187 0.99997 0.42777 
139
75
914.219
0.987223 0.0149666 -0.158643 -0.136186 -0.0170014 0.99979 -0.0114767 -0.0190897 0.158437 0.0140272 0.987269 0.0640227 
142
87
4122.87
0.977541 0.00245883 -0.21073 -0.369609 -0.00234828 0.999997 0.00077481 -7.85231e-05 0.210732 -0.000262555 0.977544 0.0853591 
132
107
5002.04
0.977182 0.00122621 -0.212402 -0.420716 -0.0016078 0.999997 -0.00162381 0.0129415 0.2124 0.00192826 0.977181 0.17697 
124
107
4626.12
0.985759 -0.00455917 -0.168103 -0.00775033 0.00416789 0.999988 -0.00268035 0.0158085 0.168113 0.00194154 0.985766 0.140083 
145
90
3728.08
0.999901 -0.00949018 -0.0103514 0.0363922 0.00946049 0.999951 -0.00291294 0.00994031 0.0103786 0.00281472 0.999942 0.433103 
140
76
900.134
0.999985 -0.0046566 -0.00290014 -0.00237812 0.00463954 0.999972 -0.00586164 0.0296551 0.00292735 0.0058481 0.999979 0.457891 
146
77
950.633
0.999991 0.00214297 0.00371383 -0.0165195 -0.00216259 0.999984 0.0052892 -0.0406417 -0.00370243 -0.00529718 0.999979 0.421041 
150
75
1059.84
0.999992 -0.00185024 -0.00340299 0.00674459 0.00183385 0.999987 -0.00481422 0.01049 0.00341186 0.00480794 0.999983 0.432039 
150
79
1046.72
0.99991 -0.00443676 -0.0126815 0.0365611 0.00437479 0.999978 -0.00491077 0.0449437 0.0127031 0.00485485 0.999908 0.482985 
144
71
802.03
0.99998 0.000561801 0.00624701 -0.0490028 -0.00054386 0.999996 -0.00287325 0.0243821 -0.0062486 0.0028698 0.999976 0.438898 
145
72
828.462
0.998755 0.0498714 -0.000678264 0.292007 -0.0498589 0.997964 -0.0397732 0.0355623 -0.00130666 0.0397576 0.999209 -0.293115 
140
65
263.266
0.999923 0.00407323 0.0117255 -0.0709515 -0.00398567 0.999964 -0.00748146 0.0348273 -0.0117556 0.00743414 0.999903 0.427826 
119
67
541.103
0.994696 -0.0463645 -0.0918203 1.12732 0.0384051 0.9955 -0.0866308 0.248878 0.0954237 0.0826449 0.992 0.761897 
140
67
941.779
0.999985 -0.00550885 -0.000601019 -0.039423 0.00550662 0.999978 -0.00365252 0.0416174 0.000621127 0.00364915 0.999993 0.432987 
139
63
838.104
0.999951 0.000307341 0.00985333 -0.0532241 -0.000194219 0.999934 -0.0114794 0.0640304 -0.00985621 0.0114769 0.999886 0.436741 
132
71
774.983
0.994665 0.018033 -0.101572 0.620062 -0.0165629 0.999746 0.0152984 -0.226808 0.101822 -0.0135344 0.994711 -0.0334991 
134
62
982.529
0.999864 0.00162162 0.0164219 -0.0752927 -0.00137923 0.99989 -0.0147603 0.0836823 -0.016444 0.0147357 0.999756 0.434726 
130
60
909.072
0.999957 0.00114371 0.00920688 -0.0479286 -0.00112203 0.999997 -0.00235874 0.0449637 -0.00920955 0.00234831 0.999955 0.414976 
126
60
923.018
0.985603 0.0080738 -0.168881 -1.00966 -0.0093362 0.999934 -0.00668233 0.0342739 0.168816 0.00816283 0.985614 0.992992 
132
81
3802.63
0.978046 -0.000458173 -0.208387 -0.282756 -5.2259e-05 0.999997 -0.00244393 0.0699035 0.208388 0.00240116 0.978043 0.0302467 
129
95
4698.17
0.978046 -0.000458173 -0.208387 -0.282756 -5.2259e-05 0.999997 -0.00244393 0.0699035 0.208388 0.00240116 0.978043 0.0302467 
140
94
3659.24
0.999991 0.000195374 0.00420792 -0.00694539 -0.000220417 0.999982 0.00595182 0.0102056 -0.00420668 -0.0059527 0.999973 0.421541 
149
85
864.923
0.999898 0.00999995 0.0102316 -0.0652247 -0.00987153 0.999873 -0.0125261 0.0569761 -0.0103556 0.0124238 0.999869 0.474204 
141
75
838.335
0.999837 0.0149739 0.010076 -0.0511332 -0.0149043 0.999865 -0.00694282 0.0264062 -0.0101786 0.00679151 0.999925 0.422473 
142
69
728.532
0.999901 0.0105895 0.00926798 -0.0539001 -0.0105742 0.999943 -0.00169824 0.040542 -0.00928543 0.00160007 0.999956 0.444948 
143
82
763.743
0.999986 0.00163455 0.0049466 -0.0149617 -0.00162828 0.999998 -0.00127078 0.0288782 -0.00494867 0.00126271 0.999987 0.432546 
138
75
826.454
0.999999 -0.00123557 0.000151013 0.00376331 0.00123554 0.999999 0.000197225 -0.0180593 -0.000151256 -0.000197038 1 0.4134 
142
84
885.611
0.999998 0.000935311 -0.00161915 0.00960842 -0.000957244 0.999907 -0.0135982 0.0502611 0.00160628 0.0135998 0.999906 0.452903 
133
75
683.312
0.999981 0.0051615 0.00339945 -0.0167324 -0.00514948 0.99998 -0.0035351 0.0252542 -0.00341763 0.00351752 0.999988 0.422997 
132
82
632.342
0.999994 -0.00204741 -0.00268024 0.00563851 0.00204231 0.999996 -0.00190337 0.0210404 0.00268413 0.00189789 0.999995 0.441696 
135
65
736.958
0.999998 -0.00189288 0.00100786 0.0040284 0.00190412 0.999935 -0.0112652 0.0666312 -0.000986474 0.0112671 0.999936 0.475793 
135
68
626.712
0.99998 -0.0055397 -0.00320123 0.0107492 0.00553527 0.999984 -0.00139113 -0.0149409 0.00320889 0.00137338 0.999994 0.45862 
131
69
628.765
0.999999 6.10095e-05 0.00117887 -0.0059323 -5.96578e-05 0.999999 -0.00114662 0.0108642 -0.00117894 0.00114655 0.999999 0.42835 
134
73
748.996
0.999954 0.00850319 0.00433016 -0.0209844 -0.00845027 0.999891 -0.0120967 0.07184 -0.00443255 0.0120596 0.999917 0.448158 
133
73
703.841
0.999908 0.00254889 -0.013338 0.0982687 -0.00282706 0.999778 -0.0208783 0.120932 0.0132818 0.0209141 0.999693 0.181708 
130
57
475.605
0.999965 0.00273251 0.00788624 -0.0229524 -0.00263592 0.999922 -0.0122332 0.0648468 -0.00791905 0.012212 0.999894 0.441428 
134
71
790.016
1 -0.000515921 0.00060519 0.00876704 0.000518893 0.999988 -0.00492085 0.0183186 -0.000602643 0.00492116 0.999988 0.440111 
134
70
916.427
0.999998 -0.000586391 0.0017223 -0.0062266 0.000581673 0.999996 0.00273861 0.0066553 -0.0017239 -0.0027376 0.999995 0.431454 
143
70
1056.08
1 0.000407786 0.000108949 -0.00561922 -0.00040799 0.999998 0.00188293 0.0251151 -0.000108181 -0.00188297 0.999998 0.446611 
138
88
1061.24
0.999993 0.00373072 -0.000336865 -0.00500198 -0.00373112 0.999992 -0.00118994 -0.00854735 0.000332423 0.00119119 0.999999 0.407175 
148
108
707.37
0.999999 -0.00129823 -0.000615224 0.00511455 0.00129416 0.999978 -0.00657452 0.0155856 0.000623745 0.00657372 0.999978 0.420904 
146
96
722.078
0.999976 0.00674004 -0.00136064 0.00453217 -0.00674215 0.999976 -0.0015495 0.00155441 0.00135017 0.00155864 0.999998 0.420695 
140
78
641.66
0.999997 0.00256862 0.000110428 -0.00514556 -0.00256892 0.999993 0.0027189 0.000129869 -0.000103443 -0.00271918 0.999996 0.417404 
141
79
649.981
1 0.000500938 0.000865346 -0.00270926 -0.000500477 1 -0.000533 0.0137485 -0.000865613 0.000532567 0.999999 0.426342 
137
79
623.213
0.999996 0.00267686 -0.00117379 0.00184727 -0.00268371 0.999979 -0.00587664 0.0131919 0.00115803 0.00587977 0.999982 0.447542 
142
84
769.682
0.999999 0.00148321 0.000746671 -0.00830707 -0.00147995 0.999989 -0.00434186 0.00059493 -0.000753103 0.00434075 0.99999 0.407034 
143
92
811.265
0.99999 0.00246368 0.00373819 -0.020303 -0.00245968 0.999996 -0.00107642 0.016145 -0.00374082 0.00106722 0.999992 0.414065 
140
85
618.166
0.999998 -0.000747529 0.00185394 -0.00843361 0.000743919 0.999998 0.00194696 0.00660953 -0.0018554 -0.00194558 0.999996 0.425462 
138
74
747.285
0.999967 0.00645954 0.00498782 -0.0194112 -0.00644693 0.999976 -0.00253941 0.0207825 -0.0050041 0.00250717 0.999984 0.446789 
137
90
748.472
0.999984 0.00388759 0.00401689 -0.0143175 -0.00386248 0.999973 -0.00624038 0.0132275 -0.00404104 0.00622477 0.999972 0.427739 
130
77
674.484
0.999977 -0.00559129 -0.00374137 0.00876813 0.00558597 0.999983 -0.0014329 -0.00756027 0.00374932 0.00141197 0.999992 0.407179 
137
86
800.915
0.999956 0.00598243 0.00726869 -0.0301939 -0.00593523 0.999961 -0.00649801 0.0431821 -0.00730728 0.00645458 0.999952 0.428371 
135
76
815.092
0.996596 -0.000864523 0.0824414 -0.00324819 0.00122307 0.99999 -0.00429867 0.00873899 -0.0824369 0.00438487 0.996587 0.280614 
139
99
1708.8
0.978636 -0.00343158 0.205572 0.211848 0.00294316 0.999992 0.00268164 -0.0324881 -0.20558 -0.00201932 0.978638 0.0192778 
131
89
4755.43
0.974534 0.00150357 0.224234 0.378471 -0.00198012 0.999996 0.00190036 -0.0468591 -0.22423 -0.00229597 0.974533 -0.542623 
147
110
4905.27
0.974534 0.00150357 0.224234 0.378471 -0.00198012 0.999996 0.00190036 -0.0468591 -0.22423 -0.00229597 0.974533 -0.542623 
138
85
2741.98
0.999824 -0.00159015 0.0186951 0.022601 0.00168901 0.999985 -0.00527381 0.0102197 -0.0186864 0.00530446 0.999811 0.354112 
150
77
996.763
0.999979 0.000941172 -0.00648803 0.0255909 -0.000963564 0.999994 -0.00344908 0.0203639 0.00648474 0.00345526 0.999973 0.44529 
141
67
792.049
0.999999 0.000755495 0.000941369 0.00109147 -0.000755978 1 0.000512731 0.0181124 -0.000940981 -0.000513443 0.999999 0.422504 
147
82
838.725
0.999805 0.0195687 0.00280487 -0.0474676 -0.0195567 0.9998 -0.00422934 0.0425235 -0.00288707 0.00417366 0.999987 0.440595 
150
76
932.517
0.999988 -0.00464372 -0.00174656 0.0107198 0.00463451 0.999976 -0.00524594 0.000718474 0.00177087 0.00523778 0.999985 0.408941 
149
87
983.28
0.999998 0.00022546 -0.00189973 -0.00530868 -0.000235825 0.999985 -0.00545803 0.019904 0.00189847 0.00545847 0.999983 0.420971 
148
92
865.712
0.999999 -0.000195629 -0.00112231 0.00608672 0.000199074 0.999995 0.00307072 -0.0012098 0.0011217 -0.00307094 0.999995 0.430267 
144
80
953.862
0.999943 0.00527318 0.00933482 -0.0341726 -0.00527532 0.999986 0.000204008 0.00461935 -0.00933361 -0.00025324 0.999956 0.412745 
138
85
776.878
0.999999 0.000302025 -0.00123856 -0.00279256 -0.000302696 1 -0.000541851 0.00119765 0.00123839 0.000542226 0.999999 0.432658 
142
88
922.444
1 0.000263674 -0.000746314 0.00378575 -0.000270224 0.999961 -0.00878996 0.0351098 0.000743968 0.00879016 0.999961 0.45677 
141
76
893.765
0.999988 -0.00440952 0.00211039 -0.0117075 0.00442307 0.999969 -0.0064584 0.0118965 -0.00208184 0.00646766 0.999977 0.416683 
140
74
896.975
0.999989 -0.00404507 -0.00253761 0.00424493 0.00404697 0.999992 0.000743317 0.00446847 0.00253458 -0.000753578 0.999997 0.407707 
140
88
887.327
0.999998 -0.000937936 -0.00148253 0.00355056 0.000937176 0.999999 -0.000513316 -0.00796338 0.00148301 0.000511926 0.999999 0.390805 
138
83
880.764
0.999994 -0.00145555 0.00325318 -0.00479 0.0014656 0.999994 -0.00308886 -0.0110105 -0.00324866 0.00309361 0.99999 0.419116 
138
87
961.706
0.999966 -0.000897301 -0.00814013 0.0166997 0.000875742 0.999996 -0.00265172 0.00237349 0.00814248 0.0026445 0.999963 0.419147 
138
72
871.704
0.999992 -0.00133348 -0.00384991 0.0110952 0.00133115 0.999999 -0.000606246 -0.000495364 0.00385071 0.000601116 0.999992 0.405383 
138
84
873.685
0.999997 -0.00228797 -0.00033937 0.00350069 0.00228901 0.999993 0.00309568 -0.00106967 0.000332284 -0.00309645 0.999995 0.396227 
138
88
820.283
0.988114 0.0297054 0.150825 -0.125405 -0.0267887 0.999413 -0.0213342 0.0171589 -0.151371 0.0170402 0.98833 0.173459 
132
82
2585.88
0.999115 0.00563078 0.0416725 0.00325224 -0.0049897 0.999868 -0.0154718 0.0410515 -0.0417541 0.0152502 0.999012 0.319038 
139
78
1246.41
0.999959 0.00150528 0.00892465 -0.0686618 -0.00145559 0.999983 -0.00557134 0.039687 -0.00893289 0.00555812 0.999945 0.409603 
139
69
821.756
0.999457 0.0199975 0.0261896 -0.0961206 -0.0198567 0.999787 -0.00562332 0.035165 -0.0262964 0.00510023 0.999641 0.424827 
139
68
836.946
0.999991 0.00340137 0.00237571 -0.00889134 -0.00340111 0.999994 -0.000111249 0.012802 -0.00237607 0.000103168 0.999997 0.444955 
135
77
924.893
0.999996 0.00171358 0.00233772 -0.01047 -0.00170335 0.999989 -0.00437058 0.0131343 -0.00234518 0.00436658 0.999988 0.441262 
134
67
935.28
0.999875 0.0127941 0.00926069 -0.0562601 -0.0127672 0.999914 -0.00296151 0.000614067 -0.00929779 0.00284291 0.999953 0.398734 
128
69
783.277
0.999692 0.00659624 0.0239419 -0.0695848 -0.0069761 0.999851 0.0158171 -0.136719 -0.023834 -0.0159792 0.999588 0.236159 
132
62
897.921
0.999984 -0.00131733 0.00546429 -0.0137662 0.00130293 0.999996 0.00263842 -0.0146099 -0.00546774 -0.00263126 0.999982 0.403441 
132
70
950.787
0.99999 0.00400588 0.00210063 -0.00402619 -0.00399199 0.99997 -0.00657681 0.0144483 -0.00212692 0.00656835 0.999976 0.411863 
132
65
959.221
0.999991 0.00137561 0.00396333 -0.0129634 -0.00135596 0.999987 -0.0049563 -0.00476479 -0.0039701 0.00495089 0.99998 0.41539 
134
73
991.332
0.999972 0.00617519 0.00414576 -0.0138977 -0.00619508 0.999969 0.00480069 -0.0413251 -0.00411599 -0.00482624 0.99998 0.375711 
139
63
1085.42
0.999915 0.00375149 0.0125134 -0.0172136 -0.00409127 0.999621 0.0272393 -0.00924598 -0.0124065 -0.0272882 0.999551 0.423031 
144
71
1249.68
0.971192 -0.00128066 0.238294 0.42403 0.00753554 0.999651 -0.0253395 -0.0731626 -0.238178 0.0264052 0.970863 0.941414 
147
108
3253.14
0.971234 0.00277309 0.238112 0.0520904 -0.00287746 0.999996 9.07492e-05 0.0544777 -0.238111 -0.000773297 0.971238 0.304981 
139
98
2922.96
0.971234 0.00277309 0.238112 0.0520904 -0.00287746 0.999996 9.07492e-05 0.0544777 -0.238111 -0.000773297 0.971238 0.304981 
139
103
2913.21
0.977191 -0.00018331 0.212362 0.206118 0.000394732 0.999999 -0.000953177 -0.00333017 -0.212362 0.00101526 0.977191 0.084687 
144
104
5368.98
0.977191 -0.00018331 0.212362 0.206118 0.000394732 0.999999 -0.000953177 -0.00333017 -0.212362 0.00101526 0.977191 0.084687 
145
92
2747.87
0.977191 -0.00018331 0.212362 0.206118 0.000394732 0.999999 -0.000953177 -0.00333017 -0.212362 0.00101526 0.977191 0.084687 
142
93
3881.35
0.977191 -0.00018331 0.212362 0.206118 0.000394732 0.999999 -0.000953177 -0.00333017 -0.212362 0.00101526 0.977191 0.084687 
139
100
3540.02
0.971754 -0.000742503 0.235993 0.376502 0.000471781 0.999999 0.00120362 0.117106 -0.235994 -0.00105829 0.971754 0.750118 
143
106
3353.63
0.973067 0.00353775 0.230495 0.0258428 -0.00424625 0.999988 0.00257786 -0.0824669 -0.230483 -0.00348717 0.97307 -0.139263 
149
111
4301.26
0.973067 0.00353775 0.230495 0.0258428 -0.00424625 0.999988 0.00257786 -0.0824669 -0.230483 -0.00348717 0.97307 -0.139263 
144
103
3314.01
0.973067 0.00353775 0.230495 0.0258428 -0.00424625 0.999988 0.00257786 -0.0824669 -0.230483 -0.00348717 0.97307 -0.139263 
150
100
3337.3
0.973091 0.0026589 0.230405 0.506698 -0.00490849 0.999946 0.009191 -0.192279 -0.230368 -0.0100746 0.973051 -0.991864 
144
109
4037.77
0.992262 0.0095615 0.123792 -0.00279927 -0.00858854 0.999928 -0.00839093 0.0191357 -0.123863 0.00726281 0.992273 0.212836 
143
90
2226.31
0.999985 -0.00537624 -0.00107806 0.0135043 0.00537629 0.999986 3.74534e-05 -0.0242553 0.00107785 -4.32488e-05 0.999999 0.376877 
141
88
775.95
0.999981 0.00102256 0.00615554 -0.0378617 -0.00102564 0.999999 0.000495992 0.0209116 -0.00615503 -0.000502295 0.999981 0.422087 
134
72
579.396
0.999899 0.0135841 0.00428359 -0.0193891 -0.0135621 0.999895 -0.00513571 0.0301251 -0.0043529 0.0050771 0.999978 0.433547 
136
74
618.412
0.999997 -0.00179955 0.0016175 -0.0100085 0.00181317 0.999963 -0.00845881 0.0352242 -0.00160222 0.00846172 0.999963 0.440818 
136
81
727.415
0.999921 0.00964262 0.00803842 -0.0338483 -0.00960317 0.999942 -0.00493302 0.0200159 -0.00808552 0.00485543 0.999956 0.419558 
135
83
667.934
0.999998 8.93316e-05 -0.00202934 0.0217186 -7.95896e-05 0.999988 0.00480013 0.00198983 0.00202974 -0.00479996 0.999986 0.420886 
136
70
810.958
0.999996 0.00198269 0.00206429 -0.0176819 -0.00197793 0.999995 -0.00230319 0.0186509 -0.00206885 0.0022991 0.999995 0.446997 
136
79
695.666
0.999993 -0.000911486 -0.00370317 0.013703 0.00090401 0.999998 -0.00202004 -0.00700588 0.003705 0.00201668 0.999991 0.413272 
132
84
644.522
0.999994 0.00158652 0.00303378 -0.00266417 -0.0015685 0.999981 -0.00593569 0.0172115 -0.00304314 0.00593089 0.999978 0.421243 
142
79
775.029
0.999849 0.0118656 0.0126612 -0.0750634 -0.0118199 0.999923 -0.00367381 0.0284439 -0.0127038 0.0035236 0.999913 0.440152 
132
63
610.58
0.999997 -0.00225531 -0.00104117 0.0217667 0.00225822 0.999994 0.00280673 -0.0166977 0.00103483 -0.00280907 0.999996 0.375396 
134
79
683.249
0.998824 -0.00197773 -0.0484483 0.0021305 0.00203058 0.999997 0.00104173 0.00517574 0.0484461 -0.00113889 0.998825 0.346413 
140
82
1183.61
0.970516 -0.00195926 -0.241027 -0.0847249 0.000332474 0.999977 -0.00678985 0.0608517 0.241035 0.00650953 0.970495 0.295682 
136
93
2772.38
0.979203 -0.00189108 -0.202875 -0.305838 0.00215907 0.999997 0.00109965 -0.0314921 0.202873 -0.0015148 0.979204 -0.0388195 
130
94
4907.08
0.971774 -0.000315012 -0.235915 -0.0441216 0.00063811 0.999999 0.0012932 0.027078 0.235915 -0.00140724 0.971773 0.0969192 
132
90
3271.75
0.97703 0.00457172 -0.213051 -0.0046005 -0.00555347 0.999977 -0.00400978 -0.0103108 0.213028 0.00510085 0.977033 0.0699107 
128
90
3129.41
0.999995 0.00240661 0.00215303 -0.0163099 -0.00241242 0.999993 0.00269773 0.0181851 -0.00214653 -0.00270291 0.999994 0.429308 
143
81
882.153
0.999979 -0.00190291 -0.00616939 0.0176281 0.00191141 0.999997 0.00137261 -0.0230143 0.00616676 -0.00138438 0.99998 0.402512 
149
64
972.111
0.999982 -0.00152875 -0.0057909 0.0163463 0.00152796 0.999999 -0.000142356 0.0137259 0.00579111 0.000133505 0.999983 0.422367 
145
78
928.359
0.999824 -0.00106588 0.0187568 -0.13344 0.00131777 0.999909 -0.013422 0.0973539 -0.0187408 0.0134444 0.999734 0.508481 
135
73
718.841
1 0.00046459 -0.000333853 -3.77946e-05 -0.000464942 0.999999 -0.00105572 -0.0151143 0.000333363 0.00105588 0.999999 0.409979 
145
77
1000.22
0.999996 0.00288639 -0.000390437 -0.0022091 -0.00288836 0.999983 -0.00513471 -0.00256095 0.000375609 0.00513581 0.999987 0.404672 
137
80
860.962
0.999607 -0.00926587 -0.0264597 0.01305 0.00929359 0.999956 0.00092507 -0.00253237 0.02645 -0.00117061 0.999649 0.361656 
142
78
1083
0.972292 -0.00530386 -0.233707 -0.087715 0.00406325 0.999975 -0.00578956 0.0895565 0.233732 0.00467953 0.97229 0.248127 
116
84
3092.78
0.972292 -0.00530386 -0.233707 -0.087715 0.00406325 0.999975 -0.00578956 0.0895565 0.233732 0.00467953 0.97229 0.248127 
127
86
3149.42
0.972292 -0.00530386 -0.233707 -0.087715 0.00406325 0.999975 -0.00578956 0.0895565 0.233732 0.00467953 0.97229 0.248127 
137
89
2731.07
0.972766 0.00242045 -0.231776 -0.103413 -0.00175681 0.999994 0.00306963 -0.0696208 0.231782 -0.00257884 0.972764 -0.324877 
134
93
3235.41
0.971257 -0.000141043 -0.238031 -0.0399879 -0.000440307 0.999997 -0.00238916 -0.117747 0.238031 0.00242529 0.971255 -0.492093 
128
86
2579.76
0.971257 -0.000141043 -0.238031 -0.0399879 -0.000440307 0.999997 -0.00238916 -0.117747 0.238031 0.00242529 0.971255 -0.492093 
144
93
2742.48
0.999996 -0.000968144 -0.00246691 0.00345836 0.000972849 0.999998 0.00190691 -0.0128268 0.00246506 -0.0019093 0.999995 0.427429 
150
67
994.272
0.999976 -0.00558599 0.0040225 -0.00404077 0.00563517 0.999908 -0.0123207 0.0303653 -0.0039533 0.012343 0.999916 0.418263 
150
61
1065.9
0.999945 0.00764243 0.00719391 -0.032061 -0.00759476 0.999949 -0.00663002 0.0121526 -0.00724421 0.00657501 0.999952 0.438153 
146
82
976.774
0.999997 -0.000888037 -0.00207309 0.00829531 0.000885702 0.999999 -0.00112695 0.00696701 0.00207409 0.00112511 0.999997 0.426973 
150
80
1134.97
0.999949 0.0098658 -0.00193428 -0.0108499 -0.00985041 0.999921 0.00780617 -0.0297433 0.00201114 -0.00778672 0.999968 0.400209 
147
69
1076.68
0.999987 0.00261559 0.00447287 -0.0277507 -0.00260779 0.999995 -0.00174778 0.00545347 -0.00447742 0.0017361 0.999988 0.418248 
150
69
1024.4
0.999996 -0.00144859 -0.00231982 0.00653634 0.00144143 0.999994 -0.00308526 0.000551443 0.00232428 0.0030819 0.999993 0.423092 
150
95
1162.08
0.999995 -0.00228654 -0.00220936 0.012866 0.00227808 0.99999 -0.00382512 0.00796587 0.00221808 0.00382007 0.99999 0.423228 
150
74
1142.19
0.999941 -0.00955705 -0.00520515 0.0403891 0.00956611 0.999953 0.00171865 0.0037194 0.00518848 -0.00176834 0.999985 0.437937 
143
62
883.227
0.999996 -0.000845273 -0.00257394 0.0102135 0.000851274 0.999997 0.00233093 0.00510634 0.00257196 -0.00233312 0.999994 0.425535 
144
72
962.3
0.999793 0.0185563 0.00832254 -0.0722812 -0.0184387 0.999732 -0.0139815 0.0415706 -0.00857975 0.0138251 0.999868 0.433939 
142
69
953.58
0.999766 0.0172936 0.0129691 -0.0766689 -0.0171246 0.999768 -0.0130363 0.0363987 -0.0131916 0.0128112 0.999831 0.435194 
148
72
925.936
0.999997 -0.000554216 0.0025638 -0.000510686 0.000554038 1 6.98898e-05 5.26154e-05 -0.00256383 -6.84691e-05 0.999997 0.38646 
146
73
996.623
0.999938 0.00974318 0.00533469 -0.0356239 -0.00975316 0.999951 0.0018469 0.012267 -0.00531643 -0.00189882 0.999984 0.435579 
140
69
730.625
0.999979 0.00381283 0.00516397 -0.0181827 -0.00382173 0.999991 0.00171456 -0.00859922 -0.00515739 -0.00173426 0.999985 0.444766 
130
71
719.046
0.999999 -1.11303e-05 -0.001616 -0.00385694 2.92379e-06 0.999987 -0.00507819 0.00057153 0.00161604 0.00507818 0.999986 0.429034 
130
65
778.523
0.999989 -0.00194341 0.00423744 -0.00619706 0.00195188 0.999996 -0.00199684 -0.00440247 -0.00423355 0.00200509 0.999989 0.424653 
121
72
623.939
0.999802 0.018298 0.00780279 -0.0850019 -0.0183021 0.999832 0.000461565 0.00743705 -0.00779304 -0.000604281 0.999969 0.425813 
112
62
548.837
0.999724 0.022855 0.00544821 -0.067123 -0.0228314 0.99973 -0.00435507 0.0256559 -0.00554627 0.00422948 0.999976 0.464733 
116
63
606.244
0.999818 0.0188251 0.00325299 -0.0424544 -0.0188203 0.999822 -0.00151081 0.00885514 -0.00328085 0.00144931 0.999994 0.434079 
109
61
529.119
0.998908 0.0179542 0.0431242 -0.0759984 -0.0175303 0.999794 -0.0101881 0.0171396 -0.0432983 0.00942101 0.999018 0.3906 
103
55
583.282
0.979844 0.0180068 0.198949 -0.0323825 -0.0178076 0.999838 -0.0027905 0.0119528 -0.198967 -0.00080855 0.980006 0.0922533 
127
87
2993.41
0.998421 0.0547511 0.012533 -0.20989 -0.0541458 0.997546 -0.0443952 0.113274 -0.0149329 0.0436465 0.998935 0.58648 
121
60
529.916
0.999985 0.00228457 0.00488218 -0.0251181 -0.00227237 0.999994 -0.00250241 0.00613425 -0.00488787 0.00249128 0.999985 0.461289 
118
69
517.067
0.999975 -0.00443562 -0.00549856 0.0318542 0.004397 0.999966 -0.00701621 0.0115565 0.0055295 0.00699186 0.99996 0.421448 
113
64
507.879
0.99998 0.0057339 0.00252843 -0.0181625 -0.0057386 0.999982 0.00185611 -0.0141369 -0.00251774 -0.00187058 0.999995 0.412851 
121
62
561.208
0.999961 0.00679348 0.00560151 -0.0348513 -0.00680423 0.999975 0.00190294 0.0163854 -0.00558845 -0.00194098 0.999983 0.450341 
138
75
738.939
0.999991 0.00268002 0.00314133 -0.0286077 -0.00267862 0.999996 -0.000448159 0.0153156 -0.00314252 0.00043974 0.999995 0.454472 
133
68
733.393
0.999973 0.0056813 0.00461116 -0.0171762 -0.00565781 0.999971 -0.00509262 -0.00674095 -0.00463996 0.0050664 0.999976 0.389643 
142
76
868.627
0.999994 0.0028172 0.00175298 -0.00626278 -0.00281157 0.999991 -0.00321031 0.00075032 -0.00176201 0.00320536 0.999993 0.413003 
147
76
972.467
0.999995 -0.00298842 -0.000444463 -0.0029892 0.00298858 0.999995 0.000349377 0.0157024 0.000443417 -0.000350703 1 0.441588 
144
81
726.192
0.999992 0.00327046 0.00229423 -0.0148448 -0.00327515 0.999993 0.00204293 0.0091135 -0.00228753 -0.00205043 0.999995 0.43785 
142
79
774.115
0.999998 -0.000974271 -0.00144533 0.00694395 0.000969291 0.999994 -0.00344168 0.00334175 0.00144868 0.00344027 0.999993 0.420246 
132
71
748.724
0.999992 0.00371056 0.0013425 -0.0138455 -0.00370038 0.999965 -0.007508 0.00783918 -0.00137031 0.00750297 0.999971 0.414524 
144
89
869.599
0.984053 -0.00131242 -0.17787 -0.606047 -0.00106018 0.999912 -0.0132433 -0.0138348 0.177871 0.0132207 0.983965 -0.102917 
144
108
4582.54
0.999991 0.00199762 0.00377635 -0.0199115 -0.00197371 0.999978 -0.00632551 0.00985946 -0.00378891 0.006318 0.999973 0.404454 
150
93
971.759
0.999998 -0.00206594 -0.000579646 0.00150699 0.00206499 0.999997 -0.00164191 0.00565406 0.000583036 0.00164071 0.999998 0.415547 
142
90
867.68
0.999925 -0.0090537 -0.00828654 0.0381967 0.00907196 0.999956 0.00216832 -0.00366797 0.00826655 -0.00224333 0.999963 0.408972 
144
82
798.404
0.999969 -0.00715724 -0.0033164 0.00783876 0.00715485 0.999974 -0.000730483 0.0222605 0.00332154 0.000706732 0.999994 0.435469 
150
79
995.614
