1 0 0 0 0 1 0 0 0 0 1 0 
144
138
80.9654
1 0 0 0 0 1 0 0 0 0 1 0 
144
135
116.939
1 0 0 0 0 1 0 0 0 0 1 0 
144
126
134.709
1 0 0 0 0 1 0 0 0 0 1 0 
137
120
127.147
1 0 0 0 0 1 0 0 0 0 1 0 
140
127
184.088
1 0 0 0 0 1 0 0 0 0 1 0 
138
128
86.5414
1 0 0 0 0 1 0 0 0 0 1 0 
144
139
107.278
1 0 0 0 0 1 0 0 0 0 1 0 
144
144
0
0.999999 -6.0756e-05 0.00125135 -0.00973018 6.65124e-05 0.999989 -0.00460063 0.0143774 -0.00125106 0.00460071 0.999989 0.415141 
137
108
615.325
0.999997 -0.00221337 -0.000975235 0.00419495 0.00221552 0.999995 0.00220088 0.00288096 0.000970359 -0.00220303 0.999997 0.424142 
138
114
542.133
0.999999 0.00125902 -0.000114543 -0.00309323 -0.00125903 0.999999 -1.46219e-05 -0.000439172 0.000114524 1.47661e-05 1 0.403106 
144
119
647.131
0.999999 0.00130471 0.000629602 -0.00150886 -0.00130733 0.99999 0.0041708 0.0232839 -0.000624155 -0.00417161 0.999991 0.490707 
120
93
334.748
0.999998 0.00195053 0.000430389 -0.00717939 -0.00195058 0.999998 0.000116019 0.0094577 -0.000430162 -0.000116858 1 0.451853 
129
113
409.307
0.999993 0.00371487 0.00100873 -0.012342 -0.00370856 0.999974 -0.00619133 0.00881215 -0.0010317 0.00618755 0.99998 0.462538 
128
110
519.331
0.999976 0.00588413 0.00364536 -0.0166555 -0.00587089 0.999976 -0.00362996 0.00891893 -0.00366663 0.00360847 0.999987 0.46951 
122
98
381.287
0.999986 0.00494153 0.00206424 -0.0158429 -0.00494926 0.999981 0.00375556 -0.00628083 -0.00204564 -0.00376572 0.999991 0.399405 
137
106
663.825
0.999991 0.0034272 0.00241054 -0.0183465 -0.00343877 0.999982 0.00481581 0.00511025 -0.00239399 -0.00482405 0.999985 0.447028 
132
111
468.77
0.999999 0.0012351 -0.000638379 0.00290429 -0.00123657 0.999997 -0.00230868 0.00622585 0.000635526 0.00230946 0.999997 0.444712 
130
108
458.518
0.999996 0.00247345 0.00163584 -0.0165697 -0.00246234 0.999974 -0.00676205 0.00386334 -0.00165253 0.00675799 0.999976 0.42563 
144
109
769.313
0.999982 -0.00575204 -0.00192111 0.0120926 0.00575154 0.999983 -0.00026245 -0.00367232 0.00192259 0.000251396 0.999998 0.428472 
137
106
613.042
0.999876 0.0140132 0.00713312 -0.0379717 -0.0140571 0.999882 0.00614476 -0.0233177 -0.00704618 -0.00624427 0.999956 0.371656 
133
102
515.125
0.999999 -0.00148761 5.46323e-05 4.32495e-05 0.00148757 0.999999 0.00069718 0.0106024 -5.56694e-05 -0.000697098 1 0.467809 
127
96
538.33
0.999995 0.00236065 0.00191806 -0.0138856 -0.00235023 0.999983 -0.00541759 0.00679204 -0.00193082 0.00541306 0.999983 0.452348 
143
113
490.06
0.999998 0.00167327 0.000945381 -0.00442231 -0.0016695 0.999991 -0.00397916 0.002891 -0.00095203 0.00397758 0.999992 0.421449 
137
117
574.642
1 0.00088077 0.00031576 -0.00345357 -0.000880734 1 -0.000113856 0.029868 -0.00031586 0.000113577 1 0.438038 
139
107
825.57
0.999915 0.0121016 0.00476888 -0.0371252 -0.0121283 0.999911 0.00561235 -0.012168 -0.00470053 -0.00566972 0.999973 0.394966 
131
99
573.502
0.999996 0.00265275 0.000477005 -0.00121523 -0.00265102 0.99999 -0.00358227 0.0195305 -0.000486503 0.003581 0.999993 0.461763 
129
102
572.009
0.999998 0.00216629 0.000267174 -0.00493919 -0.00216423 0.99997 -0.00748794 0.0141312 -0.000283387 0.00748734 0.999972 0.424233 
129
102
614.167
1 0.000336171 0.00062694 -0.00619146 -0.000334861 0.999998 -0.00208868 0.0161877 -0.000627641 0.00208847 0.999998 0.44407 
133
94
771.688
0.999983 -0.00408457 -0.00406743 0.0234032 0.0041013 0.999983 0.00411225 0.0112062 0.00405057 -0.00412886 0.999983 0.421216 
138
100
631.082
0.999929 -0.0112835 -0.00372244 0.034452 0.0112868 0.999936 0.000883035 0.0119373 0.00371223 -0.000924987 0.999993 0.44653 
137
109
703.887
0.999998 -0.000948321 -0.00157018 0.00966468 0.000939224 0.999983 -0.00578442 0.0148917 0.00157563 0.00578293 0.999982 0.472138 
122
104
553.963
1 0.000369906 -0.000387521 0.00111503 -0.000372772 0.999972 -0.00742163 0.0236967 0.000384765 0.00742177 0.999972 0.462835 
119
100
425.923
0.999996 -0.00234892 -0.00156041 0.00892505 0.00235157 0.999996 0.00169253 0.00559097 0.00155643 -0.00169619 0.999997 0.415841 
109
83
417.352
0.999999 0.0013371 0.000755904 -0.00171905 -0.00134116 0.999985 0.00540225 0.00391622 -0.000748669 -0.00540326 0.999985 0.425317 
128
98
509.118
0.999982 0.00564029 0.00210163 -0.0166776 -0.0056398 0.999984 -0.000238544 -0.0109233 -0.00210294 0.000226687 0.999998 0.396791 
124
110
483.106
0.986293 -0.00357892 -0.164967 0.00159388 0.00373747 0.999993 0.000650723 0.0161243 0.164963 -0.00125836 0.986299 0.119918 
107
97
3534.41
0.999515 -0.00142161 0.0311073 -3.03405 0.00127184 0.999988 0.00483397 -0.00401077 -0.0311138 -0.00479206 0.999504 11.2613 
64
29
962.382
0.99386 -0.000513992 -0.110647 -0.0177514 0.000979539 0.999991 0.0041532 -0.00534889 0.110644 -0.00423608 0.993851 0.282218 
119
100
2607.16
0.999855 -0.0164778 -0.00419273 0.037866 0.016426 0.999792 -0.0121039 0.0217137 0.0043913 0.0120332 0.999918 0.412688 
120
94
497.272
0.999966 0.00807684 0.00157641 -0.0264059 -0.00808381 0.999957 0.00446545 -0.0049876 -0.00154028 -0.00447804 0.999989 0.43623 
117
97
433.011
1 7.8474e-06 -0.000670997 0.000192826 -8.66341e-06 0.999999 -0.00121611 -0.0212328 0.000670987 0.00121612 0.999999 0.393317 
126
92
471.323
0.999992 0.00230115 0.00326263 -0.0229859 -0.00228021 0.999977 -0.00640861 0.00396068 -0.0032773 0.00640112 0.999974 0.422873 
127
105
604.583
0.99995 0.0096517 0.00266515 -0.0267243 -0.00964872 0.999953 -0.00113035 -0.00304791 -0.00267594 0.00110457 0.999996 0.391538 
130
107
614.45
0.999791 0.018819 0.0080127 -0.0685246 -0.0188196 0.999823 -7.50887e-07 -0.00653044 -0.00801129 -0.000150045 0.999968 0.370516 
120
91
363.083
0.99999 -0.000640504 -0.00435504 0.0233414 0.000650553 0.999997 0.0023065 -0.00433106 0.00435355 -0.00230931 0.999988 0.41675 
121
99
486.309
0.999983 0.00544043 0.00191332 -0.00917732 -0.00543023 0.999971 -0.00529941 -0.0090659 -0.0019421 0.00528894 0.999984 0.408293 
115
85
526.014
0.999999 -0.00143295 0.000618819 0.00206648 0.0014357 0.999989 -0.00447036 0.00698734 -0.000612406 0.00447125 0.99999 0.407932 
124
97
455.973
0.999987 0.00500522 -0.000542462 -0.00823359 -0.0050033 0.999981 0.00347944 -0.00573777 0.000559867 -0.00347668 0.999994 0.394299 
132
107
623.634
0.999977 0.00674534 -0.000708943 -0.00607394 -0.00674217 0.999968 0.00437377 -0.00315837 0.000738423 -0.00436889 0.99999 0.428144 
121
85
479.327
0.999977 0.00659017 0.00138096 -0.021685 -0.00658892 0.999978 -0.000908618 -0.0142331 -0.00138692 0.000899498 0.999999 0.41968 
109
100
318.841
0.999948 0.0100429 -0.00179186 -0.0178462 -0.010054 0.999929 -0.0063223 -0.0254111 0.00172824 0.00633998 0.999978 0.367461 
132
102
646.121
0.999796 -0.0193631 -0.00579998 0.0479479 0.0193274 0.999794 -0.00614044 0.0343687 0.00591768 0.00602709 0.999964 0.451818 
107
93
342.802
0.99993 0.0117068 0.00174465 -0.0213649 -0.0117158 0.999918 0.00523464 -0.00971319 -0.00168323 -0.00525472 0.999985 0.400683 
132
113
669.961
0.999962 0.00854634 0.00171547 -0.0254958 -0.00855003 0.999961 0.00215603 -0.00326985 -0.00169697 -0.00217062 0.999996 0.401972 
126
96
475.543
0.999998 -0.000306546 -0.0021604 0.00980894 0.0002967 0.99999 -0.00455649 -0.0050492 0.00216178 0.00455584 0.999987 0.41547 
128
102
540.755
0.999998 -0.000306546 -0.0021604 0.00980894 0.0002967 0.99999 -0.00455649 -0.0050492 0.00216178 0.00455584 0.999987 0.41547 
105
86
284.61
0.999997 0.00241008 -0.000665062 -0.00587116 -0.00240788 0.999992 0.00327733 -0.00435548 0.000672955 -0.00327572 0.999994 0.410624 
113
91
350.364
0.999969 0.00768235 0.00187826 -0.0259094 -0.00769231 0.999956 0.00535446 -0.0190925 -0.00183704 -0.00536874 0.999984 0.366412 
100
74
255.382
0.999988 0.00463516 0.00152907 -0.0143654 -0.00463569 0.999989 0.000341073 -0.0196483 -0.00152747 -0.000348157 0.999999 0.468026 
103
88
289.483
0.999988 -0.00469968 -0.00138572 0.0110354 0.0046897 0.999964 -0.00712218 0.00813406 0.00141914 0.00711559 0.999974 0.429219 
121
95
615.438
0.999964 0.00779807 0.00342601 -0.0359696 -0.00779536 0.999969 -0.000803081 -0.0184248 -0.00343216 0.000776345 0.999994 0.405523 
104
91
215.01
0.999964 0.00778577 0.00348866 -0.0296592 -0.0078018 0.999959 0.00460702 -0.00393429 -0.00345264 -0.00463407 0.999983 0.402364 
111
87
298.647
0.999937 0.0106528 0.00357361 -0.0359335 -0.0106641 0.999938 0.00314369 -0.0239861 -0.0035399 -0.0031816 0.999989 0.371604 
118
95
367.359
0.999939 0.00992179 0.00484689 -0.043749 -0.0098954 0.999936 -0.00543802 -0.00535006 -0.00490054 0.00538972 0.999973 0.43496 
122
88
380.726
0.999993 -0.00331522 -0.00182912 0.0104312 0.00330706 0.999985 -0.00444712 -0.00164998 0.00184383 0.00444104 0.999988 0.443839 
113
83
277.584
0.999845 -0.016732 -0.00545647 0.0451668 0.0167147 0.999855 -0.00320377 0.0356025 0.00550928 0.00311207 0.99998 0.459305 
118
94
578.521
0.999998 -0.00164322 0.00150425 4.61659e-05 0.00163278 0.999975 0.00691777 -0.00155896 -0.00151558 -0.0069153 0.999975 0.421329 
124
102
543.924
1 9.77535e-05 0.000683099 -0.00539768 -9.7764e-05 1 1.53232e-05 -0.00259601 -0.000683097 -1.539e-05 1 0.422231 
125
102
512.942
0.999888 -0.0140348 -0.00527275 0.0470439 0.0139918 0.999869 -0.00810269 0.000126064 0.00538578 0.00802801 0.999953 0.400111 
116
88
640.107
0.999984 0.00546753 0.00119531 -0.0132945 -0.00546522 0.999983 -0.00193153 -0.00151543 -0.00120585 0.00192497 0.999997 0.419543 
105
86
350.889
0.999999 0.00121267 0.000525247 -0.00519314 -0.0012153 0.999987 0.00504202 0.00119578 -0.000519125 -0.00504266 0.999987 0.424097 
106
97
393.017
0.999987 -0.00490561 -0.00116949 0.00934204 0.00490925 0.999983 0.00313073 0.00642421 0.00115411 -0.00313643 0.999994 0.45016 
120
97
450.115
0.999985 0.00330083 0.00430978 -0.0215326 -0.00327718 0.99998 -0.00548284 0.0131497 -0.00432779 0.00546864 0.999976 0.439536 
104
89
454.135
1 -0.000485868 -0.000128895 0.00604562 0.000485231 0.999988 -0.00489557 0.00185446 0.000131272 0.00489551 0.999988 0.424008 
110
95
521.42
0.999996 -0.00196213 0.00185339 -0.00475208 0.00196381 0.999998 -0.000905013 0.0187295 -0.00185161 0.000908649 0.999998 0.438705 
96
78
216.604
0.999928 0.0111758 0.00427176 -0.0433947 -0.0111978 0.999924 0.00516633 -0.00999937 -0.0042137 -0.00521379 0.999978 0.398579 
123
98
479.439
0.999995 0.00177766 0.00242226 -0.0344913 -0.00177004 0.999993 -0.00314541 0.0318612 -0.00242783 0.00314111 0.999992 0.493724 
111
90
289.833
0.999999 -0.00136768 -0.000822976 0.00656459 0.00136341 0.999986 -0.00516086 -0.00438311 0.000830023 0.00515973 0.999986 0.428611 
117
83
471.856
0.999999 0.000687319 -0.0012045 0.00523072 -0.000691522 0.999994 -0.0034922 0.0189067 0.0012021 0.00349303 0.999993 0.447368 
116
89
462.899
0.999932 -0.0103215 -0.0053726 0.04107 0.010341 0.99994 0.00361888 -0.0142755 0.00533493 -0.0036742 0.999979 0.401505 
95
75
253.12
0.999999 2.72301e-05 0.00118309 -0.00275146 -3.0281e-05 0.999997 0.00257884 0.0129468 -0.00118302 -0.00257888 0.999996 0.416401 
122
98
539.616
0.99972 -0.0228804 -0.00601871 0.0603745 0.0228413 0.999718 -0.00648311 -0.00834252 0.00616535 0.00634382 0.999961 0.421571 
103
79
254.686
0.99955 0.029745 0.00394055 -0.064148 -0.0297047 0.99951 -0.00991281 -0.0163333 -0.00423348 0.0097913 0.999943 0.339813 
109
90
523.569
0.999964 0.00697694 0.0047948 -0.0282507 -0.00697551 0.999976 -0.000315724 -0.0103243 -0.00479688 0.000282267 0.999988 0.381459 
97
79
273.312
0.999982 0.00555626 0.00237224 -0.021395 -0.00556855 0.999971 0.00520911 0.00538947 -0.00234322 -0.00522222 0.999984 0.417656 
109
88
363.26
1 -0.000299412 -0.000570439 0.00916252 0.000298944 1 -0.00082095 0.0173968 0.000570684 0.000820779 1 0.401233 
111
86
337.131
0.999907 -0.0132714 -0.00323632 0.028781 0.0132504 0.999892 -0.00641974 0.00461836 0.00332117 0.00637626 0.999974 0.415387 
112
84
429.028
1 0.000343918 -5.4675e-06 -0.00690283 -0.000343941 0.999988 -0.00496053 0.0147472 3.76142e-06 0.00496053 0.999988 0.436799 
102
82
401.152
0.999921 0.0118514 0.00418391 -0.0376879 -0.011855 0.999929 0.000836383 0.0151986 -0.0041737 -0.000885918 0.999991 0.419018 
117
93
603.207
0.999883 0.0152222 0.00147297 -0.0297433 -0.0152268 0.999879 0.00318752 -0.000581814 -0.00142427 -0.00320957 0.999994 0.427471 
94
80
308.633
0.999549 -0.0290122 -0.00768696 0.0798016 0.0289403 0.999538 -0.00930398 0.01149 0.00795333 0.00907732 0.999927 0.411997 
116
81
551.776
0.999975 -0.00681976 -0.00170256 0.0132243 0.00680922 0.999958 -0.00612405 0.0118694 0.00174425 0.0061123 0.99998 0.439192 
108
96
551.627
0.999896 0.0139036 0.00389893 -0.038295 -0.0138976 0.999902 -0.00154642 -0.00255646 -0.00392005 0.00149207 0.999991 0.401485 
114
94
421.572
0.999997 -0.00228816 0.000640149 0.00556467 0.00228459 0.999982 0.00552646 0.00600991 -0.000652783 -0.00552498 0.999985 0.432351 
110
89
414.939
0.999952 0.00931351 0.0031142 -0.0286939 -0.00931571 0.999956 0.000693853 -0.00410117 -0.00310761 -0.00072283 0.999995 0.432732 
117
94
545.304
1 -0.000226885 0.000825515 -0.00498871 0.000230099 0.999992 -0.00389632 -0.00877049 -0.000824625 0.00389651 0.999992 0.436216 
98
83
397.994
0.999998 0.00164934 0.000836377 -0.0115788 -0.00164655 0.999993 -0.00332608 -0.00780691 -0.000841857 0.0033247 0.999994 0.400089 
95
82
309.534
0.999988 0.00453094 0.0017896 -0.0207152 -0.00453661 0.999985 0.00317708 0.00669623 -0.00177517 -0.00318516 0.999993 0.452969 
120
97
400.929
0.999959 -0.00869533 -0.00237676 0.022895 0.00870811 0.999947 0.00541973 -2.49834e-05 0.0023295 -0.0054402 0.999982 0.425921 
104
87
431.119
0.999996 -0.00261998 -0.00108893 0.00337333 0.00261732 0.999994 -0.00243077 0.00835094 0.00109529 0.00242791 0.999996 0.433849 
118
100
616.625
0.999997 -0.00243763 -0.000987069 0.000198331 0.00243131 0.999977 -0.0063571 -0.00356935 0.00100254 0.00635468 0.999979 0.406991 
95
85
293.495
0.999996 -0.00243769 -0.00108588 0.00756954 0.00243839 0.999997 0.000640638 -0.000539368 0.00108432 -0.000643284 0.999999 0.409765 
93
85
212.763
0.99988 0.0153186 0.00222753 -0.0415793 -0.0153306 0.999867 0.00548297 -0.00680066 -0.00214324 -0.00551646 0.999982 0.397316 
97
83
313.456
0.999841 0.0172051 0.00475951 -0.0474486 -0.0172001 0.999851 -0.00108606 0.00139449 -0.00477748 0.00100403 0.999988 0.395908 
97
79
291.862
0.999996 -0.00287249 6.6059e-06 -0.000723674 0.00287249 0.999986 -0.00451769 -0.00538383 6.37122e-06 0.00451769 0.99999 0.388773 
111
83
361.044
0.999958 0.00812529 0.00415833 -0.0411908 -0.00809878 0.999947 -0.00635282 0.0238617 -0.00420973 0.00631888 0.999971 0.476362 
96
79
295.199
0.999989 0.00358531 0.00287985 -0.0127325 -0.00359574 0.999987 0.00362587 -0.0117678 -0.00286682 -0.00363619 0.999989 0.406829 
112
90
475.459
1 -0.000382144 -0.000577831 -0.00114699 0.000384972 0.999988 0.00490147 0.00267184 0.000575951 -0.00490169 0.999988 0.427125 
99
81
360.437
0.999983 -0.00587245 -0.00012445 0.0112687 0.00587236 0.999983 -0.000684123 -0.00860138 0.000128465 0.00068338 1 0.41318 
110
96
516.035
0.999993 0.0033619 0.00178812 -0.0185686 -0.00334837 0.999966 -0.0075153 0.00747509 -0.00181332 0.00750926 0.99997 0.467747 
97
78
327.466
0.999989 -0.00452002 -0.000806205 0.00608813 0.00451883 0.999989 -0.00146982 0.005148 0.00081284 0.00146616 0.999999 0.419432 
115
96
407.705
0.999614 0.0276179 0.0031181 -0.0670618 -0.0276173 0.999619 -0.000233074 -0.0327358 -0.00312335 0.00014687 0.999995 0.262917 
104
78
395.531
0.999928 0.0118538 0.00175487 -0.033001 -0.011858 0.999927 0.00234882 -0.0057406 -0.0017269 -0.00236946 0.999996 0.426635 
114
93
519.056
0.999992 -0.00392653 0.00038334 0.00599804 0.00392888 0.999972 -0.00633589 0.0169438 -0.000358451 0.00633735 0.99998 0.461629 
109
96
539.793
0.999968 -0.00675477 -0.0042213 0.0283305 0.00673921 0.99997 -0.00369071 -0.0133441 0.00424611 0.00366215 0.999984 0.39405 
114
96
465.343
0.999976 0.0057547 0.00379554 -0.0258269 -0.00575995 0.999982 0.0013758 0.00880935 -0.00378756 -0.00139763 0.999992 0.414169 
95
78
280.278
0.999999 0.000348467 0.00159458 -0.0091729 -0.000357208 0.999985 0.00548501 0.0085554 -0.00159265 -0.00548557 0.999984 0.441588 
106
93
437.912
0.999944 -0.00990669 -0.00369474 0.0328101 0.00990244 0.99995 -0.00116623 -0.00562978 0.00370611 0.00112958 0.999992 0.431519 
96
82
374.003
0.999981 0.00607945 0.000419362 -0.0138788 -0.00607649 0.999959 -0.00671639 -0.000440674 -0.000460177 0.00671372 0.999977 0.410199 
120
83
488.92
1 0.000205155 -0.000908426 0.000338267 -0.000208978 0.999991 -0.00421047 0.0246916 0.000907554 0.00421066 0.999991 0.478694 
114
86
425.766
0.999998 0.000300661 0.00188502 -0.00800894 -0.000308651 0.999991 0.00423992 0.0106481 -0.00188373 -0.0042405 0.999989 0.417827 
98
80
333.257
0.999984 0.00486698 0.00297188 -0.0374813 -0.00487 0.999988 0.00100857 0.00900176 -0.00296693 -0.00102303 0.999995 0.440032 
96
80
302.201
0.999869 -0.0155574 -0.00447593 0.0407541 0.0155328 0.999864 -0.00548632 -0.00685977 0.00456068 0.00541608 0.999975 0.407474 
102
89
429.066
0.999869 -0.0155574 -0.00447593 0.0407541 0.0155328 0.999864 -0.00548632 -0.00685977 0.00456068 0.00541608 0.999975 0.407474 
97
86
312.873
1 -7.2149e-06 0.000809489 -0.00237403 5.23836e-06 0.999997 0.00244169 0.00351973 -0.000809505 -0.00244169 0.999997 0.408918 
116
87
446.329
0.999987 0.00503958 0.000361078 -0.00920364 -0.00504188 0.999965 0.00669345 -0.0120979 -0.000327333 -0.00669518 0.999978 0.392248 
101
75
267.437
0.999994 -0.00334219 -0.000651759 0.00411838 0.00334216 0.999994 -3.92461e-05 0.00241291 0.000651887 3.70676e-05 1 0.413981 
119
95
443.31
0.999472 0.0306686 0.0107506 -0.086336 -0.0304878 0.999397 -0.0165967 0.000731598 -0.0112532 0.0162601 0.999804 0.301679 
95
76
286.874
0.99999 0.00298929 0.003373 -0.00865974 -0.00297596 0.999988 -0.0039488 0.00551633 -0.00338476 0.00393873 0.999987 0.390386 
108
83
366.868
0.999984 0.00528558 0.00176181 -0.0149215 -0.00529368 0.999975 0.00462783 -0.00471965 -0.0017373 -0.00463709 0.999988 0.400632 
122
95
605.281
0.999969 0.00748379 0.00243855 -0.0219141 -0.00749113 0.999967 0.00301187 0.004297 -0.00241593 -0.00303005 0.999992 0.413318 
99
81
280.233
0.999996 0.0018476 0.00190812 -0.0154771 -0.00183921 0.999989 -0.00438834 0.0107053 -0.0019162 0.00438481 0.999989 0.448082 
114
80
535.334
0.999982 -0.00590599 -0.00137576 0.015391 0.00589965 0.999972 -0.00456693 -0.00935198 0.00140269 0.00455873 0.999989 0.400975 
119
96
505.021
1 0.00055111 8.9302e-05 -0.000489597 -0.000551139 1 0.000324724 0.023364 -8.91231e-05 -0.000324773 1 0.465061 
95
76
312.108
0.999997 -0.00241719 -0.000926267 0.0088773 0.0024235 0.999973 0.0068729 -0.0156214 0.000909629 -0.00687512 0.999976 0.381665 
108
83
490.563
0.999965 -0.00678527 -0.00483573 0.032485 0.00678707 0.999977 0.000356024 -0.00970905 0.00483321 -0.000388832 0.999988 0.429096 
114
93
366.819
