1 0 0 0 0 1 0 0 0 0 1 0 
126
125
4
1 0 0 0 0 1 0 0 0 0 1 0 
126
118
13.2361
1 0 0 0 0 1 0 0 0 0 1 0 
126
121
9.0645
1 0 0 0 0 1 0 0 0 0 1 0 
126
122
10.1623
1 0 0 0 0 1 0 0 0 0 1 0 
126
122
18.6018
1 0 0 0 0 1 0 0 0 0 1 0 
126
124
5.24264
1 0 0 0 0 1 0 0 0 0 1 0 
126
117
28.4787
1 0 0 0 0 1 0 0 0 0 1 0 
127
127
0
1 0.000279631 -0.000136724 -0.00397866 -0.000279568 1 0.000460722 -0.00220762 0.000136853 -0.000460684 1 0.464598 
122
90
658.859
1 0.000580963 -0.000450967 -0.00571083 -0.000580551 0.999999 0.000914177 -0.00425199 0.000451498 -0.000913915 0.999999 0.486606 
121
85
704.61
0.999989 -0.002055 -0.00424268 -0.000244986 0.00204772 0.999996 -0.00171945 0.0029875 0.0042462 0.00171074 0.99999 0.482255 
122
89
702.684
0.999939 -0.00275108 -0.0106862 0.00515374 0.00273067 0.999994 -0.00192425 -0.000716544 0.0106914 0.00189496 0.999941 0.484745 
108
63
362.824
1 0.000180825 0.000107709 -0.00533938 -0.000180783 1 -0.000391519 0.0051293 -0.000107779 0.0003915 1 0.500701 
121
75
716.733
0.999997 -0.000942394 -0.00246236 0.00350957 0.000940407 0.999999 -0.000807823 -0.00143891 0.00246312 0.000805505 0.999997 0.491921 
120
61
660.6
0.999997 -0.000211117 -0.00223401 -0.00593961 0.000208572 0.999999 -0.00113918 -0.00208077 0.00223425 0.00113872 0.999997 0.478831 
117
77
560.399
0.999995 -0.00183629 0.00275203 0.00248068 0.00184222 0.999996 -0.00215525 0.00614449 -0.00274806 0.00216031 0.999994 0.487956 
120
73
703.859
0.999999 0.000614503 0.00087984 -0.00218631 -0.000615626 0.999999 0.00127671 -0.00674781 -0.000879055 -0.00127725 0.999999 0.491659 
121
74
629.265
0.999999 -0.000546723 -0.00109163 -0.00330591 0.000544775 0.999998 -0.00178384 -0.000503466 0.00109261 0.00178324 0.999998 0.454053 
119
76
522.39
0.999999 0.000203964 0.00148468 -0.00620422 -0.000204967 1 0.0006756 -0.00672347 -0.00148454 -0.000675903 0.999999 0.496895 
115
65
525.077
1 0.000373286 0.000177027 -0.00403504 -0.000373461 0.999999 0.000989126 -0.00384145 -0.000176658 -0.000989192 0.999999 0.491132 
121
80
679.982
0.999999 0.000169991 0.0015174 -0.00131144 -0.00017323 0.999998 0.00213422 0.0048019 -0.00151704 -0.00213448 0.999997 0.489726 
126
76
1035.85
0.999999 0.00103971 6.48638e-05 -0.00611332 -0.00103966 0.999999 -0.000795091 -0.00560198 -6.56904e-05 0.000795023 1 0.492946 
114
74
543.31
0.999999 0.00103971 6.48638e-05 -0.00611332 -0.00103966 0.999999 -0.000795091 -0.00560198 -6.56904e-05 0.000795023 1 0.492946 
117
93
702.548
0.999996 0.0010782 0.00271123 -0.0071288 -0.00107102 0.999996 -0.00264864 -0.000247055 -0.00271408 0.00264572 0.999993 0.485956 
122
81
857.219
0.999991 -0.00248204 -0.00344573 0.0010837 0.00247972 0.999997 -0.000678203 0.00383064 0.0034474 0.000669652 0.999994 0.489321 
118
71
467.688
0.999996 0.00123389 0.00237836 -0.00526524 -0.00123764 0.999998 0.00157515 -0.003042 -0.00237641 -0.00157809 0.999996 0.491057 
119
74
627.911
0.999995 -0.00178567 -0.00271617 0.00552128 0.00178145 0.999997 -0.00155735 0.00423904 0.00271894 0.0015525 0.999995 0.483226 
122
75
689.403
0.999995 -0.00191863 -0.00268691 0.00134966 0.0019126 0.999996 -0.0022474 0.00152158 0.00269121 0.00224225 0.999994 0.487674 
124
80
746.27
0.999997 0.000979714 0.00233661 -0.00229641 -0.000979116 0.999999 -0.000257063 -0.000653999 -0.00233686 0.000254774 0.999997 0.486471 
111
85
468.966
0.999997 0.00217619 -0.00122806 -0.00739708 -0.00217434 0.999996 0.00150872 -0.00428023 0.00123134 -0.00150605 0.999998 0.493787 
114
74
313.419
1 -0.000152279 -0.000452835 -0.00675993 0.000152252 1 -5.96687e-05 0.00468656 0.000452844 5.95997e-05 1 0.489563 
128
70
872.217
1 3.77766e-05 -0.000790878 0.0015744 -3.87803e-05 0.999999 -0.00126908 -0.00131662 0.000790829 0.00126911 0.999999 0.539566 
119
84
580.576
0.999997 0.000594351 0.00253129 -0.00124801 -0.000594484 1 5.19005e-05 0.00176993 -0.00253125 -5.34051e-05 0.999997 0.486676 
119
85
588.205
0.999985 0.00169657 0.00512903 -0.00666244 -0.00169607 0.999999 -0.000102437 -0.00297949 -0.0051292 9.37367e-05 0.999987 0.48784 
131
78
1080.81
0.999998 0.00141726 0.0010243 -0.0059857 -0.00141883 0.999998 0.00153616 -0.00321283 -0.00102212 -0.00153761 0.999998 0.489277 
121
66
614.033
0.999979 -0.00306851 -0.00562025 0.00646036 0.00305109 0.999991 -0.00310564 0.00468598 0.00562972 0.00308843 0.999979 0.484942 
128
94
754.3
0.989744 -0.00188594 -0.142843 0.0077127 0.00198977 0.999998 0.000584074 0.00120138 0.142842 -0.000862309 0.989745 0.0956975 
133
79
836.058
0.989744 -0.00188594 -0.142843 0.0077127 0.00198977 0.999998 0.000584074 0.00120138 0.142842 -0.000862309 0.989745 0.0956975 
130
70
1231.7
0.995967 0.00245271 -0.0896912 -0.0297935 -0.00198516 0.999984 0.0053017 0.000130854 0.0897027 -0.00510227 0.995956 0.322664 
129
87
1020.81
0.999998 -0.000485082 0.00167289 0.00372529 0.000485984 1 -0.000538745 -0.00699632 -0.00167263 0.000539557 0.999998 0.494146 
121
72
422.477
1 1.19917e-05 0.000141037 0.000135304 -1.21474e-05 0.999999 0.00110377 -0.00456454 -0.000141024 -0.00110377 0.999999 0.4937 
126
84
605.546
1 -0.000381324 -0.00055691 -0.000702851 0.000381696 1 0.000667564 -0.00426998 0.000556656 -0.000667776 1 0.489509 
130
97
802.605
1 -0.000288453 -0.000940149 -0.00130989 0.000288133 1 -0.000339717 -0.00420659 0.000940247 0.000339446 1 0.490177 
127
83
802.743
1 0.000463213 0.000595432 -0.00339284 -0.000462784 1 -0.000719996 -0.00181054 -0.000595765 0.000719721 1 0.491077 
128
92
680.64
0.999997 0.00086283 0.00237375 -0.0099078 -0.000861316 0.999999 -0.000639113 0.00828002 -0.0023743 0.000637066 0.999997 0.491926 
130
69
871.629
0.999999 -0.000198017 -0.00103495 -0.000852864 0.000198027 1 9.53002e-06 -0.00206202 0.00103494 -9.73496e-06 0.999999 0.489634 
129
93
833.414
1 -0.000144688 0.000485858 0.00241037 0.000144965 1 -0.000568761 -0.00275212 -0.000485776 0.000568832 1 0.490355 
123
86
683.352
0.999989 0.000810436 0.00452041 -0.00889168 -0.000805087 0.999999 -0.00118498 -0.00772661 -0.00452137 0.00118133 0.999989 0.489535 
129
79
844.875
0.999997 -0.000202975 0.00229008 -0.00186684 0.000201363 1 0.000703952 -0.00776628 -0.00229022 -0.000703489 0.999997 0.485807 
129
74
793.809
1 0.000331276 0.000778395 0.000648707 -0.000332015 0.999999 0.000949806 -0.00279904 -0.00077808 -0.000950064 0.999999 0.490895 
130
84
890.596
1 7.6895e-05 -0.000148793 -0.0021955 -7.70259e-05 1 -0.000879982 0.0019884 0.000148725 0.000879993 1 0.47708 
126
86
806.525
0.999999 0.000338725 0.00166872 -0.00305748 -0.000336158 0.999999 -0.0015384 -0.00570509 -0.00166924 0.00153784 0.999997 0.489009 
126
82
483.529
0.999999 -0.000166153 -0.00104888 -0.00467473 0.000165996 1 -0.000149732 0.000633735 0.0010489 0.000149557 0.999999 0.446495 
123
83
530.459
1 -0.000149188 -0.000697711 -0.000988352 0.000149742 1 0.000793864 -0.00169474 0.000697593 -0.000793969 0.999999 0.489506 
123
84
709.444
0.999993 -0.00113381 -0.00359679 0.0025547 0.00113387 0.999999 1.67494e-05 -0.00110812 0.00359677 -2.08276e-05 0.999994 0.480844 
123
83
652.855
0.999998 0.000414297 0.00171551 -0.00682258 -0.000411585 0.999999 -0.00158069 -0.00238784 -0.00171616 0.00157998 0.999997 0.494648 
119
88
858.037
0.999999 0.000397215 0.00148282 -0.000733262 -0.000396109 1 -0.000746281 -0.00476524 -0.00148311 0.000745693 0.999999 0.491642 
116
87
506.936
0.999998 -0.000528248 -0.00186105 -0.000981499 0.000530712 0.999999 0.00132376 -0.0011467 0.00186035 -0.00132475 0.999997 0.492015 
124
90
793.772
0.999998 0.000130832 -0.00181979 0.00175237 -0.000129984 1 0.000465805 -0.0014674 0.00181985 -0.000465568 0.999998 0.48902 
128
90
975.153
1 -0.000313697 -0.000672413 0.0018296 0.000313974 1 0.000412474 -0.000198976 0.000672284 -0.000412685 1 0.489312 
127
91
822.701
0.999972 -0.00189871 -0.00717517 -0.000436307 0.00189053 0.999998 -0.00114555 -0.00272552 0.00717732 0.00113195 0.999974 0.49696 
122
75
639.812
1 -0.000194011 -0.000404808 0.00140027 0.000194146 1 0.000333718 -0.000280482 0.000404743 -0.000333797 1 0.485372 
125
88
748.297
0.999996 -0.000286542 -0.00270872 -0.00148448 0.000290711 0.999999 0.00153866 -0.00215389 0.00270827 -0.00153944 0.999995 0.487924 
122
75
807.27
1 0.000645695 0.000460231 0.00389968 -0.000646099 0.999999 0.000878981 -0.00701401 -0.000459663 -0.000879278 1 0.490805 
117
73
604.286
0.999997 0.000630762 0.00247658 -0.00410995 -0.000627894 0.999999 -0.00115884 0.00489557 -0.00247731 0.00115728 0.999996 0.486818 
126
86
1009.02
0.999999 -2.22731e-05 -0.00107476 -0.00315165 2.09216e-05 0.999999 -0.00125745 -0.000189041 0.00107478 0.00125742 0.999999 0.490067 
123
79
774.462
0.999999 0.000209303 0.00136569 0.00161672 -0.000208715 1 -0.000430585 -0.00231623 -0.00136578 0.000430299 0.999999 0.496032 
123
75
515.832
0.999998 0.0014836 0.00113809 -0.00495731 -0.00148541 0.999998 0.00159227 -0.00467026 -0.00113573 -0.00159396 0.999998 0.49304 
121
66
820.738
0.999998 0.000441238 0.00210851 0.000419449 -0.000441214 1 -1.2226e-05 0.00039391 -0.00210852 1.12957e-05 0.999998 0.496941 
124
78
783.53
1 -0.000393245 0.00012689 0.000281833 0.000393387 0.999999 -0.00112276 0.000746086 -0.000126448 0.00112281 0.999999 0.487569 
119
79
662.171
0.999994 0.00118249 0.00317183 -0.0113513 -0.00118139 0.999999 -0.000348029 -0.00494909 -0.00317224 0.000344279 0.999995 0.497404 
124
69
528.753
1 -7.09611e-05 0.000292702 0.00408539 7.06947e-05 1 0.000909946 -0.0016362 -0.000292766 -0.000909925 1 0.482648 
112
73
567.803
1 -0.000162692 -0.000320459 -0.00365908 0.000163072 0.999999 0.00118528 -0.00267127 0.000320266 -0.00118533 0.999999 0.490823 
124
75
996.658
0.999999 0.000568706 0.000843322 -0.0102802 -0.000568115 1 -0.000701077 -0.00864367 -0.00084372 0.000700597 0.999999 0.495733 
122
78
604.27
0.999992 -0.00106219 -0.00387588 0.00588203 0.00106038 0.999999 -0.000469894 -0.0111072 0.00387638 0.00046578 0.999992 0.500422 
110
64
451.994
0.999994 -0.000925024 -0.00345836 -0.00312833 0.000927787 0.999999 0.000797381 -0.0052193 0.00345762 -0.000800585 0.999994 0.492882 
119
83
554.217
0.999999 0.000406946 0.00122985 -0.0016793 -0.000406758 1 -0.000152995 -0.00540783 -0.00122991 0.000152494 0.999999 0.481671 
115
61
271.11
0.999998 -1.66363e-05 0.00193838 -0.000136044 1.78207e-05 1 -0.000611047 0.00277655 -0.00193837 0.00061108 0.999998 0.488167 
127
91
910.89
0.999999 -0.000526881 -0.000850039 -0.000977934 0.00052741 1 0.000622202 -0.00628163 0.000849711 -0.00062265 0.999999 0.487884 
121
82
757.025
1 -0.000379917 -0.000248657 0.000958506 0.00038011 1 0.000775529 -0.00650456 0.000248362 -0.000775623 1 0.487187 
128
86
825.021
0.999997 0.000331602 0.00242671 -0.00114821 -0.000331845 1 9.94103e-05 0.00183413 -0.00242667 -0.000100215 0.999997 0.484721 
128
75
984.483
1 -0.00052534 -0.000513201 0.0023417 0.000526711 0.999996 0.00267541 -0.00214523 0.000511793 -0.00267568 0.999996 0.485822 
118
82
762.604
0.999995 -0.000848831 -0.00309555 0.00616954 0.000849841 1 0.000325075 -0.00446696 0.00309528 -0.000327704 0.999995 0.480592 
123
68
673.726
0.999999 -0.000376474 -0.00168221 -0.003861 0.000375904 1 -0.000338809 -0.00405665 0.00168233 0.000338176 0.999999 0.491366 
125
88
857.252
0.999998 0.000390741 0.00186262 -0.00256564 -0.000390491 1 -0.000134686 0.00626955 -0.00186268 0.000133958 0.999998 0.488184 
126
84
853.031
1 0.000133573 -0.000804696 -0.00275579 -0.000131856 0.999998 0.00213391 -0.00299606 0.000804979 -0.00213381 0.999997 0.48956 
116
66
505.305
0.999995 -0.00104246 -0.00309102 -0.000378844 0.00104275 0.999999 9.30468e-05 -0.00103745 0.00309093 -9.62695e-05 0.999995 0.498014 
126
92
691.958
0.999995 -0.00105319 -0.00305414 0.00363858 0.00105405 0.999999 0.000280344 -0.0086165 0.00305384 -0.000283562 0.999995 0.493314 
120
87
686.761
0.999998 -0.000851956 -0.00166283 -0.0110182 0.000851684 1 -0.000164336 -0.00539202 0.00166297 0.00016292 0.999999 0.484365 
124
73
746.86
1 0.000111186 0.000711449 -0.00613369 -0.000111681 1 0.000695724 0.000835121 -0.000711372 -0.000695804 1 0.486213 
129
70
434.243
0.999999 0.000535188 0.00164522 -0.00446054 -0.000535554 1 0.000222536 -0.000410367 -0.0016451 -0.000223417 0.999999 0.495473 
111
72
646.633
0.999993 0.000879941 0.00372141 -0.00512109 -0.000878518 1 -0.000384008 -0.000946683 -0.00372174 0.000380736 0.999993 0.494849 
124
83
863.283
1 7.23527e-05 0.000749051 -0.00269271 -7.13822e-05 0.999999 -0.00129563 0.000449864 -0.000749144 0.00129558 0.999999 0.487655 
125
90
769.951
1 0.000149447 -0.000719689 -0.0020197 -0.000150166 0.999999 -0.000997731 -0.00549998 0.000719539 0.000997839 0.999999 0.489308 
132
91
826.691
0.999997 0.000752331 0.00211096 0.000549427 -0.000752965 1 0.000299455 0.0010079 -0.00211073 -0.000301044 0.999998 0.485329 
126
74
885.539
0.999998 -0.000669344 -0.0019148 0.00205388 0.000667545 0.999999 -0.000940282 0.00236377 0.00191543 0.000939002 0.999998 0.486602 
121
73
680.099
0.999996 -0.000819026 -0.00275525 0.000775395 0.00081749 1 -0.000558718 -0.00335407 0.0027557 0.000556463 0.999996 0.500973 
116
83
434.242
0.999998 -0.000732376 -0.00191993 -0.000651013 0.00073137 1 -0.000524274 -0.00271108 0.00192032 0.000522869 0.999998 0.486724 
128
85
851.245
1 -0.000467264 -0.000326549 0.00357009 0.000467537 1 0.000837769 0.00136107 0.000326157 -0.000837922 1 0.48892 
124
79
650.382
1 4.83025e-05 0.000332169 -0.00181031 -4.8098e-05 1 -0.000615589 -0.00146875 -0.000332199 0.000615573 1 0.490961 
118
83
962.757
0.999987 -0.00130517 -0.00502055 0.00022409 0.00130343 0.999999 -0.000350668 0.00115521 0.005021 0.000344119 0.999987 0.491816 
125
78
747.071
0.999982 -0.00184865 -0.00578301 -0.00204116 0.00184542 0.999998 -0.000565321 -0.000485255 0.00578405 0.000554638 0.999983 0.483148 
125
79
806.338
1 -8.75862e-05 0.000726437 -0.00241163 8.78853e-05 1 -0.000411676 0.000569272 -0.000726401 0.00041174 1 0.487633 
128
83
852.703
0.999999 -0.000120406 -0.00114964 -0.00331362 0.000121217 1 0.000705924 0.00175153 0.00114955 -0.000706063 0.999999 0.49158 
124
71
793.042
1 1.33185e-05 -0.000128288 -0.00161776 -1.33475e-05 1 -0.000226016 -0.00255129 0.000128285 0.000226017 1 0.490007 
119
80
847.336
0.999995 -0.000707052 -0.00311652 0.00203711 0.000706311 1 -0.000238959 -0.00881793 0.00311669 0.000236757 0.999995 0.505577 
121
63
397.326
0.999999 0.00012121 -0.0013551 -0.000413642 -0.000123368 0.999999 -0.00159195 0.00143043 0.00135491 0.00159211 0.999998 0.481885 
125
77
521.689
0.999999 0.00117263 0.000369202 -0.00972676 -0.00117309 0.999999 0.00126015 9.96003e-05 -0.000367724 -0.00126058 0.999999 0.493837 
128
79
882.021
0.999998 -0.000619031 -0.00175254 -0.00218747 0.000618072 1 -0.000547746 -0.00655885 0.00175288 0.000546662 0.999998 0.494218 
130
77
872.399
0.999997 -0.000564536 -0.00234499 -0.00220412 0.000564566 1 1.2249e-05 -0.00676342 0.00234498 -1.35729e-05 0.999997 0.493588 
129
78
948.149
0.999993 -0.00137104 -0.0033417 0.00492592 0.00137178 0.999999 0.000217308 -0.0102021 0.0033414 -0.000221891 0.999994 0.486185 
136
73
776.131
1 -0.000138113 -0.000318917 -0.00259371 0.00013802 1 -0.000289718 0.0012573 0.000318957 0.000289674 1 0.461657 
128
89
734.919
0.999978 -0.00115397 -0.00651 -0.000133534 0.00114863 0.999999 -0.000824227 -0.00547911 0.00651094 0.000816732 0.999978 0.492439 
134
73
730.271
1 -0.000214195 -3.86832e-06 0.000998606 0.000214197 1 0.000532103 -0.00584825 3.75435e-06 -0.000532103 1 0.492467 
131
72
771.627
1 -0.000120742 -0.000359059 0.00556743 0.000120355 0.999999 -0.0010776 -0.00670514 0.000359189 0.00107756 0.999999 0.480961 
131
74
812.851
0.999999 0.000270612 0.00105446 -0.00377056 -0.00027069 1 7.42162e-05 -0.000929886 -0.00105444 -7.45016e-05 0.999999 0.490871 
133
75
818.687
0.999988 0.00197917 0.00444721 -0.00600527 -0.00197562 0.999998 -0.000803812 0.00308932 -0.00444879 0.000795016 0.99999 0.476845 
130
78
565.455
1 -0.000376335 -0.000772521 0.00252659 0.000376091 1 -0.000316202 0.000750271 0.00077264 0.000315911 1 0.477207 
128
79
740.755
0.999998 -0.00025302 -0.00171874 0.00505104 0.000251535 1 -0.000864288 -0.00914815 0.00171895 0.000863855 0.999998 0.504539 
137
83
779.315
1 -9.95578e-05 -0.00020362 -0.000512496 9.90748e-05 0.999997 -0.00237064 -0.00189783 0.000203856 0.00237062 0.999997 0.495365 
131
82
533.26
1 -9.95578e-05 -0.00020362 -0.000512496 9.90748e-05 0.999997 -0.00237064 -0.00189783 0.000203856 0.00237062 0.999997 0.495365 
133
74
575.02
0.999982 -0.00118287 -0.00580933 0.0110771 0.00118176 0.999999 -0.000193591 -0.0193116 0.00580956 0.000186722 0.999983 0.471525 
122
60
467.149
0.999999 0.000230518 0.00117971 -0.00248193 -0.000230142 1 -0.00031886 0.00433577 -0.00117978 0.000318588 0.999999 0.493626 
138
68
993.948
0.99999 -0.000203858 0.00457083 -0.000300802 0.000218438 0.999995 -0.00318948 0.0100615 -0.00457016 0.00319045 0.999984 0.502256 
130
67
779.865
0.999987 -0.000990837 -0.0050221 -0.00304679 0.000987668 0.999999 -0.000633411 -0.0085898 0.00502273 0.000628443 0.999987 0.508512 
135
70
557.055
0.999998 0.000771852 0.00184324 -0.00196992 -0.000772363 1 0.000276415 0.00119477 -0.00184302 -0.000277839 0.999998 0.489874 
138
95
698.52
0.999999 -0.0010356 -0.00112252 -0.00073562 0.00103687 0.999999 0.00113421 -0.00187674 0.00112134 -0.00113537 0.999999 0.485676 
136
71
936.269
0.999996 -0.000445689 -0.00265469 0.00603298 0.000444365 1 -0.000499198 0.000567989 0.00265492 0.000498016 0.999996 0.500031 
134
80
846.496
0.999997 -0.000100526 0.00225722 1.48412e-05 0.000103108 0.999999 -0.00114397 0.000530487 -0.0022571 0.0011442 0.999997 0.490051 
133
77
880.171
0.999988 -0.000233842 -0.00481982 -0.00579844 0.00022757 0.999999 -0.00130186 -0.00715663 0.00482012 0.00130075 0.999988 0.487585 
136
77
563.393
0.999999 -0.000266905 -0.00125665 -0.00408044 0.000270539 0.999996 0.00289269 0.00123396 0.00125587 -0.00289303 0.999995 0.50048 
134
70
662.36
0.999986 0.00148705 0.00504433 -0.00213387 -0.00149837 0.999996 0.00224184 -0.00539747 -0.00504098 -0.00224936 0.999985 0.500182 
133
70
606.288
0.999999 0.000916427 0.000536833 -0.00164566 -0.00091687 0.999999 0.000826713 -0.00475953 -0.000536075 -0.000827205 1 0.492882 
137
79
730.131
0.999988 0.000962264 0.0047979 0.000569913 -0.000952977 0.999998 -0.0019374 0.000412101 -0.00479975 0.00193281 0.999987 0.493632 
135
70
780.821
1 0.000344741 0.000779951 -0.00318832 -0.000344684 1 -7.32459e-05 0.00430687 -0.000779977 7.29771e-05 1 0.488669 
135
85
688.843
0.999985 0.000580002 0.00552375 -0.00695272 -0.000581635 1 0.000294176 0.0109297 -0.00552358 -0.000297384 0.999985 0.476371 
131
66
449.088
0.999999 -0.000806822 -0.00121041 0.000349631 0.000807883 0.999999 0.000876446 0.00111014 0.0012097 -0.000877423 0.999999 0.496735 
130
90
790.589
0.999997 0.00151007 0.00177919 -0.00396085 -0.00150798 0.999998 -0.00117445 -0.00718708 -0.00178096 0.00117177 0.999998 0.502596 
125
67
523.346
1 -0.000247183 -0.00013864 -0.00122072 0.000247349 0.999999 0.00120097 -0.000271538 0.000138343 -0.00120101 0.999999 0.487066 
136
96
724.763
1 -0.000247183 -0.00013864 -0.00122072 0.000247349 0.999999 0.00120097 -0.000271538 0.000138343 -0.00120101 0.999999 0.487066 
120
59
313.152
0.999981 0.00137329 0.00596681 -0.00288685 -0.00136465 0.999998 -0.00145284 -0.00112162 -0.0059688 0.00144467 0.999981 0.477827 
126
64
751.814
1 0.000232271 0.000610975 -0.00172398 -0.000232218 1 -8.64844e-05 1.48066e-05 -0.000610995 8.63426e-05 1 0.495268 
120
75
691.227
0.999978 0.0019663 0.00635896 -0.0104264 -0.00194671 0.999993 -0.00308529 0.00650716 -0.00636498 0.00307285 0.999975 0.482125 
136
65
662.068
1 -9.67271e-05 0.000575057 -0.00219571 9.64055e-05 1 0.000559219 0.00216641 -0.000575111 -0.000559163 1 0.532083 
133
73
386.593
1 0.000178334 0.000326728 0.00107093 -0.000178156 1 -0.000545871 -0.00220084 -0.000326825 0.000545812 1 0.423853 
124
72
348.029
0.999991 -0.00126688 -0.00406817 0.00227744 0.00126397 0.999999 -0.000718839 -0.00994186 0.00406907 0.00071369 0.999991 0.473069 
130
77
706.081
1 0.000342144 -0.000568333 -0.011391 -0.00034281 0.999999 -0.00117168 -0.00304402 0.000567931 0.00117188 0.999999 0.511826 
125
58
340.883
1 8.52719e-05 -0.00075078 -0.00375545 -8.56559e-05 1 -0.000511388 -0.00476106 0.000750737 0.000511452 1 0.487692 
131
71
802.669
0.999979 -0.00178245 -0.00630769 0.00309269 0.00179423 0.999997 0.00186214 -0.00177047 0.00630435 -0.00187342 0.999978 0.488961 
122
75
681.679
0.999986 -0.00180713 -0.00501794 0.00124889 0.00182703 0.99999 0.00396338 -0.0034928 0.00501073 -0.0039725 0.99998 0.491526 
127
69
906.555
0.999995 0.000547085 0.00302239 0.0013824 -0.00054502 1 -0.000684172 -0.0022478 -0.00302276 0.000682521 0.999995 0.488283 
126
77
809.443
0.999992 -0.000908681 -0.00400266 0.00181355 0.000904058 0.999999 -0.00115668 -0.00203643 0.00400371 0.00115306 0.999991 0.495314 
130
83
875.251
0.999992 -0.000908681 -0.00400266 0.00181355 0.000904058 0.999999 -0.00115668 -0.00203643 0.00400371 0.00115306 0.999991 0.495314 
128
84
448.292
1 0.000507026 -0.000311213 -0.00115539 -0.000507065 1 -0.000125121 -0.00159741 0.00031115 0.000125279 1 0.488039 
129
78
799.631
0.999994 7.33998e-05 0.00347262 -0.0028747 -7.64536e-05 1 0.000879263 -0.00425384 -0.00347255 -0.000879523 0.999994 0.491935 
122
84
671.209
0.999998 -0.000768496 -0.00209609 0.00447656 0.000768796 1 0.000142392 -0.00879713 0.00209598 -0.000144003 0.999998 0.494316 
124
71
548.312
1 -0.000401138 0.000189169 -0.00284477 0.000401382 0.999999 -0.00129265 0.00486177 -0.000188651 0.00129273 0.999999 0.476395 
131
83
781.715
0.999992 0.00145876 0.00359741 -0.00469595 -0.00145374 0.999998 -0.00139805 -0.000819524 -0.00359944 0.00139281 0.999993 0.482408 
130
73
617.344
1 0.000172632 0.000732434 0.000132284 -0.000172524 1 -0.000147706 -0.00587988 -0.000732459 0.00014758 1 0.490272 
128
78
1055.22
0.999998 -0.000420815 0.00190319 -0.00164129 0.000422134 1 -0.000692582 -0.00156079 -0.0019029 0.000693384 0.999998 0.469899 
118
77
516.414
0.99999 -0.00053553 -0.00439385 -0.00166441 0.000539822 0.999999 0.000975709 -0.0100307 0.00439332 -0.000978072 0.99999 0.498699 
132
83
793.396
1 -0.0002339 0.000328456 -0.00250361 0.000233567 0.999999 0.00101358 0.00408927 -0.000328693 -0.0010135 0.999999 0.490428 
131
85
785.085
0.999997 -0.00210311 0.00149906 0.00457921 0.00210687 0.999995 -0.002513 0.00940446 -0.00149377 0.00251615 0.999996 0.488803 
122
64
527.636
1 -0.000258201 0.000873533 -0.00188973 0.00025872 1 -0.000593817 -0.00336079 -0.00087338 0.000594043 0.999999 0.485869 
132
86
804.506
0.999984 -0.00189774 -0.00535778 0.00304667 0.00189179 0.999998 -0.00111473 -0.0081728 0.00535989 0.00110458 0.999985 0.503183 
128
64
737.228
0.999995 -0.000696861 -0.00303457 -0.00218605 0.000694523 0.999999 -0.000771258 -0.00328102 0.00303511 0.000769147 0.999995 0.488803 
135
85
826.84
0.999999 -0.000585846 -0.00150899 -0.00276222 0.000586221 1 0.000248428 -0.00114124 0.00150884 -0.000249312 0.999999 0.493622 
128
81
738.007
0.999988 0.00387607 0.00290083 -0.0228365 -0.00388487 0.999988 0.0030353 -0.0249082 -0.00288903 -0.00304654 0.999991 0.482958 
122
65
557.495
0.999998 -0.000761114 -0.00196983 0.000651931 0.000760494 1 -0.000315028 -0.000406509 0.00197006 0.000313529 0.999998 0.485546 
124
84
839.331
0.999999 -0.00164335 0.000499143 -0.00175602 0.00164436 0.999997 -0.00202573 -0.00324746 -0.000495813 0.00202655 0.999998 0.484246 
130
77
715.107
0.99999 -0.00164307 -0.00427132 0.00369575 0.00164658 0.999998 0.000819744 -0.00099561 0.00426996 -0.000826769 0.999991 0.4503 
129
85
715.151
0.999994 0.000822796 -0.00331883 0.000756544 -0.000814683 0.999997 0.00244499 -0.0144353 0.00332083 -0.00244227 0.999992 0.492949 
135
79
979.351
0.999997 0.00242484 0.000791802 -0.0095401 -0.00242637 0.999995 0.00193602 -0.0151608 -0.000787103 -0.00193794 0.999998 0.490878 
126
75
552.589
0.999999 -0.000560212 -0.00114187 0.00593263 0.000559728 1 -0.000423513 -0.00545152 0.00114211 0.000422873 0.999999 0.503847 
129
75
828.54
0.999998 0.00155355 0.00108167 -0.00658051 -0.00155559 0.999997 0.00188258 -0.0142171 -0.00107874 -0.00188426 0.999998 0.492586 
135
83
997.261
0.999996 -0.00105738 -0.00247329 0.00493233 0.00105546 0.999999 -0.000774224 -0.00580735 0.00247411 0.000771611 0.999997 0.525988 
132
66
455.274
0.999998 0.000793705 0.00199585 0.000287259 -0.000793302 1 -0.000202422 -0.00143071 -0.00199601 0.000200838 0.999998 0.494386 
119
68
885.759
0.999984 -0.00167717 -0.0053235 0.00399354 0.00167456 0.999998 -0.000495304 -0.00451978 0.00532433 0.000486382 0.999986 0.49571 
126
87
807.829
0.99999 0.00192473 0.00397073 -0.0160403 -0.0019176 0.999997 -0.00179938 -0.0116166 -0.00397418 0.00179174 0.99999 0.487827 
117
80
782.83
0.999991 -0.00208795 -0.00372645 0.00526214 0.00208811 0.999998 3.81755e-05 0.00108646 0.00372636 -4.59564e-05 0.999993 0.489552 
128
86
638.882
0.999998 0.000953968 0.00171793 -0.00564069 -0.000950974 0.999998 -0.00174285 -0.00363366 -0.00171959 0.00174121 0.999997 0.491265 
124
69
726.97
0.999997 0.00241737 8.69604e-05 -0.00816777 -0.0024176 0.999993 0.00268733 -0.0165656 -8.04636e-05 -0.00268753 0.999996 0.491278 
112
71
413.797
0.999983 -0.00283169 -0.00516104 0.00446422 0.00282561 0.999995 -0.00118488 -0.00304642 0.00516437 0.00117028 0.999986 0.487553 
123
88
1018.27
0.999975 0.00268723 0.00650925 -0.0112375 -0.00268879 0.999996 0.000230083 -6.91811e-05 -0.00650861 -0.000247579 0.999979 0.493418 
121
68
668.878
0.999986 0.00112537 0.00516291 -0.000551255 -0.00112228 0.999999 -0.00060084 0.000140053 -0.00516358 0.000595037 0.999986 0.48889 
119
77
937.196
0.999994 0.00144279 0.00317156 -0.000685476 -0.00144571 0.999999 0.000920082 0.00993653 -0.00317022 -0.000924662 0.999995 0.491585 
108
62
550.971
0.999999 0.000136313 0.00111055 -0.00179759 -0.000134968 0.999999 -0.00121121 0.00649497 -0.00111072 0.00121106 0.999999 0.492681 
120
77
1054.52
0.999998 -0.00100367 -0.00158429 -0.00250637 0.000999877 0.999997 -0.00239387 0.00219624 0.00158669 0.00239228 0.999996 0.493467 
114
74
719.257
0.999997 -0.00128453 -0.00199631 -0.00102383 0.00128234 0.999999 -0.0010996 0.00250895 0.00199772 0.00109704 0.999997 0.491974 
115
78
622.484
0.999998 0.000111389 0.00198868 -0.00108096 -0.000112171 1 0.000393043 0.000601541 -0.00198864 -0.000393266 0.999998 0.488797 
119
73
866.092
0.999999 -0.000523549 -0.00141609 0.00146023 0.000523273 1 -0.000195481 -0.00321474 0.00141619 0.00019474 0.999999 0.489332 
115
82
670.144
0.999998 -0.000909742 -0.00177376 0.00176096 0.000908949 0.999999 -0.000447854 -0.00349145 0.00177417 0.000446241 0.999998 0.492164 
114
77
804.243
0.999999 -0.000474175 0.00164375 0.001434 0.000480237 0.999993 -0.00368903 -0.000172275 -0.00164199 0.00368982 0.999992 0.49308 
118
74
802.011
0.999988 0.0012848 0.00480911 -0.0110988 -0.00128008 0.999999 -0.000984839 0.0103263 -0.00481037 0.000978671 0.999988 0.493333 
118
76
700.314
0.999992 0.00236336 0.00333745 -0.00668118 -0.00236493 0.999997 0.000466944 -0.011866 -0.00333634 -0.000474833 0.999994 0.489036 
122
65
507.462
1 -0.000358011 0.000390401 0.00418565 0.000358303 1 -0.000747651 -0.00495315 -0.000390134 0.000747791 1 0.487271 
122
84
882.473
0.999996 0.00157634 0.00234758 -0.00654016 -0.00158068 0.999997 0.00184967 -0.00669029 -0.00234466 -0.00185337 0.999996 0.491353 
103
65
329.479
0.999992 -0.00191883 -0.00341581 0.000885873 0.00191145 0.999996 -0.00216092 -0.00187227 0.00341994 0.00215438 0.999992 0.485423 
111
76
768.313
0.999999 0.000261178 0.00129511 -0.0040666 -0.000260419 1 -0.00058593 0.000562321 -0.00129526 0.000585592 0.999999 0.492414 
115
70
903.933
0.999999 -0.000386375 -0.00126619 3.51383e-05 0.000386936 1 0.000442655 0.000521674 0.00126602 -0.000443144 0.999999 0.487302 
118
76
971.737
