0.999882 -0.000112747 -0.0153436 -0.00225328 8.7908e-05 0.999999 -0.00161951 -0.00182572 0.0153438 0.00161797 0.999881 0.161881 
150
73
0.999878 0.000103674 0.0156167 0.00656994 -0.000197084 0.999982 0.00597999 -0.0103785 -0.0156158 -0.00598234 0.99986 0.159527 
150
81
0.999198 -0.000190989 0.0400462 -0.00993989 9.72215e-05 0.999997 0.00234341 -0.00339635 -0.0400466 -0.00233763 0.999195 0.146236 
148
76
0.998831 -0.00138053 0.0483181 0.0117639 0.00122695 0.999994 0.00320802 4.97202e-05 -0.0483223 -0.00314499 0.998827 0.162044 
148
79
0.999067 9.82015e-05 0.0431777 -0.00822374 -0.000147601 0.999999 0.00114091 0.00509717 -0.0431775 -0.00114622 0.999067 0.152123 
150
79
0.998989 -2.16488e-05 0.0449566 -0.00116808 -1.24837e-05 1 0.000758949 0.00120962 -0.0449566 -0.000758743 0.998989 0.149538 
150
81
0.999549 0.000536738 0.0300207 0.00951462 -0.000494774 0.999999 -0.00140524 -0.0089428 -0.0300214 0.00138975 0.999548 0.152773 
150
66
0.999164 0.00130063 0.0408487 -0.00570519 -0.00136464 0.999998 0.00153932 -0.0047773 -0.0408466 -0.00159378 0.999164 0.153719 
150
67
0.998678 -0.000917701 0.0513857 0.00500737 0.00105543 0.999996 -0.00265315 -0.00188547 -0.0513831 0.00270388 0.998675 0.143191 
150
70
0.998971 0.00066935 0.045344 0.00137367 -0.000732105 0.999999 0.00136738 0.00140712 -0.045343 -0.00139917 0.99897 0.144386 
150
79
0.998558 0.000984525 0.053666 -0.0072084 -0.00120808 0.999991 0.00413339 0.00495589 -0.0536614 -0.00419227 0.99855 0.152173 
150
68
0.999153 -0.0084524 0.0402646 0.0145554 0.0081143 0.99993 0.00855319 -0.00548848 -0.0403341 -0.00821923 0.999152 0.153981 
150
62
0.998762 -0.00086683 0.0497434 -0.000868681 0.000728305 0.999996 0.00280285 -0.0127669 -0.0497456 -0.00276315 0.998758 0.147675 
150
66
0.999199 0.00033019 0.0400236 -0.010991 -0.000381582 0.999999 0.0012764 -0.0123754 -0.0400232 -0.00129065 0.999198 0.14683 
150
54
0.999467 0.00468257 0.0323169 -0.0115797 -0.00464782 0.999989 -0.00115021 -0.00306916 -0.0323219 0.000999389 0.999477 0.135862 
150
63
0.998934 -0.00144795 0.0461424 0.00563857 0.00138478 0.999998 0.00140101 -0.00782244 -0.0461443 -0.00133562 0.998934 0.152656 
150
65
0.99894 0.0016986 0.0459898 -0.00158307 -0.00175843 0.999998 0.00126039 0.0106641 -0.0459876 -0.00133992 0.998941 0.153993 
150
74
0.999017 -0.00167538 0.0443014 0.00983379 0.00179307 0.999995 -0.00261709 0.0045023 -0.0442968 0.00269395 0.999015 0.144335 
150
69
0.999075 -0.00236387 0.0429436 0.00326634 0.00182849 0.99992 0.012502 0.00295519 -0.0429698 -0.0124119 0.998999 0.164256 
150
63
0.998332 -0.00295935 0.0576568 0.0014867 0.00313952 0.99999 -0.00303461 0.000630536 -0.0576472 0.00321056 0.998332 0.14944 
150
59
0.999252 0.000357503 0.038667 0.00754898 -0.000343551 1 -0.000367476 -0.00123496 -0.0386671 0.000353917 0.999252 0.145497 
150
63
0.999012 0.000340784 0.0444489 -0.00101316 -9.10866e-05 0.999984 -0.00561954 -0.0023597 -0.0444501 0.00560993 0.998996 0.142122 
150
65
0.998968 -0.000396679 0.0454163 -0.0054299 0.00110257 0.999879 -0.0155188 0.00678333 -0.0454046 0.0155528 0.998848 0.130976 
149
64
0.998873 -0.00299018 0.047375 0.00535405 0.00296948 0.999995 0.000507194 -0.00742968 -0.0473763 -0.000365942 0.998877 0.146521 
148
55
0.998952 -0.00117701 0.0457547 -0.0022873 0.000965991 0.999989 0.0046339 0.00474998 -0.0457596 -0.00458484 0.998942 0.151817 
149
55
0.999142 0.00109416 0.0414068 -0.00193486 -0.00111835 0.999999 0.00056094 -0.00278538 -0.0414061 -0.000606765 0.999142 0.147722 
150
62
0.99865 -0.000937576 0.0519398 -0.00103343 0.000917181 0.999999 0.000416496 0.0113812 -0.0519402 -0.000368295 0.99865 0.157587 
146
58
0.998996 0.000117526 0.0448081 -0.00729991 4.66641e-05 0.999993 -0.00366323 -0.00192416 -0.0448082 0.00366164 0.998989 0.141718 
145
61
0.999259 0.000548358 0.0384822 0.0221961 -0.000972751 0.999939 0.0110104 -0.0200165 -0.0384739 -0.0110397 0.999199 0.146214 
146
61
0.999062 -0.000959972 0.043284 0.0250052 0.000723255 0.999985 0.00548426 -0.00124166 -0.0432886 -0.00544781 0.999048 0.145683 
147
59
0.999 -0.00127256 0.0446897 0.0139929 0.00121785 0.999998 0.00125136 -0.00795192 -0.0446912 -0.00119569 0.999 0.145325 
146
66
0.99951 -0.000669781 0.0312788 0.0105244 0.000483512 0.999982 0.00596231 -0.0034843 -0.0312823 -0.00594426 0.999493 0.160985 
146
63
0.998944 -0.000963563 0.0459246 0.00656417 0.000344078 0.999909 0.0134952 -0.0163636 -0.0459334 -0.0134651 0.998854 0.17125 
144
52
0.999118 0.00142277 0.0419646 0.00317527 -0.0011496 0.999978 -0.00653291 0.0126856 -0.041973 0.0064789 0.999098 0.150973 
145
51
0.999111 -0.00018249 0.0421485 -0.00810109 8.34902e-05 0.999997 0.00235058 -0.00134335 -0.0421488 -0.00234497 0.999109 0.155281 
145
62
0.998734 -0.00106742 0.0502977 0.0063127 0.00134097 0.999984 -0.00540532 -0.00213759 -0.0502912 0.00546592 0.99872 0.130003 
146
60
0.998807 0.000360586 0.0488328 -0.00722464 -0.000203956 0.999995 -0.00321241 -0.00334002 -0.0488337 0.00319861 0.998802 0.141844 
146
70
0.999096 0.000617118 0.0425016 0.00066499 -0.00091008 0.999976 0.00687396 0.00145915 -0.0424964 -0.00690643 0.999073 -0.055996 
148
62
0.998878 0.000629303 0.047356 -0.00142376 -0.000660512 1 0.000643386 -0.0053789 -0.0473556 -0.000673943 0.998878 0.146145 
149
69
0.999046 -0.000712693 0.0436584 0.00256348 0.000974369 0.999982 -0.00597272 0.00353725 -0.0436534 0.00600956 0.999029 0.140067 
149
80
0.999117 0.000449866 0.0420091 0.00141903 -0.000580796 0.999995 0.00310456 -0.00257852 -0.0420075 -0.00312622 0.999112 0.151795 
149
75
0.998792 0.000907656 0.0491358 0.00267001 -0.00105686 0.999995 0.00301065 0.00292358 -0.0491328 -0.00305894 0.998788 0.147765 
145
71
0.999325 -0.00197682 0.0366831 0.00469107 0.00199015 0.999998 -0.000326882 0.00369552 -0.0366823 0.000399667 0.999327 0.151036 
146
66
0.998985 -0.000415548 0.0450468 -0.00447813 0.000208794 0.999989 0.00459436 -0.00284917 -0.0450482 -0.00458029 0.998974 0.153926 
145
63
0.999065 0.0036915 0.0430677 -0.0123238 -0.00368928 0.999993 -0.000130947 0.00182084 -0.0430678 -2.80639e-05 0.999072 0.148299 
144
74
0.999072 0.000476649 0.0430762 -0.00131815 -0.000437133 0.999999 -0.000926766 -0.00156129 -0.0430766 0.000907076 0.999071 0.147634 
144
69
0.999067 0.00370599 0.0430193 -0.00626467 -0.00414697 0.99994 0.0101662 -0.00377658 -0.042979 -0.0103352 0.999023 0.154622 
144
77
0.999223 0.000523554 0.0394155 0.000666633 -0.000384401 0.999994 -0.0035379 0.00112635 -0.0394171 0.00352 0.999217 0.143618 
144
83
0.999227 0.00045647 0.0393005 -0.00159387 -0.000401416 0.999999 -0.00140872 -0.00079447 -0.0393011 0.00139186 0.999226 0.150451 
144
86
0.999038 0.00198536 0.0437984 -0.00398655 -0.00191727 0.999997 -0.00159676 -0.00225575 -0.0438014 0.00151125 0.999039 0.141031 
144
78
0.999053 0.000210659 0.0435109 -1.45655e-05 -0.000191872 1 -0.000435956 -0.00676191 -0.043511 0.000427195 0.999053 0.148363 
145
68
0.999106 -0.00174374 0.0422498 0.00172298 0.00183855 0.999996 -0.00220527 -0.00569372 -0.0422458 0.00228097 0.999105 0.15496 
144
75
0.999421 -0.00172397 0.0339787 -0.00199045 0.00172255 0.999999 7.08767e-05 -0.0186284 -0.0339788 -1.23056e-05 0.999423 0.163852 
145
63
0.999021 -0.00291714 0.0441505 -0.000524689 0.00284217 0.999994 0.00176085 0.00110419 -0.0441554 -0.00163364 0.999023 0.159976 
146
60
0.998956 -0.0018374 0.0456434 -0.00236761 0.00227772 0.999951 -0.00959683 0.00272883 -0.0456235 0.00969078 0.998912 0.142513 
145
56
0.999435 0.00296803 0.033474 -0.00673999 -0.00267854 0.999959 -0.00868994 -0.00248579 -0.0334984 0.00859537 0.999402 0.147854 
148
52
0.998477 -0.00251602 0.055114 -0.0128494 0.0025034 0.999997 0.000297861 -0.0192274 -0.0551145 -0.000159434 0.99848 0.130194 
148
57
0.999256 -0.00430328 0.0383146 0.00961927 0.00423207 0.999989 0.00193945 -0.00570483 -0.0383226 -0.00177586 0.999264 0.148914 
150
61
0.998564 -0.00160773 0.0535567 0.00159087 0.00178322 0.999993 -0.00322906 0.000869849 -0.0535511 0.00331992 0.99856 0.141364 
150
58
0.999425 -0.0102216 0.0323423 0.0357273 0.00930748 0.999556 0.0282879 -0.00874812 -0.0326171 -0.0279706 0.999076 0.181753 
150
52
0.999058 -0.00266569 0.0433181 0.00695044 0.00246533 0.999986 0.00467809 0.00348724 -0.04333 -0.00456689 0.99905 0.147634 
150
65
0.999487 -0.000287786 0.0320319 -0.00175279 0.000321973 0.999999 -0.00106213 -0.0017586 -0.0320316 0.0010719 0.999486 0.136498 
150
58
0.999185 -0.00035627 0.0403651 -0.00229679 0.000412398 0.999999 -0.00138221 0.0105349 -0.0403645 0.00139773 0.999184 0.149885 
150
63
0.99959 -0.00415229 0.0283287 0.0444429 0.00370707 0.999869 0.0157509 -0.010114 -0.0283904 -0.0156395 0.999475 0.164366 
150
56
0.999235 -0.000127664 0.0391136 -0.00160968 -0.000112476 0.999981 0.0061373 -0.000879682 -0.0391136 -0.006137 0.999216 0.156301 
150
64
0.998737 9.86599e-07 0.0502459 0.0166839 0.000142522 0.999996 -0.00285255 0.0119535 -0.0502457 0.00285611 0.998733 0.139658 
150
66
0.999415 -0.00248625 0.0341208 0.0169978 0.00225758 0.999975 0.00673871 -0.00567236 -0.0341366 -0.00665773 0.999395 0.154335 
149
61
0.999381 2.71639e-05 0.035172 -0.00875518 -0.000301067 0.99997 0.00778225 -0.00927171 -0.0351707 -0.00778803 0.999351 0.157038 
150
52
0.998875 0.000631134 0.0474191 0.00925062 -0.000734774 0.999997 0.00216822 0.00590406 -0.0474176 -0.00220062 0.998873 0.143754 
150
61
0.999091 0.00155873 0.0425978 -0.00606948 -0.00146474 0.999996 -0.0022377 0.00150009 -0.0426012 0.00217327 0.99909 0.136927 
149
53
0.998779 0.00139854 0.0493735 -0.00987278 -0.000910626 0.999951 -0.00990321 0.00315019 -0.0493849 0.00984616 0.998731 0.140333 
150
53
0.998885 0.000787501 0.0472056 0.00393522 -0.000785694 1 -5.68271e-05 0.00176904 -0.0472056 1.96746e-05 0.998885 0.152776 
150
64
0.998668 -0.000817745 0.0515834 0.00291212 0.000777732 0.999999 0.000795759 0.00472608 -0.051584 -0.000754581 0.998668 0.142208 
150
62
0.999207 0.00256148 0.0397367 -0.00697639 -0.00291577 0.999956 0.00886049 0.00112614 -0.0397122 -0.00896932 0.999171 0.161211 
148
76
0.999252 0.00329195 0.0385254 -0.00956726 -0.00331972 0.999994 0.000656873 -0.00335174 -0.0385231 -0.000784275 0.999257 0.148041 
145
55
0.99969 0.0073361 0.0237834 -0.0195024 -0.00726893 0.999969 -0.00290964 -0.00763168 -0.023804 0.00273586 0.999713 0.145479 
144
58
0.999717 -0.00195281 0.0236974 0.00306486 0.00170697 0.999945 0.0103896 -0.00903458 -0.0237164 -0.0103462 0.999665 0.1565 
144
61
0.999426 -0.0041427 0.0336243 -0.0106601 0.00411297 0.999991 0.000953147 -0.00297192 -0.0336279 -0.000814304 0.999434 0.145523 
144
57
0.999902 -0.00237402 0.0138162 0.0105355 0.00236089 0.999997 0.000966486 0.000678075 -0.0138185 -0.000933773 0.999904 0.147251 
144
68
0.999955 0.000540305 0.0094576 -0.00739551 -0.000526905 0.999999 -0.00141934 0.00283037 -0.00945835 0.00141429 0.999954 0.142911 
144
57
0.999943 -0.00035729 0.0106321 -0.00190394 0.000458759 0.999954 -0.00954281 0.00187178 -0.0106282 0.00954715 0.999898 0.131926 
144
64
0.999974 -0.00395837 0.00597981 0.00306794 0.00395701 0.999992 0.000239665 0.00141583 -0.00598072 -0.000215996 0.999982 0.144881 
144
56
0.999998 0.000904737 -0.0017434 -0.0230189 -0.000900512 0.999997 0.00242269 -0.0110971 0.00174559 -0.00242111 0.999996 0.151798 
143
55
0.999988 -0.000268856 -0.00482148 0.00146475 0.000268706 1 -3.17338e-05 -0.00491695 0.00482149 3.04379e-05 0.999988 0.141757 
144
56
0.999935 0.00355817 0.0108518 -0.00588412 -0.00348468 0.999971 -0.00678337 0.0119165 -0.0108756 0.00674512 0.999918 0.141461 
142
66
0.999998 -0.000388841 0.00183916 0.00043808 0.000393578 0.999997 -0.00257549 0.000629508 -0.00183815 0.00257621 0.999995 0.145769 
144
65
0.999985 0.000346748 0.00539734 0.00439101 -0.000327109 0.999993 -0.00363917 0.00302738 -0.00539856 0.00363735 0.999979 0.139087 
144
70
0.999993 -0.000284803 0.00383155 -0.000193017 0.00031622 0.999966 -0.00820125 -0.00145823 -0.00382908 0.0082024 0.999959 0.140954 
144
68
0.999998 0.00187048 0.00100559 -0.00361658 -0.00187506 0.999988 0.00457552 0.0123029 -0.000997024 -0.0045774 0.999989 -0.21054 
144
77
0.999848 0.0015079 -0.0173916 0.00370157 -0.00126915 0.999905 0.0137312 -0.00125212 0.0174106 -0.0137071 0.999754 0.154981 
138
63
0.999998 0.000315449 0.00182387 -0.00203783 -0.00031451 1 -0.000514716 0.00030323 -0.00182403 0.000514141 0.999998 0.149134 
140
88
0.999999 0.0014141 -0.000527303 -0.00377786 -0.00141376 0.999999 0.000654205 0.00210527 0.000528228 -0.000653459 1 0.14178 
140
63
0.999991 -0.000928534 -0.0040172 -0.00107164 0.000943724 0.999992 0.00378093 0.000934639 0.00401366 -0.00378469 0.999985 0.14043 
142
88
0.999995 -2.51915e-05 -0.00326554 0.00269023 3.92408e-05 0.999991 0.00430232 -0.00183566 0.0032654 -0.00430243 0.999985 0.14348 
137
68
0.999984 0.000588952 0.00562476 0.00380218 -0.000450327 0.999697 -0.024615 0.004388 -0.00563755 0.0246121 0.999681 0.113692 
139
52
0.999977 -0.00157815 -0.00656573 -0.00119885 0.00150016 0.999928 -0.0118669 0.00149223 0.00658398 0.0118568 0.999908 0.0962049 
137
70
0.999983 0.000952444 -0.0057792 -0.0280325 -0.000876038 0.999912 0.0132089 -0.000331685 0.00579127 -0.0132036 0.999896 0.0529766 
141
63
0.999983 0.000952444 -0.0057792 -0.0280325 -0.000876038 0.999912 0.0132089 -0.000331685 0.00579127 -0.0132036 0.999896 0.0529766 
143
62
0.999983 0.000952444 -0.0057792 -0.0280325 -0.000876038 0.999912 0.0132089 -0.000331685 0.00579127 -0.0132036 0.999896 0.0529766 
138
69
0.999983 0.000952444 -0.0057792 -0.0280325 -0.000876038 0.999912 0.0132089 -0.000331685 0.00579127 -0.0132036 0.999896 0.0529766 
141
99
