1 -0.00035845 -0.000733991 0.0728768 0.000358919 1 0.000639185 -0.00675823 0.000733761 -0.000639448 1 0.408219 
84
57
72.1126
1 -0.000170533 0.000758177 0.0176961 0.000170855 1 -0.000425731 0.00706227 -0.000758105 0.00042586 1 1.38951 
81
58
84.7832
0.999995 0.00092647 0.00311676 -0.0664154 -0.00094172 0.999988 0.00489515 -0.0769245 -0.00311218 -0.00489806 0.999983 0.853181 
83
52
103.698
1 -0.000120064 -0.00015956 -0.820597 0.000120104 1 0.000251829 -0.0294659 0.00015953 -0.000251848 1 0.851746 
84
51
90.1739
1 -0.000142123 0.000105791 0.270692 0.000142061 1 0.000582292 -0.128679 -0.000105874 -0.000582277 1 0.568647 
84
54
86.9662
1 -0.000142123 0.000105791 0.270692 0.000142061 1 0.000582292 -0.128679 -0.000105874 -0.000582277 1 0.568647 
84
59
86.8232
0.999999 -0.000184776 0.00120158 0.00116555 0.000187029 0.999998 -0.00187531 -0.0305901 -0.00120123 0.00187553 0.999998 1.36868 
84
49
96.6514
0.999994 -0.00111693 0.00326697 -0.000949951 0.00114082 0.999973 -0.00731988 0.0156985 -0.0032587 0.00732356 0.999968 0.915496 
85
52
83.6672
1 -0.000592891 -0.000223875 -0.157404 0.000593181 0.999999 0.00129728 -0.0827577 0.000223106 -0.00129741 0.999999 0.938254 
84
52
90.7487
0.999999 -2.9083e-05 0.00153462 0.0175128 2.41089e-05 0.999995 0.00324119 -0.0379556 -0.0015347 -0.00324115 0.999994 0.669149 
84
59
86.8521
0.999999 -2.9083e-05 0.00153462 0.0175128 2.41089e-05 0.999995 0.00324119 -0.0379556 -0.0015347 -0.00324115 0.999994 0.669149 
84
57
82.8307
0.999999 0.000421499 0.00165734 -0.00740392 -0.000425884 0.999996 0.00264634 0.0330416 -0.00165622 -0.00264704 0.999995 0.527962 
84
59
89.1202
0.999999 0.000421499 0.00165734 -0.00740392 -0.000425884 0.999996 0.00264634 0.0330416 -0.00165622 -0.00264704 0.999995 0.527962 
87
58
75.2067
0.999993 -0.000122551 0.00386013 0.0595667 0.000125151 1 -0.000673296 -0.0572417 -0.00386005 0.000673774 0.999992 0.596088 
85
51
77.2472
0.999993 -0.000122551 0.00386013 0.0595667 0.000125151 1 -0.000673296 -0.0572417 -0.00386005 0.000673774 0.999992 0.596088 
88
50
81.1094
0.999999 0.000549066 0.000850516 -0.0127962 -0.000549643 1 0.000677412 0.00978983 -0.000850144 -0.000677879 0.999999 1.07437 
87
50
102.534
0.999999 0.000549066 0.000850516 -0.0127962 -0.000549643 1 0.000677412 0.00978983 -0.000850144 -0.000677879 0.999999 1.07437 
90
62
76.6033
0.999997 0.000451572 -0.00231602 -0.0120836 -0.000451911 1 -0.000146113 0.00371608 0.00231595 0.000147159 0.999997 0.889805 
90
60
92.1996
1 -0.000561498 0.000364738 0.012092 0.000562045 0.999999 -0.00150243 0.017833 -0.000363894 0.00150264 0.999999 0.604928 
90
55
86.5308
0.999997 -0.000523973 -0.00238561 0.0319294 0.000522918 1 -0.000442621 0.0768769 0.00238584 0.000441373 0.999997 1.05444 
90
57
83.0941
0.999999 -0.000529526 0.00140021 0.0492643 0.000528294 0.999999 0.000879598 -0.0823667 -0.00140067 -0.000878858 0.999999 0.982057 
90
56
107.454
0.999998 -0.000746443 -0.00164363 0.0264525 0.000743466 0.999998 -0.00181098 0.0629711 0.00164498 0.00180976 0.999997 0.732636 
90
57
91.701
0.999998 -0.000746443 -0.00164363 0.0264525 0.000743466 0.999998 -0.00181098 0.0629711 0.00164498 0.00180976 0.999997 0.732636 
90
52
91.2615
1 -0.00046199 0.000341431 0.000911101 0.000461911 1 0.000231283 -0.0104986 -0.000341538 -0.000231126 1 0.980226 
90
61
91.545
1 -0.00046199 0.000341431 0.000911101 0.000461911 1 0.000231283 -0.0104986 -0.000341538 -0.000231126 1 0.980226 
86
66
71.1605
1 -0.00040145 -9.54011e-05 -0.0204531 0.000401554 0.999999 0.00109641 0.0357468 9.49609e-05 -0.00109645 0.999999 0.869117 
89
61
88.3658
0.999998 -0.000401032 -0.0021788 -0.0382923 0.000401538 1 0.000231856 0.0457761 0.0021787 -0.00023273 0.999998 1.04194 
86
62
90.0402
1 -0.000147566 0.000645616 -0.0875147 0.00014766 1 -0.000145232 0.0294475 -0.000645594 0.000145328 1 1.05451 
86
62
96.3795
1 -0.000196833 0.000898497 -0.0219085 0.000196958 1 -0.000138212 0.0413435 -0.00089847 0.000138389 1 1.04823 
86
55
115.013
0.999998 -0.000187524 -0.00181846 -0.0238617 0.000188118 1 0.000326034 0.0357439 0.0018184 -0.000326375 0.999998 0.653382 
85
53
137.502
0.999999 -0.000279796 0.00143255 -0.0353684 0.000280055 1 -0.000180378 0.0512658 -0.0014325 0.000180779 0.999999 1.00505 
86
57
106.33
1 9.44847e-05 -0.000435834 0.017465 -9.40131e-05 0.999999 0.00108193 -0.042481 0.000435936 -0.00108189 0.999999 0.942615 
86
56
114.327
0.999999 0.000785679 0.00109229 -0.0422034 -0.000785293 1 -0.000353832 0.00363125 -0.00109257 0.000352974 0.999999 0.598075 
86
58
120.101
0.999999 -0.000140613 -0.00104356 -0.072226 0.000141894 0.999999 0.00122735 0.0330261 0.00104339 -0.00122749 0.999999 0.95579 
87
50
117.983
0.999997 -0.00132276 0.00218285 -0.544331 0.00132705 0.999997 -0.00196827 -0.155586 -0.00218024 0.00197116 0.999996 1.00451 
86
43
127.5
0.999998 0.000652906 -0.00166704 0.0383391 -0.000652298 1 0.000365403 -0.0474036 0.00166728 -0.000364315 0.999999 1.11423 
87
59
119.456
0.999999 -6.27901e-05 0.00171256 0.00124529 6.41967e-05 1 -0.000821284 0.0294075 -0.00171251 0.000821393 0.999998 0.834874 
86
57
115.834
1 -0.000111567 0.000653764 -0.170372 0.000111752 1 -0.000283357 0.0365927 -0.000653732 0.00028343 1 0.733175 
84
55
75.9804
0.999941 -0.000990047 -0.0108181 -0.0569363 0.000963625 0.999997 -0.00244737 0.00502668 0.0108205 0.0024368 0.999938 1.16445 
85
48
92.0527
0.999997 -0.000922989 -0.00216395 -0.0293019 0.000924536 0.999999 0.00071392 0.209501 0.00216329 -0.000715918 0.999997 0.856508 
90
59
84.2166
0.999998 0.00035968 -0.00190807 0.0305731 -0.000359031 1 0.000340458 -0.0451669 0.00190819 -0.000339773 0.999998 1.31888 
89
60
88.7007
0.999999 -0.000541932 -0.00116564 -0.12175 0.000538915 0.999997 -0.00258659 0.0654042 0.00116703 0.00258595 0.999996 1.2409 
88
63
92.2661
1 9.41178e-05 0.000686638 -0.139723 -9.47909e-05 1 0.00098025 0.0616243 -0.000686546 -0.000980315 0.999999 1.27664 
89
62
99.7083
0.999999 0.000228647 0.00143239 0.0746927 -0.000230569 0.999999 0.00134202 -0.0125041 -0.00143208 -0.00134235 0.999998 1.77985 
84
56
85.3321
0.999999 0.000228647 0.00143239 0.0746927 -0.000230569 0.999999 0.00134202 -0.0125041 -0.00143208 -0.00134235 0.999998 1.77985 
83
59
74.5932
0.999998 -2.34864e-05 -0.00217461 0.0246504 2.10096e-05 0.999999 -0.00113897 0.0078188 0.00217464 0.00113892 0.999997 0.39427 
82
54
53.5779
1 5.78454e-05 -0.0003294 -0.0444221 -5.78515e-05 1 -1.86259e-05 0.0369503 0.000329399 1.8645e-05 1 0.655513 
79
51
99.0981
0.999998 -0.000115254 -0.00177859 -0.000660245 0.00011658 1 0.000745651 -4.11647e-05 0.00177851 -0.000745857 0.999998 -0.0476418 
81
59
64.0467
0.999999 0.000853959 0.000826689 0.0215635 -0.000853684 1 -0.000332928 -0.0244839 -0.000826973 0.000332222 1 0.553975 
84
67
71.4345
0.999999 -0.000592423 -0.00126417 -0.0217579 0.000591404 1 -0.000806024 0.0849029 0.00126465 0.000805276 0.999999 1.04496 
83
50
99.2989
1 2.84966e-06 -0.000691045 -0.00107134 -3.16612e-06 1 -0.000457936 0.00999862 0.000691044 0.000457938 1 0.220258 
81
53
88.2724
1 2.84966e-06 -0.000691045 -0.00107134 -3.16612e-06 1 -0.000457936 0.00999862 0.000691044 0.000457938 1 0.220258 
82
60
34.6722
1 7.43969e-05 0.000452635 -0.00960085 -7.44576e-05 1 0.000133997 0.0343669 -0.000452625 -0.00013403 1 0.910582 
82
51
82.1428
1 0.000302036 -1.9606e-05 0.0312558 -0.000302043 1 -0.000345662 -0.00585659 1.95016e-05 0.000345668 1 1.43053 
84
62
99.5209
1 0.000302036 -1.9606e-05 0.0312558 -0.000302043 1 -0.000345662 -0.00585659 1.95016e-05 0.000345668 1 1.43053 
81
56
64.4753
1 0.000302036 -1.9606e-05 0.0312558 -0.000302043 1 -0.000345662 -0.00585659 1.95016e-05 0.000345668 1 1.43053 
84
63
59.0507
0.999999 0.00107452 0.000407029 -0.211858 -0.00107432 0.999999 -0.000495797 -0.00160817 -0.000407562 0.000495359 1 1.09688 
84
55
71.6405
1 0.000575984 -0.000520715 -4.22276e-05 -0.000576091 1 -0.000205967 -7.23893e-05 0.000520597 0.000206266 1 -0.0406326 
84
69
63.359
1 0.000575984 -0.000520715 -4.22276e-05 -0.000576091 1 -0.000205967 -7.23893e-05 0.000520597 0.000206266 1 -0.0406326 
81
58
55.0058
1 0.000575984 -0.000520715 -4.22276e-05 -0.000576091 1 -0.000205967 -7.23893e-05 0.000520597 0.000206266 1 -0.0406326 
84
61
71.3448
1 -0.00010104 -0.000342784 -0.000998471 0.00010116 1 0.00035165 -0.000911813 0.000342748 -0.000351685 1 -0.0413598 
84
62
63.9993
1 -0.00010104 -0.000342784 -0.000998471 0.00010116 1 0.00035165 -0.000911813 0.000342748 -0.000351685 1 -0.0413598 
83
58
48.9161
1 -0.00010104 -0.000342784 -0.000998471 0.00010116 1 0.00035165 -0.000911813 0.000342748 -0.000351685 1 -0.0413598 
80
54
65.2857
0.999998 -0.000789039 0.00161101 -0.00223466 0.000790222 0.999999 -0.00073399 0.0053953 -0.00161043 0.000735262 0.999998 -0.061628 
81
55
73.4765
1 -0.000705923 -0.000283749 -0.0374799 0.000706067 1 0.000510998 -0.023259 0.000283388 -0.000511198 1 1.23463 
80
61
72.9339
1 -0.000705923 -0.000283749 -0.0374799 0.000706067 1 0.000510998 -0.023259 0.000283388 -0.000511198 1 1.23463 
79
60
62.0841
1 -0.000705923 -0.000283749 -0.0374799 0.000706067 1 0.000510998 -0.023259 0.000283388 -0.000511198 1 1.23463 
79
67
38.2001
1 -0.000705923 -0.000283749 -0.0374799 0.000706067 1 0.000510998 -0.023259 0.000283388 -0.000511198 1 1.23463 
78
57
50.4289
1 -0.000705923 -0.000283749 -0.0374799 0.000706067 1 0.000510998 -0.023259 0.000283388 -0.000511198 1 1.23463 
78
59
44.2514
1 -0.000705923 -0.000283749 -0.0374799 0.000706067 1 0.000510998 -0.023259 0.000283388 -0.000511198 1 1.23463 
78
60
43.936
1 -0.000705923 -0.000283749 -0.0374799 0.000706067 1 0.000510998 -0.023259 0.000283388 -0.000511198 1 1.23463 
78
65
58.0429
0.997979 -0.00220805 -0.0635085 -0.0520195 0.00225591 0.999997 0.000681888 -0.00521061 0.0635069 -0.00082378 0.997981 0.703743 
76
43
219.018
0.974658 0.000267543 -0.223698 0.000694224 0.000173873 0.999998 0.00195356 0.017547 0.223699 -0.00194295 0.974656 0.763248 
74
39
503.754
0.979359 0.0174498 -0.201373 -0.0148919 -0.0221145 0.999536 -0.0209379 0.283843 0.200914 0.024959 0.979291 0.657371 
79
38
709.69
0.979359 0.0174498 -0.201373 -0.0148919 -0.0221145 0.999536 -0.0209379 0.283843 0.200914 0.024959 0.979291 0.657371 
83
45
589.598
0.995118 0.00305461 -0.0986476 0.295101 -0.00269509 0.999989 0.00377757 0.0109356 0.0986581 -0.00349327 0.995115 0.304167 
84
45
253.163
0.999928 0.0116467 0.00283179 -0.60896 -0.011661 0.999919 0.00509038 -0.0820431 -0.00277227 -0.00512303 0.999983 -0.680341 
84
44
70.8607
0.999988 0.00494466 0.00060972 0.641419 -0.00494734 0.999978 0.00448465 0.00313452 -0.000587531 -0.00448761 0.99999 0.59765 
84
45
94.0505
0.99998 0.00452792 0.00442539 -0.0334734 -0.00455732 0.999967 0.00665771 -0.00036943 -0.0043951 -0.00667774 0.999968 -0.0349765 
84
55
72.4609
0.999972 0.00743647 0.000649027 0.563802 -0.00743984 0.999958 0.00535411 -0.0457448 -0.000609184 -0.00535879 0.999985 0.560203 
83
45
107.601
0.999937 0.0043563 -0.0103094 -0.0152391 -0.00431741 0.999983 0.00379113 -2.16313e-05 0.0103258 -0.00374638 0.99994 -0.0154094 
84
46
84.3412
0.999937 0.0043563 -0.0103094 -0.0152391 -0.00431741 0.999983 0.00379113 -2.16313e-05 0.0103258 -0.00374638 0.99994 -0.0154094 
80
49
48.3007
0.999937 0.0043563 -0.0103094 -0.0152391 -0.00431741 0.999983 0.00379113 -2.16313e-05 0.0103258 -0.00374638 0.99994 -0.0154094 
79
46
61.5927
0.999982 0.00581341 0.00145886 0.582214 -0.00582121 0.999968 0.00539888 -0.1384 -0.00142742 -0.00540727 0.999984 0.446135 
79
51
81.8019
0.999967 0.00767448 -0.00263487 -0.0110589 -0.00765702 0.999949 0.00657577 0.00418713 0.0026852 -0.00655537 0.999975 -0.0209079 
78
44
80.6939
0.999963 0.00759934 -0.00409921 0.508936 -0.00759011 0.999969 0.0022616 0.0121361 0.00411627 -0.00223041 0.999989 0.756627 
78
41
92.3463
0.999963 0.00759934 -0.00409921 0.508936 -0.00759011 0.999969 0.0022616 0.0121361 0.00411627 -0.00223041 0.999989 0.756627 
74
50
55.6383
0.999924 0.00778682 0.00954654 -0.0456214 -0.00786782 0.999933 0.00847763 0.000487136 -0.00947989 -0.0085521 0.999918 -0.0496406 
75
46
73.479
0.999924 0.00778682 0.00954654 -0.0456214 -0.00786782 0.999933 0.00847763 0.000487136 -0.00947989 -0.0085521 0.999918 -0.0496406 
73
40
50.298
0.999964 0.00758668 -0.00377751 0.955287 -0.00755642 0.99994 0.00796072 0.0231659 0.00383767 -0.00793189 0.999961 0.89869 
74
39
72.6182
0.999954 0.00541056 0.00787363 -0.435553 -0.00547059 0.999956 0.00762232 0.102415 -0.00783204 -0.00766505 0.99994 -0.241136 
73
39
69.1602
0.999954 0.00541056 0.00787363 -0.435553 -0.00547059 0.999956 0.00762232 0.102415 -0.00783204 -0.00766505 0.99994 -0.241136 
72
47
51.192
0.999991 -0.00419902 6.28271e-05 -0.467288 0.00419895 0.999991 0.000974899 -0.058791 -6.69201e-05 -0.000974626 1 0.86318 
71
41
60.907
0.999949 0.0068968 -0.00741427 0.35176 -0.00685623 0.999961 0.00548245 -0.01803 0.00745179 -0.00543133 0.999957 0.339766 
71
40
68.7983
0.999977 0.00665027 -0.00104886 0.281429 -0.00664353 0.999958 0.00630464 -0.000846389 0.00109075 -0.00629752 0.99998 0.255026 
67
45
67.8626
0.999977 0.00665027 -0.00104886 0.281429 -0.00664353 0.999958 0.00630464 -0.000846389 0.00109075 -0.00629752 0.99998 0.255026 
72
50
56.2316
0.999972 0.00675285 0.00321277 -0.0450499 -0.00677759 0.999947 0.00775108 0.00196842 -0.00316025 -0.00777264 0.999965 -0.0395281 
72
48
49.1419
0.999978 0.0064696 -0.00153643 0.671496 -0.00645784 0.999951 0.00754311 -0.018822 0.00158516 -0.00753302 0.99997 0.584767 
72
40
67.123
0.999968 0.00794161 -0.000460679 0.504386 -0.00793942 0.999958 0.00456036 -0.0588925 0.000496876 -0.00455656 0.999989 0.562533 
72
48
64.9828
