1 4.55497e-05 -0.000531505 0.000311523 -4.53275e-05 1 0.000418192 0.125977 0.000531524 -0.000418167 1 0.193816 
117
85
453.749
1 0.00027649 -0.000364359 -0.00803738 -0.00027642 1 0.00019109 0.0019376 0.000364412 -0.00019099 1 0.705831 
97
72
172.828
1 0.000369258 0.000309819 -0.00770736 -0.000368982 1 -0.000890945 -0.00223427 -0.000310148 0.00089083 1 0.643315 
114
72
669.519
0.999999 -0.000364832 -0.00147824 -0.00137397 0.000365301 1 0.000317123 0.00133861 0.00147812 -0.000317663 0.999999 0.662056 
101
74
548.425
0.999999 -0.000364832 -0.00147824 -0.00137397 0.000365301 1 0.000317123 0.00133861 0.00147812 -0.000317663 0.999999 0.662056 
91
66
140.493
0.999995 0.000801293 0.00301886 -0.0011741 -0.000795306 0.999998 -0.00198389 0.00147246 -0.00302044 0.00198148 0.999993 0.694993 
99
65
171.239
0.999999 -0.00036566 0.00167998 -0.000480071 0.000364324 1 0.00079553 -0.0049621 -0.00168027 -0.000794916 0.999998 0.670654 
92
64
134.909
0.999999 -0.000149767 -0.00126217 -0.00437337 0.000149053 1 -0.000565933 0.00486917 0.00126225 0.000565744 0.999999 0.670952 
100
64
161.278
0.999999 -4.46601e-05 0.00126422 -0.00284407 4.46942e-05 1 -2.69355e-05 0.00191932 -0.00126422 2.6992e-05 0.999999 0.64792 
97
67
434.112
0.999999 -8.63246e-05 -0.00100887 -0.00549182 8.59784e-05 1 -0.00034322 0.000387684 0.0010089 0.000343133 0.999999 0.679246 
95
63
213.417
0.999999 -0.00013638 0.00105353 -0.00561503 0.000137154 1 -0.000734166 0.000331925 -0.00105343 0.00073431 0.999999 0.670471 
99
74
393.863
0.999999 -0.000358605 -0.00111629 0.000223816 0.000359575 1 0.000868708 -0.00319885 0.00111598 -0.000869109 0.999999 0.669446 
96
72
149.079
1 -7.20825e-05 -0.000416225 -0.00708193 7.22412e-05 1 0.000381314 -0.00198636 0.000416198 -0.000381344 1 0.748704 
101
69
291.246
1 9.26843e-05 0.00078476 0.0030646 -9.22467e-05 1 -0.000557716 0.00227495 -0.000784812 0.000557644 1 0.640709 
111
59
369.271
0.99999 0.000647473 0.00451859 -0.080067 -0.000638955 0.999998 -0.00188642 0.022637 -0.0045198 0.00188351 0.999988 0.665251 
110
65
338.193
0.999999 -7.43273e-05 0.0012833 -0.0087333 7.39153e-05 1 0.000321076 0.0110254 -0.00128332 -0.000320981 0.999999 0.713263 
119
65
449.556
0.999998 0.000310115 0.00191567 -0.00860201 -0.000310376 1 0.000135574 0.00902052 -0.00191563 -0.000136168 0.999998 0.674027 
125
64
422.406
0.999998 -0.000117534 -0.00218211 0.0285735 0.000115827 1 -0.00078215 -0.0381942 0.0021822 0.000781895 0.999997 0.652664 
117
67
828.815
0.999998 0.000179801 0.00207996 0.00329544 -0.000180605 1 0.000386424 0.000158134 -0.00207989 -0.000386798 0.999998 0.671371 
121
73
1255.75
1 -0.000378773 0.000787004 0.003914 0.000378616 1 0.000200413 -0.00521045 -0.00078708 -0.000200115 1 0.672024 
120
84
1212.62
1 -0.000100298 -1.0511e-05 3.52056e-05 0.000100303 1 0.000467568 -0.000115552 1.04641e-05 -0.000467569 1 0.642484 
111
66
617.565
1 2.19602e-06 0.000996018 -0.00982929 -1.52622e-06 1 -0.000672472 0.00666091 -0.00099602 0.00067247 0.999999 0.637382 
103
72
565.035
1 1.04181e-05 0.00014677 0.00135695 -1.02716e-05 1 -0.00099797 -0.00206189 -0.000146781 0.000997968 0.999999 0.673076 
108
72
338.233
1 2.37311e-05 0.000431444 0.00116923 -2.38357e-05 1 0.000242492 -0.0039298 -0.000431438 -0.000242502 1 0.643627 
107
74
392.508
0.999999 0.000689471 0.0011285 -0.348545 -0.000689558 1 7.67908e-05 0.113313 -0.00112845 -7.75689e-05 0.999999 0.41426 
119
66
525.44
0.999999 -0.000668962 -0.00122146 0.0020015 0.000669398 1 0.000356949 -0.00300656 0.00122122 -0.000357767 0.999999 0.703174 
103
71
284.963
1 2.04188e-05 0.000793024 0.00169591 -2.02271e-05 1 -0.000241796 -0.0070698 -0.000793029 0.00024178 1 0.615351 
109
72
219.028
1 2.04188e-05 0.000793024 0.00169591 -2.02271e-05 1 -0.000241796 -0.0070698 -0.000793029 0.00024178 1 0.615351 
108
66
338.939
0.999999 9.04098e-05 0.00141711 0.017623 -9.12711e-05 1 0.000607738 -0.0198816 -0.00141705 -0.000607867 0.999999 0.634128 
118
75
802.699
0.999999 9.04098e-05 0.00141711 0.017623 -9.12711e-05 1 0.000607738 -0.0198816 -0.00141705 -0.000607867 0.999999 0.634128 
111
82
104.444
0.999999 9.04098e-05 0.00141711 0.017623 -9.12711e-05 1 0.000607738 -0.0198816 -0.00141705 -0.000607867 0.999999 0.634128 
100
67
327.226
1 -0.00053007 0.000349619 0.0120078 0.000529949 1 0.000345074 -0.00394444 -0.000349802 -0.000344889 1 0.622814 
122
70
612.184
0.999999 -0.000332139 -0.00117716 0.0167162 0.000333469 0.999999 0.00113057 -0.0161106 0.00117678 -0.00113096 0.999999 0.639713 
100
81
199.852
0.999999 -0.000446142 -0.000999331 0.00594651 0.0004462 1 5.76897e-05 -0.00243649 0.000999305 -5.81356e-05 0.999999 0.658296 
130
70
434.206
0.999999 -0.000446142 -0.000999331 0.00594651 0.0004462 1 5.76897e-05 -0.00243649 0.000999305 -5.81356e-05 0.999999 0.658296 
106
69
186.315
0.999999 -0.000187365 0.0010039 0.00142406 0.000187056 1 0.000308478 -0.000621793 -0.00100395 -0.00030829 0.999999 0.602629 
104
74
183.957
1 -0.000413377 0.000613254 0.00301141 0.000413255 1 0.000198755 -0.00184397 -0.000613336 -0.000198502 1 0.630592 
106
74
194.233
0.999997 -0.000183513 -0.00239744 0.0115075 0.000181679 1 -0.000765288 -0.0150082 0.00239758 0.00076485 0.999997 0.613956 
104
69
312.275
0.999997 -0.000183513 -0.00239744 0.0115075 0.000181679 1 -0.000765288 -0.0150082 0.00239758 0.00076485 0.999997 0.613956 
108
80
383.186
0.999999 -4.04789e-05 0.00115899 -0.0224378 4.13106e-05 1 -0.000717576 0.0188844 -0.00115896 0.000717623 0.999999 0.448029 
119
71
305.371
1 -0.000369286 0.00066263 -0.0274407 0.000369071 1 0.000324152 0.0213944 -0.000662749 -0.000323908 1 0.588614 
110
79
188.75
1 -0.000369286 0.00066263 -0.0274407 0.000369071 1 0.000324152 0.0213944 -0.000662749 -0.000323908 1 0.588614 
110
70
134.552
0.999997 -0.000552038 -0.00218075 0.00605409 0.000552737 1 0.000319803 -0.000592618 0.00218057 -0.000321008 0.999998 0.632801 
110
75
461.259
0.999997 -0.000552038 -0.00218075 0.00605409 0.000552737 1 0.000319803 -0.000592618 0.00218057 -0.000321008 0.999998 0.632801 
103
74
71.9959
0.999998 -1.50068e-05 0.00173841 0.0198115 1.41501e-05 1 0.000492822 -0.0327396 -0.00173842 -0.000492796 0.999998 0.642799 
115
81
495.963
0.999998 -1.50068e-05 0.00173841 0.0198115 1.41501e-05 1 0.000492822 -0.0327396 -0.00173842 -0.000492796 0.999998 0.642799 
99
70
66.5401
0.999998 -1.50068e-05 0.00173841 0.0198115 1.41501e-05 1 0.000492822 -0.0327396 -0.00173842 -0.000492796 0.999998 0.642799 
106
79
589.039
0.999999 -0.000359253 -0.0014527 -0.00533723 0.000359175 1 -5.41988e-05 -0.00173338 0.00145272 5.36769e-05 0.999999 0.675093 
111
78
364.391
0.999999 -0.000359253 -0.0014527 -0.00533723 0.000359175 1 -5.41988e-05 -0.00173338 0.00145272 5.36769e-05 0.999999 0.675093 
108
68
483.49
1 0.000172473 0.00057747 0.281896 -0.000172518 1 7.86255e-05 0.0347937 -0.000577456 -7.87251e-05 1 0.561862 
121
72
370.602
1 0.000172473 0.00057747 0.281896 -0.000172518 1 7.86255e-05 0.0347937 -0.000577456 -7.87251e-05 1 0.561862 
117
69
323.022
1 0.000172473 0.00057747 0.281896 -0.000172518 1 7.86255e-05 0.0347937 -0.000577456 -7.87251e-05 1 0.561862 
105
82
342.433
1 0.000172473 0.00057747 0.281896 -0.000172518 1 7.86255e-05 0.0347937 -0.000577456 -7.87251e-05 1 0.561862 
114
86
495.074
0.999996 -0.000637 -0.00269861 -0.00653939 0.000638888 1 0.000698918 0.000683951 0.00269816 -0.000700639 0.999996 0.586983 
121
72
374.555
0.999999 -0.0004492 -0.00151971 -0.00664018 0.000449452 1 0.000165474 0.000582458 0.00151964 -0.000166157 0.999999 0.360165 
120
73
423.148
0.999999 -0.0004492 -0.00151971 -0.00664018 0.000449452 1 0.000165474 0.000582458 0.00151964 -0.000166157 0.999999 0.360165 
97
73
86.3221
0.999999 -0.0004492 -0.00151971 -0.00664018 0.000449452 1 0.000165474 0.000582458 0.00151964 -0.000166157 0.999999 0.360165 
111
70
136.304
0.999999 -0.0004492 -0.00151971 -0.00664018 0.000449452 1 0.000165474 0.000582458 0.00151964 -0.000166157 0.999999 0.360165 
101
72
132.151
0.999999 -0.0004492 -0.00151971 -0.00664018 0.000449452 1 0.000165474 0.000582458 0.00151964 -0.000166157 0.999999 0.360165 
103
67
190.121
0.983638 0.000973429 -0.180152 -0.0525813 -0.00250204 0.999963 -0.00825804 0.000303745 0.180138 0.00857367 0.983604 0.273185 
128
61
1490.05
0.983638 0.000973429 -0.180152 -0.0525813 -0.00250204 0.999963 -0.00825804 0.000303745 0.180138 0.00857367 0.983604 0.273185 
102
77
139.681
0.983638 0.000973429 -0.180152 -0.0525813 -0.00250204 0.999963 -0.00825804 0.000303745 0.180138 0.00857367 0.983604 0.273185 
100
75
172.722
0.983638 0.000973429 -0.180152 -0.0525813 -0.00250204 0.999963 -0.00825804 0.000303745 0.180138 0.00857367 0.983604 0.273185 
101
70
87.6997
0.983638 0.000973429 -0.180152 -0.0525813 -0.00250204 0.999963 -0.00825804 0.000303745 0.180138 0.00857367 0.983604 0.273185 
102
72
156.134
0.983638 0.000973429 -0.180152 -0.0525813 -0.00250204 0.999963 -0.00825804 0.000303745 0.180138 0.00857367 0.983604 0.273185 
92
67
126.419
0.983638 0.000973429 -0.180152 -0.0525813 -0.00250204 0.999963 -0.00825804 0.000303745 0.180138 0.00857367 0.983604 0.273185 
101
76
115.863
0.983638 0.000973429 -0.180152 -0.0525813 -0.00250204 0.999963 -0.00825804 0.000303745 0.180138 0.00857367 0.983604 0.273185 
97
67
112.852
0.983638 0.000973429 -0.180152 -0.0525813 -0.00250204 0.999963 -0.00825804 0.000303745 0.180138 0.00857367 0.983604 0.273185 
103
68
192.456
0.983638 0.000973429 -0.180152 -0.0525813 -0.00250204 0.999963 -0.00825804 0.000303745 0.180138 0.00857367 0.983604 0.273185 
98
70
300.047
0.983638 0.000973429 -0.180152 -0.0525813 -0.00250204 0.999963 -0.00825804 0.000303745 0.180138 0.00857367 0.983604 0.273185 
109
65
850.51
0.983638 0.000973429 -0.180152 -0.0525813 -0.00250204 0.999963 -0.00825804 0.000303745 0.180138 0.00857367 0.983604 0.273185 
105
73
198.759
0.983638 0.000973429 -0.180152 -0.0525813 -0.00250204 0.999963 -0.00825804 0.000303745 0.180138 0.00857367 0.983604 0.273185 
100
72
166.711
0.983638 0.000973429 -0.180152 -0.0525813 -0.00250204 0.999963 -0.00825804 0.000303745 0.180138 0.00857367 0.983604 0.273185 
116
67
243.637
0.983638 0.000973429 -0.180152 -0.0525813 -0.00250204 0.999963 -0.00825804 0.000303745 0.180138 0.00857367 0.983604 0.273185 
102
71
151.89
0.983638 0.000973429 -0.180152 -0.0525813 -0.00250204 0.999963 -0.00825804 0.000303745 0.180138 0.00857367 0.983604 0.273185 
96
73
77.2221
0.983638 0.000973429 -0.180152 -0.0525813 -0.00250204 0.999963 -0.00825804 0.000303745 0.180138 0.00857367 0.983604 0.273185 
94
77
188.83
0.983638 0.000973429 -0.180152 -0.0525813 -0.00250204 0.999963 -0.00825804 0.000303745 0.180138 0.00857367 0.983604 0.273185 
110
81
427.729
0.983638 0.000973429 -0.180152 -0.0525813 -0.00250204 0.999963 -0.00825804 0.000303745 0.180138 0.00857367 0.983604 0.273185 
103
74
169.687
0.999997 -0.000726228 -0.00241879 0.0175691 0.000726596 1 0.000151295 -0.0261007 0.00241868 -0.000153052 0.999997 0.67166 
116
78
437.067
0.999997 -0.000726228 -0.00241879 0.0175691 0.000726596 1 0.000151295 -0.0261007 0.00241868 -0.000153052 0.999997 0.67166 
103
72
210.867
0.999997 -0.000726228 -0.00241879 0.0175691 0.000726596 1 0.000151295 -0.0261007 0.00241868 -0.000153052 0.999997 0.67166 
102
73
220.607
0.999997 -0.000726228 -0.00241879 0.0175691 0.000726596 1 0.000151295 -0.0261007 0.00241868 -0.000153052 0.999997 0.67166 
100
71
169.849
0.999999 -0.000489903 -0.000985357 0.0147639 0.000489887 1 -1.62411e-05 -0.01562 0.000985365 1.57583e-05 1 0.561284 
110
78
498.084
0.999999 -0.000489903 -0.000985357 0.0147639 0.000489887 1 -1.62411e-05 -0.01562 0.000985365 1.57583e-05 1 0.561284 
105
75
495.934
0.999999 -0.000489903 -0.000985357 0.0147639 0.000489887 1 -1.62411e-05 -0.01562 0.000985365 1.57583e-05 1 0.561284 
109
73
154.168
0.999999 -0.000489903 -0.000985357 0.0147639 0.000489887 1 -1.62411e-05 -0.01562 0.000985365 1.57583e-05 1 0.561284 
105
81
222.303
0.999999 -0.000489903 -0.000985357 0.0147639 0.000489887 1 -1.62411e-05 -0.01562 0.000985365 1.57583e-05 1 0.561284 
100
76
51.1843
0.999999 -0.000489903 -0.000985357 0.0147639 0.000489887 1 -1.62411e-05 -0.01562 0.000985365 1.57583e-05 1 0.561284 
102
75
479.725
0.999999 -0.000489903 -0.000985357 0.0147639 0.000489887 1 -1.62411e-05 -0.01562 0.000985365 1.57583e-05 1 0.561284 
108
74
183.195
0.999999 -0.000489903 -0.000985357 0.0147639 0.000489887 1 -1.62411e-05 -0.01562 0.000985365 1.57583e-05 1 0.561284 
104
70
759.498
0.999999 -0.000489903 -0.000985357 0.0147639 0.000489887 1 -1.62411e-05 -0.01562 0.000985365 1.57583e-05 1 0.561284 
105
78
335.609
0.999999 -0.000489903 -0.000985357 0.0147639 0.000489887 1 -1.62411e-05 -0.01562 0.000985365 1.57583e-05 1 0.561284 
102
78
167.802
0.999999 -0.000489903 -0.000985357 0.0147639 0.000489887 1 -1.62411e-05 -0.01562 0.000985365 1.57583e-05 1 0.561284 
105
71
372.368
0.999999 -0.000489903 -0.000985357 0.0147639 0.000489887 1 -1.62411e-05 -0.01562 0.000985365 1.57583e-05 1 0.561284 
107
73
235.701
0.999999 -0.000489903 -0.000985357 0.0147639 0.000489887 1 -1.62411e-05 -0.01562 0.000985365 1.57583e-05 1 0.561284 
103
70
83.9707
0.999999 -0.000489903 -0.000985357 0.0147639 0.000489887 1 -1.62411e-05 -0.01562 0.000985365 1.57583e-05 1 0.561284 
121
74
379.085
0.999999 -0.000489903 -0.000985357 0.0147639 0.000489887 1 -1.62411e-05 -0.01562 0.000985365 1.57583e-05 1 0.561284 
104
67
133.661
0.999999 -0.000489903 -0.000985357 0.0147639 0.000489887 1 -1.62411e-05 -0.01562 0.000985365 1.57583e-05 1 0.561284 
105
75
152.01
0.999999 -0.000489903 -0.000985357 0.0147639 0.000489887 1 -1.62411e-05 -0.01562 0.000985365 1.57583e-05 1 0.561284 
117
78
245.662
0.999999 -0.000489903 -0.000985357 0.0147639 0.000489887 1 -1.62411e-05 -0.01562 0.000985365 1.57583e-05 1 0.561284 
105
73
146.915
0.999999 -0.000489903 -0.000985357 0.0147639 0.000489887 1 -1.62411e-05 -0.01562 0.000985365 1.57583e-05 1 0.561284 
104
73
254.925
0.999999 -0.000489903 -0.000985357 0.0147639 0.000489887 1 -1.62411e-05 -0.01562 0.000985365 1.57583e-05 1 0.561284 
104
73
139.114
0.999999 -0.000489903 -0.000985357 0.0147639 0.000489887 1 -1.62411e-05 -0.01562 0.000985365 1.57583e-05 1 0.561284 
121
77
291.199
0.999999 -0.000489903 -0.000985357 0.0147639 0.000489887 1 -1.62411e-05 -0.01562 0.000985365 1.57583e-05 1 0.561284 
103
73
157.174
0.999998 -0.000206679 -0.00173981 0.0120012 0.000206031 1 -0.000372727 -0.0182423 0.00173989 0.000372368 0.999998 0.496432 
125
74
517.576
0.999998 -0.000206679 -0.00173981 0.0120012 0.000206031 1 -0.000372727 -0.0182423 0.00173989 0.000372368 0.999998 0.496432 
99
73
108.147
0.999998 -0.000206679 -0.00173981 0.0120012 0.000206031 1 -0.000372727 -0.0182423 0.00173989 0.000372368 0.999998 0.496432 
122
68
210.28
0.999998 -0.000206679 -0.00173981 0.0120012 0.000206031 1 -0.000372727 -0.0182423 0.00173989 0.000372368 0.999998 0.496432 
101
75
138.279
0.999999 -0.000132317 -0.00131883 0.0201978 0.000130966 0.999999 -0.00102408 -0.0165667 0.00131897 0.00102391 0.999999 0.688054 
108
71
435.424
0.999999 -0.000132317 -0.00131883 0.0201978 0.000130966 0.999999 -0.00102408 -0.0165667 0.00131897 0.00102391 0.999999 0.688054 
98
74
207.531
0.999999 -0.000132317 -0.00131883 0.0201978 0.000130966 0.999999 -0.00102408 -0.0165667 0.00131897 0.00102391 0.999999 0.688054 
115
74
310.567
0.999998 0.000677863 0.0018137 -0.00683179 -0.000675916 0.999999 -0.00107388 0.00248093 -0.00181443 0.00107265 0.999998 0.604151 
110
80
661.725
0.999998 0.000677863 0.0018137 -0.00683179 -0.000675916 0.999999 -0.00107388 0.00248093 -0.00181443 0.00107265 0.999998 0.604151 
111
75
166.466
0.999998 0.000677863 0.0018137 -0.00683179 -0.000675916 0.999999 -0.00107388 0.00248093 -0.00181443 0.00107265 0.999998 0.604151 
105
74
121.247
0.999998 0.000677863 0.0018137 -0.00683179 -0.000675916 0.999999 -0.00107388 0.00248093 -0.00181443 0.00107265 0.999998 0.604151 
108
74
205.496
0.999998 0.000677863 0.0018137 -0.00683179 -0.000675916 0.999999 -0.00107388 0.00248093 -0.00181443 0.00107265 0.999998 0.604151 
114
77
132.705
0.999998 0.000677863 0.0018137 -0.00683179 -0.000675916 0.999999 -0.00107388 0.00248093 -0.00181443 0.00107265 0.999998 0.604151 
102
81
115.795
0.999998 0.000677863 0.0018137 -0.00683179 -0.000675916 0.999999 -0.00107388 0.00248093 -0.00181443 0.00107265 0.999998 0.604151 
108
73
178.183
0.999998 0.000677863 0.0018137 -0.00683179 -0.000675916 0.999999 -0.00107388 0.00248093 -0.00181443 0.00107265 0.999998 0.604151 
106
80
149.746
0.999998 0.000677863 0.0018137 -0.00683179 -0.000675916 0.999999 -0.00107388 0.00248093 -0.00181443 0.00107265 0.999998 0.604151 
101
80
204.024
0.999998 0.000677863 0.0018137 -0.00683179 -0.000675916 0.999999 -0.00107388 0.00248093 -0.00181443 0.00107265 0.999998 0.604151 
116
92
475.591
1 -8.02691e-05 -0.000657034 -0.0192938 8.01914e-05 1 -0.000118276 -0.0025412 0.000657044 0.000118223 1 0.558621 
127
80
345.203
1 -8.02691e-05 -0.000657034 -0.0192938 8.01914e-05 1 -0.000118276 -0.0025412 0.000657044 0.000118223 1 0.558621 
117
79
321.414
0.999998 0.00093085 0.00181541 -0.00336544 -0.000929287 0.999999 -0.000861409 -0.00731265 -0.00181621 0.000859721 0.999998 0.517989 
130
82
648.275
0.999998 0.00093085 0.00181541 -0.00336544 -0.000929287 0.999999 -0.000861409 -0.00731265 -0.00181621 0.000859721 0.999998 0.517989 
110
80
164.614
0.999998 0.00093085 0.00181541 -0.00336544 -0.000929287 0.999999 -0.000861409 -0.00731265 -0.00181621 0.000859721 0.999998 0.517989 
110
80
107.104
0.999998 0.00093085 0.00181541 -0.00336544 -0.000929287 0.999999 -0.000861409 -0.00731265 -0.00181621 0.000859721 0.999998 0.517989 
119
90
204.772
0.999998 0.00093085 0.00181541 -0.00336544 -0.000929287 0.999999 -0.000861409 -0.00731265 -0.00181621 0.000859721 0.999998 0.517989 
106
77
131.485
0.999998 0.00093085 0.00181541 -0.00336544 -0.000929287 0.999999 -0.000861409 -0.00731265 -0.00181621 0.000859721 0.999998 0.517989 
108
74
268.89
0.999998 0.00093085 0.00181541 -0.00336544 -0.000929287 0.999999 -0.000861409 -0.00731265 -0.00181621 0.000859721 0.999998 0.517989 
105
80
139.686
0.999998 0.00093085 0.00181541 -0.00336544 -0.000929287 0.999999 -0.000861409 -0.00731265 -0.00181621 0.000859721 0.999998 0.517989 
119
79
228.121
0.999998 0.00093085 0.00181541 -0.00336544 -0.000929287 0.999999 -0.000861409 -0.00731265 -0.00181621 0.000859721 0.999998 0.517989 
107
83
167.491
0.98578 -0.000372951 -0.168039 -0.0357266 0.000408477 1 0.000176849 -0.00649248 0.168039 -0.000242974 0.98578 0.281184 
132
92
1360.36
0.999997 -0.00038909 -0.00241344 -0.00555088 0.00038702 1 -0.000857959 -0.000416935 0.00241377 0.000857022 0.999997 0.452601 
117
75
372.958
0.999997 -0.00038909 -0.00241344 -0.00555088 0.00038702 1 -0.000857959 -0.000416935 0.00241377 0.000857022 0.999997 0.452601 
114
85
409.809
0.999997 -0.00038909 -0.00241344 -0.00555088 0.00038702 1 -0.000857959 -0.000416935 0.00241377 0.000857022 0.999997 0.452601 
110
82
392.148
0.999997 -0.00038909 -0.00241344 -0.00555088 0.00038702 1 -0.000857959 -0.000416935 0.00241377 0.000857022 0.999997 0.452601 
118
79
266.264
0.999997 -0.00038909 -0.00241344 -0.00555088 0.00038702 1 -0.000857959 -0.000416935 0.00241377 0.000857022 0.999997 0.452601 
108
86
172.888
0.999996 0.0007983 0.00266775 0.00850569 -0.000800182 0.999999 0.000704677 -0.016635 -0.00266718 -0.000706809 0.999996 0.420783 
109
76
273.992
0.999996 0.000935216 0.00270971 0.00120792 -0.000935636 1 0.000153944 0.0105726 -0.00270957 -0.000156479 0.999996 0.626753 
112
77
245.353
0.999999 0.000322355 0.00100895 0.0063039 -0.000322798 1 0.000439089 -0.00614879 -0.00100881 -0.000439414 0.999999 0.577198 
112
81
480.639
1 -0.000246271 -0.000326301 -0.0122242 0.00024652 1 0.000764733 0.00172954 0.000326112 -0.000764814 1 0.689375 
113
83
443.2
1 -0.000246271 -0.000326301 -0.0122242 0.00024652 1 0.000764733 0.00172954 0.000326112 -0.000764814 1 0.689375 
106
83
64.8845
1 0.000195089 0.000690486 -0.0380288 -0.000195453 1 0.000526426 -0.050396 -0.000690383 -0.000526561 1 0.626809 
117
76
463.179
1 0.000195089 0.000690486 -0.0380288 -0.000195453 1 0.000526426 -0.050396 -0.000690383 -0.000526561 1 0.626809 
104
76
120.033
1 0.000195089 0.000690486 -0.0380288 -0.000195453 1 0.000526426 -0.050396 -0.000690383 -0.000526561 1 0.626809 
113
90
48.6492
1 0.000195089 0.000690486 -0.0380288 -0.000195453 1 0.000526426 -0.050396 -0.000690383 -0.000526561 1 0.626809 
108
82
80.4336
0.999992 0.00145766 0.00379402 -0.0160911 -0.00145741 0.999999 -6.83915e-05 0.00106555 -0.00379412 6.28615e-05 0.999993 0.669868 
118
79
456.073
1 -4.03995e-05 0.000413159 -0.00588528 4.02817e-05 1 0.00028497 -0.00348136 -0.000413171 -0.000284953 1 0.653012 
128
91
876.401
1 -4.03995e-05 0.000413159 -0.00588528 4.02817e-05 1 0.00028497 -0.00348136 -0.000413171 -0.000284953 1 0.653012 
117
84
124.135
1 -4.03995e-05 0.000413159 -0.00588528 4.02817e-05 1 0.00028497 -0.00348136 -0.000413171 -0.000284953 1 0.653012 
109
79
279.775
0.999999 -0.000508745 -0.00150793 -0.0070637 0.000507849 1 -0.000594308 -0.00472355 0.00150823 0.000593542 0.999999 0.609235 
111
83
202.316
0.999999 -0.000508745 -0.00150793 -0.0070637 0.000507849 1 -0.000594308 -0.00472355 0.00150823 0.000593542 0.999999 0.609235 
124
78
565.185
0.999996 -0.000884001 -0.00262622 0.000362327 0.000884867 1 0.000328638 -0.006236 0.00262593 -0.000330961 0.999996 0.618708 
120
91
551.884
0.999996 0.00096153 0.00282011 -0.00224316 -0.000962048 1 0.000182533 -0.00904172 -0.00281994 -0.000185245 0.999996 0.738636 
107
82
128.474
0.999999 0.000582759 0.00139578 -0.00695489 -0.000583531 1 0.000553153 -0.00877134 -0.00139545 -0.000553967 0.999999 0.665452 
126
88
473.782
0.999999 0.000582759 0.00139578 -0.00695489 -0.000583531 1 0.000553153 -0.00877134 -0.00139545 -0.000553967 0.999999 0.665452 
122
77
225.22
0.999999 0.000582759 0.00139578 -0.00695489 -0.000583531 1 0.000553153 -0.00877134 -0.00139545 -0.000553967 0.999999 0.665452 
106
76
128.06
1 -0.000111422 -0.000554291 0.00286904 0.000111475 1 9.50726e-05 0.000786581 0.00055428 -9.51344e-05 1 0.655527 
120
97
835.219
1 -0.000111422 -0.000554291 0.00286904 0.000111475 1 9.50726e-05 0.000786581 0.00055428 -9.51344e-05 1 0.655527 
115
80
85.4937
1 0.000311386 0.000446325 -0.0201198 -0.00031162 1 0.000524043 0.00396413 -0.000446161 -0.000524182 1 0.686283 
114
83
426.605
1 -0.000157722 -0.000752366 0.00122937 0.00015731 1 -0.00054719 0.00344332 0.000752452 0.000547072 1 0.642339 
128
85
640.236
1 -0.000227893 -0.000569552 -0.0151106 0.000227878 1 -2.52302e-05 0.00689607 0.000569558 2.51004e-05 1 0.54423 
119
83
418.929
0.999997 -0.000351281 -0.00228749 -0.0313953 0.000350769 1 -0.00022407 -0.014371 0.00228757 0.000223267 0.999997 0.550298 
128
81
534.062
0.999998 0.000757301 0.00204018 -0.0159276 -0.000757897 1 0.000291152 0.0184563 -0.00203995 -0.000292697 0.999998 0.736814 
112
83
282.013
1 0.000207824 0.000774442 -0.00752579 -0.000208049 1 0.000291373 0.00159765 -0.000774381 -0.000291534 1 0.610001 
117
80
304.139
1 0.000207824 0.000774442 -0.00752579 -0.000208049 1 0.000291373 0.00159765 -0.000774381 -0.000291534 1 0.610001 
107
86
473.099
1 0.000401206 0.000892402 0.0141896 -0.000401317 1 0.000124908 -0.00744567 -0.000892352 -0.000125266 1 0.633598 
128
92
807.011
1 0.000401206 0.000892402 0.0141896 -0.000401317 1 0.000124908 -0.00744567 -0.000892352 -0.000125266 1 0.633598 
119
82
750.837
1 0.000401206 0.000892402 0.0141896 -0.000401317 1 0.000124908 -0.00744567 -0.000892352 -0.000125266 1 0.633598 
119
83
417.242
1 0.000401206 0.000892402 0.0141896 -0.000401317 1 0.000124908 -0.00744567 -0.000892352 -0.000125266 1 0.633598 
108
77
168.905
1 0.000401206 0.000892402 0.0141896 -0.000401317 1 0.000124908 -0.00744567 -0.000892352 -0.000125266 1 0.633598 
109
82
143.683
0.999995 0.000864192 0.00301723 -0.000463914 -0.000860304 0.999999 -0.00128945 -0.00534325 -0.00301834 0.00128685 0.999995 0.646379 
115
94
401.253
0.999999 -7.03354e-05 -0.0016369 -0.0169074 7.00251e-05 1 -0.000189583 0.013247 0.00163691 0.000189468 0.999999 0.61635 
113
88
442.503
0.999991 -0.00139378 -0.00397499 -0.00523537 0.00139303 0.999999 -0.000191253 0.00280933 0.00397526 0.000185714 0.999992 0.51055 
120
87
377.946
0.999999 0.000529596 0.0015057 0.00135269 -0.000528266 0.999999 -0.00088383 -0.00210738 -0.00150617 0.000883033 0.999998 0.660001 
119
86
620.087
1 -0.000178995 -0.000951036 0.00410598 0.000178823 1 -0.000180612 -0.000950294 0.000951069 0.000180442 1 0.645533 
125
91
738.979
1 -0.000178995 -0.000951036 0.00410598 0.000178823 1 -0.000180612 -0.000950294 0.000951069 0.000180442 1 0.645533 
110
81
192.839
1 0.000310093 -0.00062824 -0.00397246 -0.000309198 0.999999 0.00142452 -0.00691693 0.000628681 -0.00142432 0.999999 0.650311 
114
81
505.657
1 0.000310093 -0.00062824 -0.00397246 -0.000309198 0.999999 0.00142452 -0.00691693 0.000628681 -0.00142432 0.999999 0.650311 
114
82
151.887
0.99999 0.00122104 0.00433232 -0.00191641 -0.00122596 0.999999 0.00113342 -0.00742795 -0.00433093 -0.00113872 0.99999 0.636669 
114
87
192.427
0.999999 0.000612407 0.00110932 -0.00989099 -0.000612705 1 0.000268524 -0.00359274 -0.00110916 -0.000269203 0.999999 0.629995 
123
80
1028.45
1 3.38546e-05 -0.000395112 0.0277579 -3.38051e-05 1 0.00012549 -0.0275747 0.000395116 -0.000125476 1 0.650611 
131
91
628.621
0.999998 -0.000641739 -0.00198849 0.00423272 0.000643869 0.999999 0.00107064 -0.00308642 0.0019878 -0.00107192 0.999997 0.616612 
114
86
488.684
1 0.000472846 0.000205943 -0.011728 -0.000472607 0.999999 -0.00115926 0.00127695 -0.000206491 0.00115916 0.999999 0.652562 
109
79
297.4
1 -0.000437141 -0.000762337 0.0207639 0.000437674 1 0.000699817 -0.00145931 0.000762031 -0.000700151 0.999999 0.465945 
122
82
374.426
0.996305 0.000318822 -0.0858891 0.000551615 -0.000594488 0.999995 -0.00318399 -0.00174216 0.0858877 0.00322329 0.9963 0.451157 
128
69
899.293
0.996305 0.000318822 -0.0858891 0.000551615 -0.000594488 0.999995 -0.00318399 -0.00174216 0.0858877 0.00322329 0.9963 0.451157 
125
74
1390.07
0.996305 0.000318822 -0.0858891 0.000551615 -0.000594488 0.999995 -0.00318399 -0.00174216 0.0858877 0.00322329 0.9963 0.451157 
132
68
1817.55
0.996305 0.000318822 -0.0858891 0.000551615 -0.000594488 0.999995 -0.00318399 -0.00174216 0.0858877 0.00322329 0.9963 0.451157 
125
62
1631.27
0.996305 0.000318822 -0.0858891 0.000551615 -0.000594488 0.999995 -0.00318399 -0.00174216 0.0858877 0.00322329 0.9963 0.451157 
124
65
1832.59
0.996305 0.000318822 -0.0858891 0.000551615 -0.000594488 0.999995 -0.00318399 -0.00174216 0.0858877 0.00322329 0.9963 0.451157 
114
56
1875.67
0.953946 0.00738296 -0.299888 -0.0106454 -0.00874466 0.999957 -0.00319884 -0.00340343 0.299852 0.00567394 0.953969 0.053647 
114
68
1419.56
0.953946 0.00738296 -0.299888 -0.0106454 -0.00874466 0.999957 -0.00319884 -0.00340343 0.299852 0.00567394 0.953969 0.053647 
117
51
291.298
0.953946 0.00738296 -0.299888 -0.0106454 -0.00874466 0.999957 -0.00319884 -0.00340343 0.299852 0.00567394 0.953969 0.053647 
110
77
474.033
0.953946 0.00738296 -0.299888 -0.0106454 -0.00874466 0.999957 -0.00319884 -0.00340343 0.299852 0.00567394 0.953969 0.053647 
112
81
387.762
