0.999991 0.000361142 0.00415408 -0.0012434 -0.000356489 0.999999 -0.0011208 -0.00240132 -0.00415448 0.00111931 0.999991 0.357889 
126
77
356.146
0.999997 0.000386766 -0.00222934 0.00354346 -0.000389323 0.999999 -0.00114685 0.0094841 0.00222889 0.00114772 0.999997 0.457044 
127
78
533.404
0.999978 -0.000784434 -0.00659587 0.0145793 0.000796596 0.999998 0.0018415 0.000302745 0.00659441 -0.00184672 0.999977 0.458604 
124
71
494.194
0.999977 -0.000136305 -0.00683147 0.0121968 0.000139143 1 0.000414958 -0.00787238 0.00683142 -0.000415899 0.999977 0.443965 
123
71
448.189
0.99998 -0.000353642 0.00633253 -0.00622341 0.000372811 0.999995 -0.00302623 -0.0016197 -0.00633143 0.00302853 0.999975 0.448302 
131
81
574.529
0.999995 -0.00237056 -0.00201908 0.00790944 0.00236669 0.999995 -0.00191592 -0.0167571 0.00202361 0.00191113 0.999996 0.418915 
123
69
385.354
0.999987 -0.000576361 -0.0050833 0.00946734 0.000587208 0.999998 0.00213263 -0.00465862 0.00508206 -0.00213559 0.999985 0.446881 
128
68
394.083
0.999999 0.000954176 -0.000823823 -0.00749198 -0.000952062 0.999996 0.00256245 0.00162059 0.000826265 -0.00256166 0.999996 0.478071 
127
84
448.139
0.999998 -0.00032268 0.00197122 -0.00564802 0.000325946 0.999999 -0.00165649 -0.00332569 -0.00197068 0.00165713 0.999997 0.442747 
126
71
374.249
0.984548 0.0054704 -0.175029 -0.00417769 -0.00621651 0.999974 -0.00371478 0.0226522 0.175004 0.00474545 0.984556 0.0929271 
137
51
968.65
0.984548 0.0054704 -0.175029 -0.00417769 -0.00621651 0.999974 -0.00371478 0.0226522 0.175004 0.00474545 0.984556 0.0929271 
138
58
881.634
0.97616 -0.00043751 -0.217052 -0.132999 0.000767622 0.999999 0.00143657 0.00131725 0.217051 -0.00156894 0.976159 -0.310346 
121
47
1093.51
0.98887 0.00374736 -0.148732 -0.0178521 -0.00319197 0.999987 0.00397265 -0.00504082 0.148745 -0.00345369 0.98887 0.141445 
134
56
1020.76
0.999965 -0.00132721 -0.00825035 -0.00345208 0.0013351 0.999999 0.000950889 -0.00914579 0.00824907 -0.000961871 0.999966 0.458357 
129
47
592.848
0.999968 0.00285405 0.00747106 -0.0161447 -0.00283378 0.999992 -0.00272208 0.0048074 -0.00747877 0.00270082 0.999968 0.46947 
118
44
465.506
0.999999 0.00150892 -0.000345066 0.00906493 -0.00151025 0.999991 -0.00386979 -0.00798785 0.000339223 0.00387031 0.999992 0.454012 
130
53
719.528
0.999808 -0.00497367 -0.0189405 0.0148875 0.00497634 0.999988 9.4195e-05 -0.0166279 0.0189398 -0.000188431 0.999821 0.476199 
131
47
810.592
0.999969 -1.4054e-05 -0.00782901 -0.0137037 8.52162e-05 0.999959 0.0090893 -0.00908369 0.00782855 -0.00908968 0.999928 0.466464 
135
55
743.644
0.999974 0.00474987 0.00545747 -0.010967 -0.00479121 0.99996 0.00758758 -0.0204537 -0.00542121 -0.00761353 0.999956 0.47153 
131
50
684.929
0.999979 0.0065044 -0.00048915 -0.0224386 -0.00651126 0.999856 -0.015652 -0.00635971 0.000387273 0.0156548 0.999877 0.448494 
132
46
893.598
0.99993 -0.00653325 -0.00982175 0.00423894 0.00643003 0.999924 -0.0105041 0.00543035 0.00988963 0.0104403 0.999897 0.448549 
132
48
814.091
0.999753 -0.00826258 -0.0206102 0.0746732 0.00815661 0.999953 -0.00522058 0.0263823 0.0206524 0.00505119 0.999774 0.47338 
122
36
423.598
1 0.000245527 0.000252268 0.0172211 -0.000244754 0.999995 -0.00305971 0.00871192 -0.000253018 0.00305965 0.999995 0.453977 
134
46
768.244
0.999904 0.00259198 0.0136243 0.00744385 -0.00257897 0.999996 -0.000972329 0.000577131 -0.0136268 0.000937099 0.999907 0.433764 
130
48
547.468
0.999923 0.0013699 0.0123313 -0.00143963 -0.0013722 0.999999 0.000178165 -0.00040334 -0.0123311 -0.000195072 0.999924 0.500021 
127
46
521.978
0.999851 -0.0136946 -0.0104632 0.0419326 0.0135378 0.999797 -0.0149142 0.0385823 0.0106653 0.0147703 0.999834 0.435373 
130
48
631.909
0.999913 -0.0061837 -0.0116713 -0.00272373 0.00619942 0.99998 0.00131124 3.16605e-05 0.0116629 -0.00138348 0.999931 0.461602 
130
36
632.718
0.984132 -0.0196599 -0.176344 0.0768521 0.0166774 0.999692 -0.0183794 0.00989248 0.176651 0.0151468 0.984157 0.0943415 
143
49
1222.27
0.984132 -0.0196599 -0.176344 0.0768521 0.0166774 0.999692 -0.0183794 0.00989248 0.176651 0.0151468 0.984157 0.0943415 
134
65
928.241
0.984397 0.00133027 -0.175958 -0.00662836 -0.00233748 0.999982 -0.00551701 -0.0119072 0.175947 0.00584222 0.984382 0.0588777 
126
60
866.322
0.999976 -0.00428472 -0.00545415 0.024865 0.00432178 0.999968 0.0068022 0.0201091 0.00542482 -0.0068256 0.999962 0.476639 
126
55
634.352
0.999998 0.00204378 0.000725448 0.0232149 -0.00204564 0.999995 0.00256215 -0.0119765 -0.000720208 -0.00256363 0.999996 0.465229 
126
57
737.355
0.999913 -0.0130359 -0.00185928 0.0152302 0.0130418 0.99991 0.00319951 -0.0172082 0.00181741 -0.00322349 0.999993 0.474076 
120
52
409.681
0.999982 -0.00335718 0.00488002 -0.000489884 0.00335567 0.999994 0.00031832 0.012848 -0.00488106 -0.000301939 0.999988 0.460242 
134
61
484.078
0.999996 0.000573979 -0.00260096 -0.00282303 -0.000592707 0.999974 -0.00720544 0.00881478 0.00259676 0.00720695 0.999971 0.445645 
129
54
607.413
0.999943 0.0011475 0.0105749 -0.00808077 -0.000981245 0.999876 -0.0157133 0.0196429 -0.0105916 0.0157021 0.999821 0.446776 
128
48
748.403
0.999702 0.021278 0.0119736 -0.0348163 -0.0211002 0.999668 -0.0147824 0.019306 -0.0122841 0.0145254 0.999819 0.429304 
125
42
508.693
0.99993 -0.00209559 0.0116428 -0.0156209 0.00205766 0.999993 0.00326891 -0.00185685 -0.0116495 -0.00324472 0.999927 0.464277 
136
55
955.963
0.999945 0.00170171 0.0103242 -0.00244132 -0.00172423 0.999996 0.00217336 0.00237558 -0.0103205 -0.00219104 0.999944 0.453202 
130
54
704.813
0.999993 -0.00116742 0.00360647 -0.0396282 0.00122091 0.999889 -0.0148637 0.0188046 -0.00358872 0.014868 0.999883 0.454121 
137
50
745.415
0.999991 -0.00154055 0.00395146 0.00170341 0.00156824 0.999974 -0.00701339 0.00573837 -0.00394055 0.00701952 0.999968 0.451278 
136
55
848.5
0.999686 -0.00692543 0.0240977 -0.00482471 0.0067312 0.999944 0.00813197 0.00287079 -0.0241527 -0.00796721 0.999677 0.461203 
133
54
610.068
0.99999 -0.00435889 0.000792996 0.0286278 0.00435585 0.999983 0.00380772 0.0365563 -0.00080958 -0.00380423 0.999992 0.459682 
127
55
452.112
0.999924 0.000654396 0.0123163 -0.0763327 -0.000602963 0.999991 -0.00417926 0.0611395 -0.012319 0.00417151 0.999915 0.458609 
130
43
437.588
0.999997 0.00155862 0.00197549 -0.00630507 -0.00156544 0.999993 0.00345706 -0.00788567 -0.00197009 -0.00346014 0.999992 0.455044 
132
57
709.116
