0.999995 -0.0025265 -0.00177421 0.0113761 0.00252618 0.999997 -0.000179979 0.000678276 0.00177466 0.000175496 0.999998 0.322629 
128
83
876.988
1 0.000219214 0.000743922 -0.00248737 -0.000220114 0.999999 0.00121003 -0.00174027 -0.000743656 -0.0012102 0.999999 0.33868 
133
88
1085.03
0.9999 0.00838869 0.0114143 -0.0522635 -0.00820999 0.999844 -0.0156139 0.0548142 -0.0115435 0.0155186 0.999813 0.860747 
134
80
1135.49
0.999697 0.0116653 0.0216965 -0.00606639 -0.014245 0.992326 0.122823 -0.0281884 -0.0200972 -0.123095 0.992191 0.437111 
116
54
1988.54
0.960191 -0.0144787 -0.27897 1.6477 0.00141303 0.998895 -0.0469799 0.365627 0.279342 0.0447155 0.95915 1.26737 
48
26
2553.03
0.988208 -0.00219769 0.153099 0.220576 0.00250875 0.999995 -0.00183858 -0.00132904 -0.153094 0.00220099 0.988209 -0.043024 
62
47
1569.85
0.995769 -0.0301634 0.0867992 0.333699 0.0322551 0.99922 -0.0227976 0.0141079 -0.0860438 0.0255009 0.995965 0.0242262 
47
32
1764.2
0.978058 0.0127178 0.207945 0.100602 -0.0163973 0.999738 0.0159804 -0.0244855 -0.207687 -0.0190395 0.97801 -0.0469402 
59
32
1725.91
0.999636 -0.00117919 0.0269501 0.0777774 0.00124803 0.999996 -0.00253774 -0.000478446 -0.026947 0.00257046 0.999634 0.0208636 
142
95
1499.35
0.99999 -0.000907483 0.00445209 0.139676 0.000898241 0.999997 0.00207758 -0.0017257 -0.00445396 -0.00207356 0.999988 0.0283143 
148
101
765.136
0.999926 -0.00415689 0.0114614 -0.0763436 0.00423178 0.99997 -0.00651748 -0.00162676 -0.0114339 0.0065655 0.999913 -0.0169597 
149
105
582.805
0.999352 -0.000641915 0.0359863 -0.232592 0.000674262 0.999999 -0.000886755 -0.00588586 -0.0359857 0.000910444 0.999352 -0.0057818 
143
109
1016.66
0.999987 0.0020425 -0.00470145 0.296306 -0.00204226 0.999998 5.69041e-05 0.00807662 0.00470156 -4.73018e-05 0.999989 0.130703 
133
106
1082.94
0.999985 -0.00316395 0.00448838 -0.0879494 0.0031658 0.999995 -0.00040391 0.000508426 -0.00448708 0.000418113 0.99999 -0.0270733 
94
85
568.801
