0.999874 0.00104232 -0.0158512 -0.00603134 -0.000999841 0.999996 0.0026873 -0.013798 0.0158539 -0.00267111 0.999871 0.147939 
150
81
0.999984 -0.000608225 0.00559304 0.00372805 0.000621317 0.999997 -0.00233922 0.0117464 -0.0055916 0.00234266 0.999982 0.152937 
150
73
0.998648 0.0022468 0.0519399 -0.00936866 -0.00195697 0.999982 -0.0056303 0.00349399 -0.0519516 0.00552104 0.998634 0.147757 
150
75
0.999483 0.000371321 0.0321449 -0.0133048 -0.000404955 0.999999 0.00103981 0.00498969 -0.0321444 -0.00105229 0.999483 0.151471 
150
71
0.998826 -0.000933223 0.0484231 0.000204865 0.00128645 0.999973 -0.00726403 0.00967367 -0.048415 0.0073178 0.9988 0.142149 
150
75
0.999027 -0.0014649 0.0440723 -0.00364509 0.0012404 0.999986 0.00512104 0.00887048 -0.0440792 -0.00506139 0.999015 0.157867 
150
68
0.99887 -0.0010028 0.0475076 0.00511706 0.00108182 0.999998 -0.0016375 -0.00348881 -0.0475059 0.00168704 0.99887 0.144925 
150
82
0.998855 0.000694903 0.0478268 -0.00947557 -0.000815448 0.999997 0.00250099 0.00534748 -0.0478249 -0.00253712 0.998853 0.153033 
150
69
0.998868 -0.0140152 0.0454594 0.0311018 0.014247 0.999887 -0.00478071 -4.0861e-05 -0.0453873 0.00542296 0.998955 0.137634 
150
62
0.998469 -0.00218305 0.0552642 0.00563604 0.00215209 0.999997 0.000619713 -0.000378157 -0.0552654 -0.000499831 0.998472 0.137056 
150
59
0.999091 0.000580541 0.0426297 -0.00814764 -0.000661905 0.999998 0.00189453 -0.0117373 -0.0426285 -0.00192103 0.999089 0.150525 
150
67
0.999265 -0.00116462 0.0383241 0.00593778 0.00129468 0.999993 -0.0033691 -0.00222169 -0.0383199 0.00341624 0.99926 0.138738 
150
67
0.99904 -0.00341994 0.0436733 0.0149976 0.00355949 0.999989 -0.00311805 0.00139647 -0.0436622 0.00327051 0.999041 0.150006 
150
59
0.998525 0.00247416 0.0542393 -0.00658452 -0.0025894 0.999995 0.00205452 0.00278995 -0.0542339 -0.00219193 0.998526 0.148579 
150
59
0.999406 -0.000303899 0.0344585 0.00524657 -0.000113743 0.999927 0.0121175 -0.0164595 -0.0344596 -0.0121143 0.999333 0.147543 
150
62
0.998816 -0.00101776 0.0486276 -0.0062019 0.00119016 0.999993 -0.00351657 0.0044391 -0.0486237 0.00357029 0.998811 0.150491 
150
65
0.999165 -0.000732472 0.0408417 -0.000840298 0.000860458 0.999995 -0.00311621 0.0117069 -0.0408392 0.00314875 0.999161 0.138758 
150
60
0.998791 0.00171623 0.0491205 -0.00106058 -0.001513 0.99999 -0.0041743 0.00411222 -0.0491272 0.00409493 0.998784 0.146342 
150
64
0.999064 -0.00300782 0.0431493 0.0237015 0.00347502 0.999936 -0.0107568 0.00233543 -0.0431141 0.0108966 0.999011 0.136709 
150
56
0.999464 -0.00346623 0.0325603 0.00973332 0.00340981 0.999993 0.00178838 -0.00102719 -0.0325663 -0.0016764 0.999468 0.145697 
150
64
0.998989 0.000658622 0.0449519 0.0120173 -0.000793353 0.999995 0.00297945 -0.000893587 -0.0449497 -0.00301211 0.998985 0.148224 
150
57
0.999192 0.00119539 0.0401743 -0.00846615 -0.00113163 0.999998 -0.00160978 0.00225337 -0.0401762 0.00156302 0.999191 0.144313 
150
59
0.999433 0.000539494 0.0336568 0.00149717 -0.000433683 0.999995 -0.00315104 -0.00628618 -0.0336584 0.00313466 0.999428 0.14299 
150
56
0.998692 -0.00135335 0.0511175 -0.0132213 0.00161043 0.999986 -0.00498831 0.00438068 -0.0511101 0.0050641 0.99868 0.144301 
149
69
0.999147 0.000334636 0.0413023 -0.0074643 -0.000197937 0.999994 -0.00331376 -0.00704005 -0.0413032 0.00330276 0.999141 0.145107 
149
60
0.999297 0.00194392 0.0374529 0.0057118 -0.00229486 0.999954 0.00932932 -0.0281473 -0.037433 -0.00940871 0.999255 0.160998 
146
58
0.998779 -0.000334057 0.0493971 -0.0105062 0.00011383 0.99999 0.00446104 0.00108964 -0.0493981 -0.00444997 0.998769 0.148725 
150
64
0.999501 -0.000869157 0.0315612 -0.0116442 0.000773813 0.999995 0.003033 0.00845941 -0.0315637 -0.00300707 0.999497 0.138659 
145
54
0.999106 0.00134809 0.0422446 -0.00201795 -0.00164527 0.999974 0.00700066 0.016264 -0.0422341 -0.00706391 0.999083 0.161066 
146
59
0.998794 -0.000743126 0.0490988 0.00409722 0.000723056 1 0.000426523 -0.0095901 -0.0490991 -0.000390508 0.998794 0.148484 
146
58
0.999051 -0.00116426 0.0435341 0.0207407 0.00107716 0.999997 0.00202414 -0.00717587 -0.0435363 -0.00197533 0.99905 0.152543 
145
53
0.998778 -2.53262e-05 0.0494117 0.01801 6.2923e-05 1 -0.000759334 0.00876195 -0.0494117 0.000761516 0.998778 0.150301 
145
55
0.999219 -0.00145878 0.0394909 0.0189495 0.00114539 0.999968 0.00795716 -0.0173751 -0.0395013 -0.00790571 0.999188 0.156133 
145
62
0.999025 0.00218426 0.044091 0.0166643 -0.00246837 0.999977 0.00639032 0.0105175 -0.044076 -0.00649293 0.999007 0.162334 
145
62
0.999401 0.0037986 0.0343876 -0.0047695 -0.00390882 0.999987 0.00313838 -0.00864182 -0.0343752 -0.00327091 0.999404 0.154615 
145
58
0.999308 -0.000301202 0.0371889 -0.00510586 0.000565036 0.999975 -0.00708411 0.00292772 -0.0371859 0.00710022 0.999283 0.14831 
145
63
0.998885 0.00096549 0.0472101 -0.00462419 -0.00111352 0.999995 0.00310944 0.00547769 -0.0472069 -0.00315854 0.99888 0.149732 
145
73
0.999138 -0.00049394 0.0415054 0.003482 0.000416572 0.999998 0.00187266 -0.00240287 -0.0415062 -0.00185376 0.999137 0.155775 
148
72
0.999343 0.00223225 0.0361606 0.000133911 -0.0022215 0.999997 -0.000337538 -0.00353948 -0.0361612 0.000256985 0.999346 0.162368 
147
64
0.999164 -0.000622133 0.040866 0.000318899 0.000721341 0.999997 -0.00241294 0.00415789 -0.0408643 0.00244041 0.999162 0.142712 
147
66
0.998899 0.000505139 0.046907 0.000242644 -0.000884754 0.999967 0.00807252 -0.00856781 -0.0469014 -0.00810513 0.998867 0.160039 
147
69
0.999088 0.00102442 0.0426962 -0.00612002 -0.00118278 0.999993 0.00368387 -0.00785121 -0.0426922 -0.00373101 0.999081 0.153032 
146
61
0.998971 -0.00250413 0.0452831 0.00310487 0.00261819 0.999994 -0.00245968 0.00242889 -0.0452766 0.00257571 0.998971 0.143855 
145
62
0.998904 -0.0046684 0.0465814 0.000630387 0.00440428 0.999974 0.00577107 -0.0164224 -0.0466071 -0.00555958 0.998898 0.150457 
144
68
0.99922 -0.000491526 0.0394769 0.00469987 0.000631395 0.999994 -0.00353068 -0.000530079 -0.0394749 0.00355286 0.999214 0.142276 
144
64
0.999153 0.00276679 0.0410582 -0.00343254 -0.00271416 0.999995 -0.00133747 -0.00220765 -0.0410618 0.0012249 0.999156 0.145868 
145
68
0.999041 0.000279215 0.0437898 -0.000212495 -0.000129858 0.999994 -0.00341359 0.00141744 -0.0437905 0.00340463 0.999035 0.145683 
144
80
0.999173 -0.00152551 0.0406422 0.00566428 0.00162343 0.999996 -0.00237629 0.000600555 -0.0406384 0.0024403 0.999171 0.146613 
144
78
0.999173 -0.00152551 0.0406422 0.00566428 0.00162343 0.999996 -0.00237629 0.000600555 -0.0406384 0.0024403 0.999171 0.146613 
144
73
0.998999 0.00101002 0.0447113 -0.00492188 -0.000861356 0.999994 -0.00334404 -0.000328833 -0.0447144 0.00330218 0.998994 0.143186 
144
70
0.998847 -0.000426259 0.0480045 -0.0021925 0.000271984 0.999995 0.00322024 -0.001698 -0.0480057 -0.00320348 0.998842 0.181522 
144
87
0.998868 -0.000182234 0.0475677 0.00259379 0.000248571 0.999999 -0.00138866 -0.00327931 -0.0475674 0.00139892 0.998867 0.137371 
145
68
0.999011 0.00693627 0.0439291 -0.00960085 -0.00698587 0.999975 0.000975712 -0.000824425 -0.0439212 -0.00128163 0.999034 0.147764 
144
63
0.998717 -0.00533915 0.0503661 0.00785999 0.00518977 0.999982 0.00309617 6.19309e-06 -0.0503818 -0.00283081 0.998726 0.147581 
145
58
0.999165 -0.000107234 0.0408572 -0.000240772 -0.000202055 0.999971 0.00756578 0.00287843 -0.0408568 -0.00756772 0.999136 0.15864 
144
59
0.998663 -0.00322603 0.0515944 -0.00406537 0.00346427 0.999984 -0.00452885 0.00323032 -0.051579 0.00470154 0.998658 0.142595 
147
58
0.999031 0.00125263 0.0439939 -0.00385319 -0.00131032 0.999998 0.00128256 0.00227033 -0.0439922 -0.00133896 0.999031 0.14467 
147
54
0.999105 -0.00167568 0.0422568 -0.00357496 0.00161174 0.999998 0.00154697 -0.0137267 -0.0422593 -0.00147748 0.999106 0.147529 
150
55
0.998234 -0.00520363 0.0591713 -0.000639306 0.00562922 0.999959 -0.00702823 -0.0144993 -0.0591323 0.00734891 0.998223 0.138879 
147
47
0.998511 -0.00855435 0.0538796 0.0103909 0.00834883 0.999957 0.00403847 -0.00623295 -0.0539118 -0.00358263 0.998539 0.144161 
148
54
0.998996 -0.00315073 0.0446922 0.0176889 0.00355976 0.999952 -0.00907536 0.022571 -0.0446615 0.00922534 0.99896 0.158564 
149
53
0.999651 -0.00983956 0.0245014 0.0113795 0.00992726 0.999945 -0.00346044 -0.0147519 -0.024466 0.00370247 0.999694 0.137897 
150
57
0.998537 0.00192911 0.0540294 0.0013157 -0.00224057 0.999981 0.00570457 -0.0111292 -0.0540174 -0.00581728 0.998523 0.159095 
150
58
0.99889 -0.00145823 0.0470786 0.004826 0.00195963 0.999942 -0.0106058 -0.00953409 -0.0470604 0.0106863 0.998835 0.133439 
150
61
0.999145 -0.00213903 0.0412778 0.00908464 0.00194459 0.999987 0.00475015 0.00774986 -0.0412874 -0.00466583 0.999136 0.145948 
150
66
0.998419 0.00998155 0.0553234 -0.0201222 -0.00950041 0.999915 -0.00895301 0.00573917 -0.055408 0.00841326 0.998428 0.135455 
150
49
0.999119 -0.00095265 0.0419614 0.0123412 0.000666101 0.999976 0.00684235 -0.0134016 -0.0419669 -0.00680837 0.999096 0.153465 
149
59
0.998479 0.00170534 0.0551027 0.00349439 -0.00170286 0.999999 -9.21019e-05 0.00263731 -0.0551028 -1.87007e-06 0.998481 0.147454 
150
59
0.998915 -0.0035811 0.0464339 -0.00261557 0.00326634 0.999971 0.00685283 0.00233233 -0.0464571 -0.00669373 0.998898 0.155675 
150
58
0.999355 0.000347425 0.0359005 0.00293186 -0.000129821 0.999982 -0.00606346 0.00166855 -0.035902 0.00605489 0.999337 0.143039 
150
56
0.998839 -0.000518386 0.048162 0.00153556 0.000600426 0.999998 -0.00168897 0.0036756 -0.048161 0.00171593 0.998838 0.143517 
150
61
0.999084 0.00101934 0.0427791 -0.00591924 -0.000947769 0.999998 -0.00169333 0.00403863 -0.0427807 0.00165124 0.999083 0.151913 
150
74
0.999193 0.00206462 0.0401143 -0.00533395 -0.00217429 0.999994 0.00269048 -0.00170648 -0.0401085 -0.00277553 0.999191 0.159985 
150
65
0.998817 0.00195034 0.0485847 -0.0230961 -0.00233012 0.999967 0.00776139 -0.00739879 -0.0485679 -0.00786542 0.998789 0.150742 
150
58
0.998953 -0.00238613 0.0456923 0.0066306 0.00242925 0.999997 -0.000888111 0.00165689 -0.04569 0.000998179 0.998955 0.147898 
146
64
0.999711 0.00576937 0.0233539 0.00279903 -0.00591866 0.999962 0.00632861 -0.000744188 -0.0233165 -0.006465 0.999707 0.154531 
146
61
0.999262 0.000176971 0.0384104 0.00182297 -0.000158623 1 -0.000480732 0.006294 -0.0384105 0.000474285 0.999262 0.146865 
144
63
0.999734 -0.00170535 0.0229923 -0.0019552 0.00181177 0.999988 -0.00460839 0.00286169 -0.0229842 0.00464882 0.999725 0.139543 
144
60
0.999585 0.00250402 0.0286958 -0.022816 -0.00258256 0.999993 0.00270033 -0.00283976 -0.0286889 -0.00277332 0.999585 0.154891 
144
54
0.999932 -0.00120958 0.0115859 -0.0302964 0.001214 0.999999 -0.000374899 0.030688 -0.0115854 0.000388939 0.999933 0.14079 
144
51
0.999995 0.00289488 0.000822051 0.00131861 -0.00290127 0.999965 0.00788051 -0.00561556 -0.000799209 -0.00788286 0.999969 0.156054 
144
57
0.999852 -0.0012401 0.0171646 0.00507782 0.00140546 0.999953 -0.00962475 0.0105579 -0.0171518 0.00964745 0.999806 0.135756 
144
64
0.999998 0.00043613 0.00185232 -0.00148557 -0.000443477 0.999992 0.00396791 -0.0121349 -0.00185057 -0.00396873 0.99999 0.145774 
144
70
0.999901 0.00105128 0.0140106 -0.0076539 -0.00111798 0.999988 0.00475409 -0.00722632 -0.0140054 -0.00476928 0.999891 0.152308 
141
60
0.999869 0.00361462 0.0157984 -0.0085465 -0.00370878 0.999976 0.00593496 -0.0175219 -0.0157765 -0.00599277 0.999858 0.143817 
141
52
0.999994 0.000438469 0.00344175 -0.0063999 -0.000435507 1 -0.000861371 -0.00287303 -0.00344212 0.000859866 0.999994 0.157704 
144
70
0.999908 0.0046024 0.0127487 -0.00293563 -0.00472915 0.99994 0.00992975 0.00249484 -0.0127023 -0.00998913 0.999869 0.151108 
144
74
1 -0.000313883 -0.000630038 -0.00144722 0.000312626 0.999998 -0.00199373 0.000371998 0.000630662 0.00199354 0.999998 0.137755 
144
74
0.999994 0.00149805 0.00296993 0.000320506 -0.00150777 0.999994 0.00327044 -0.000653575 -0.00296501 -0.0032749 0.99999 -0.0100097 
144
68
0.999988 -0.000395975 -0.004904 -0.00217309 0.000374465 0.99999 -0.00438634 -0.00448373 0.00490569 0.00438445 0.999978 0.135688 
144
63
1 -8.62342e-05 3.76585e-05 0.00031851 8.61764e-05 0.999999 0.00153223 0.000224238 -3.77906e-05 -0.00153223 0.999999 0.149974 
135
86
1 0.000919153 -0.000209605 0.00607821 -0.000916728 0.999936 0.0112903 -0.00392544 0.000219969 -0.0112901 0.999936 0.165118 
136
69
0.999993 -0.000363575 -0.00361847 -0.00189095 0.000385146 0.999982 0.00596245 0.00056156 0.00361624 -0.00596381 0.999976 0.150221 
137
79
0.999893 0.00314873 0.0143119 0.000144721 -0.00293921 0.999889 -0.0146368 0.00320814 -0.0143564 0.0145932 0.99979 0.136626 
135
59
0.999997 0.000356825 -0.00255395 0.00210429 -0.00039251 0.999902 -0.0139853 0.00294774 0.00254871 0.0139862 0.999899 0.129018 
136
55
0.999998 -0.00160078 0.000860316 -0.00154071 0.00162116 0.999705 -0.0242307 0.000479991 -0.000821274 0.024232 0.999706 0.0759949 
137
63
0.999937 -0.00327817 -0.0107018 -0.0389857 0.00332459 0.999985 0.0043228 0.00173119 0.0106874 -0.00435811 0.999933 0.0730048 
138
69
0.999937 -0.00327817 -0.0107018 -0.0389857 0.00332459 0.999985 0.0043228 0.00173119 0.0106874 -0.00435811 0.999933 0.0730048 
132
63
0.999937 -0.00327817 -0.0107018 -0.0389857 0.00332459 0.999985 0.0043228 0.00173119 0.0106874 -0.00435811 0.999933 0.0730048 
135
66
0.999937 -0.00327817 -0.0107018 -0.0389857 0.00332459 0.999985 0.0043228 0.00173119 0.0106874 -0.00435811 0.999933 0.0730048 
138
96
