0.999998 0.00167411 0.0010977 -0.00134591 -0.00167207 0.999997 -0.00185912 0.128222 -0.00110081 0.00185729 0.999998 0.190229 
125
84
509.924
0.999999 0.000632586 0.00107299 0.0151269 -0.000632955 1 0.000344318 -0.0305701 -0.00107277 -0.000344996 0.999999 0.665188 
109
68
362.131
0.999999 0.000632586 0.00107299 0.0151269 -0.000632955 1 0.000344318 -0.0305701 -0.00107277 -0.000344996 0.999999 0.665188 
84
60
27.5376
0.999999 0.000632586 0.00107299 0.0151269 -0.000632955 1 0.000344318 -0.0305701 -0.00107277 -0.000344996 0.999999 0.665188 
100
72
195.421
0.999994 0.000918911 0.00329135 -0.0102688 -0.000918061 1 -0.000259934 -0.0251308 -0.00329159 0.000256911 0.999995 0.832901 
103
69
225.3
0.999994 0.000918911 0.00329135 -0.0102688 -0.000918061 1 -0.000259934 -0.0251308 -0.00329159 0.000256911 0.999995 0.832901 
85
68
118.923
0.999994 0.000918911 0.00329135 -0.0102688 -0.000918061 1 -0.000259934 -0.0251308 -0.00329159 0.000256911 0.999995 0.832901 
105
68
390.577
0.999998 -0.000906797 -0.00167403 0.0297696 0.000907566 0.999999 0.000459068 0.00457861 0.00167362 -0.000460587 0.999998 0.582588 
100
71
251.728
0.999998 -0.000906797 -0.00167403 0.0297696 0.000907566 0.999999 0.000459068 0.00457861 0.00167362 -0.000460587 0.999998 0.582588 
101
70
232.421
0.999998 -0.000906797 -0.00167403 0.0297696 0.000907566 0.999999 0.000459068 0.00457861 0.00167362 -0.000460587 0.999998 0.582588 
104
82
311.746
0.999998 -0.000906797 -0.00167403 0.0297696 0.000907566 0.999999 0.000459068 0.00457861 0.00167362 -0.000460587 0.999998 0.582588 
97
68
309.783
0.999998 -0.000906797 -0.00167403 0.0297696 0.000907566 0.999999 0.000459068 0.00457861 0.00167362 -0.000460587 0.999998 0.582588 
110
62
837.088
0.999998 -0.000906797 -0.00167403 0.0297696 0.000907566 0.999999 0.000459068 0.00457861 0.00167362 -0.000460587 0.999998 0.582588 
118
71
276.182
0.999999 -0.000912314 -0.00135792 -0.000353613 0.00091218 1 -9.88769e-05 -0.010033 0.00135801 9.76381e-05 0.999999 0.578545 
130
71
611.203
0.999999 -0.000450541 -0.000920632 0.00288284 0.000449391 0.999999 -0.00124954 0.00682446 0.000921194 0.00124913 0.999999 0.651794 
131
76
502.233
0.999999 -0.000450541 -0.000920632 0.00288284 0.000449391 0.999999 -0.00124954 0.00682446 0.000921194 0.00124913 0.999999 0.651794 
131
72
490.469
0.999998 -0.00121446 -0.00144201 -0.0261351 0.00121537 0.999999 0.00062803 0.0219418 0.00144125 -0.000629782 0.999999 0.646708 
125
74
653.612
0.999999 0.00038186 0.00111728 -0.00485918 -0.000381095 1 -0.000685071 -0.000921889 -0.00111754 0.000684645 0.999999 0.586293 
119
67
603.17
0.999999 0.000533135 0.00136015 -0.00250439 -0.000532369 1 -0.000564067 -0.00614199 -0.00136045 0.000563342 0.999999 0.758779 
126
68
1028.92
0.999998 -0.000906443 -0.00150883 0.012421 0.00090594 1 -0.000334451 -0.0106406 0.00150913 0.000333083 0.999999 0.681499 
128
72
1390.28
0.999999 0.000253549 0.00162642 -0.0110046 -0.000252927 1 -0.000382929 0.0139953 -0.00162651 0.000382517 0.999999 0.699093 
111
71
860.974
1 -0.00044491 0.000203664 0.000260496 0.000444871 1 0.000190808 0.00905638 -0.000203749 -0.000190717 1 0.714297 
106
77
642.053
1 -0.00044491 0.000203664 0.000260496 0.000444871 1 0.000190808 0.00905638 -0.000203749 -0.000190717 1 0.714297 
101
70
345.848
1 -0.00044491 0.000203664 0.000260496 0.000444871 1 0.000190808 0.00905638 -0.000203749 -0.000190717 1 0.714297 
97
59
211.046
1 -0.00044491 0.000203664 0.000260496 0.000444871 1 0.000190808 0.00905638 -0.000203749 -0.000190717 1 0.714297 
120
73
370.458
1 0.000189723 0.000292695 -0.00869571 -0.00018974 1 5.82056e-05 -0.0204627 -0.000292684 -5.82612e-05 1 0.730088 
99
77
339.764
1 0.000189723 0.000292695 -0.00869571 -0.00018974 1 5.82056e-05 -0.0204627 -0.000292684 -5.82612e-05 1 0.730088 
100
76
185.987
0.999999 0.000516057 0.00137862 -0.01638 -0.000516742 1 0.000497113 0.0128044 -0.00137837 -0.000497825 0.999999 0.703867 
114
74
315.826
0.999999 0.000516057 0.00137862 -0.01638 -0.000516742 1 0.000497113 0.0128044 -0.00137837 -0.000497825 0.999999 0.703867 
97
78
179.668
0.999999 0.000516057 0.00137862 -0.01638 -0.000516742 1 0.000497113 0.0128044 -0.00137837 -0.000497825 0.999999 0.703867 
106
71
386.564
0.999999 0.000516057 0.00137862 -0.01638 -0.000516742 1 0.000497113 0.0128044 -0.00137837 -0.000497825 0.999999 0.703867 
95
74
132.922
0.999992 -0.00203599 -0.00343441 -0.00100716 0.00203596 0.999998 -1.25047e-05 -0.00515203 0.00343442 5.51225e-06 0.999994 0.725054 
114
76
235.538
0.999999 0.000901261 0.000933149 0.00846758 -0.000901604 1 0.000366465 -0.0144445 -0.000932818 -0.000367306 0.999999 0.629477 
115
78
379.815
0.999999 0.000901261 0.000933149 0.00846758 -0.000901604 1 0.000366465 -0.0144445 -0.000932818 -0.000367306 0.999999 0.629477 
106
78
208.698
0.999999 0.000901261 0.000933149 0.00846758 -0.000901604 1 0.000366465 -0.0144445 -0.000932818 -0.000367306 0.999999 0.629477 
99
75
153.993
0.999999 0.000901261 0.000933149 0.00846758 -0.000901604 1 0.000366465 -0.0144445 -0.000932818 -0.000367306 0.999999 0.629477 
104
70
362.701
0.999999 0.000901261 0.000933149 0.00846758 -0.000901604 1 0.000366465 -0.0144445 -0.000932818 -0.000367306 0.999999 0.629477 
97
79
110.281
0.999999 0.000901261 0.000933149 0.00846758 -0.000901604 1 0.000366465 -0.0144445 -0.000932818 -0.000367306 0.999999 0.629477 
100
71
134.833
0.999999 0.000901261 0.000933149 0.00846758 -0.000901604 1 0.000366465 -0.0144445 -0.000932818 -0.000367306 0.999999 0.629477 
104
76
320.196
0.999999 0.000901261 0.000933149 0.00846758 -0.000901604 1 0.000366465 -0.0144445 -0.000932818 -0.000367306 0.999999 0.629477 
96
76
59.1376
0.999999 0.000901261 0.000933149 0.00846758 -0.000901604 1 0.000366465 -0.0144445 -0.000932818 -0.000367306 0.999999 0.629477 
104
72
344.303
0.999999 0.000901261 0.000933149 0.00846758 -0.000901604 1 0.000366465 -0.0144445 -0.000932818 -0.000367306 0.999999 0.629477 
115
70
310.796
0.999999 0.000901261 0.000933149 0.00846758 -0.000901604 1 0.000366465 -0.0144445 -0.000932818 -0.000367306 0.999999 0.629477 
107
78
232.756
0.999999 0.000901261 0.000933149 0.00846758 -0.000901604 1 0.000366465 -0.0144445 -0.000932818 -0.000367306 0.999999 0.629477 
105
65
168.329
0.999999 0.000901261 0.000933149 0.00846758 -0.000901604 1 0.000366465 -0.0144445 -0.000932818 -0.000367306 0.999999 0.629477 
89
67
96.1986
0.999999 0.000901261 0.000933149 0.00846758 -0.000901604 1 0.000366465 -0.0144445 -0.000932818 -0.000367306 0.999999 0.629477 
96
63
165.75
0.999999 0.000901261 0.000933149 0.00846758 -0.000901604 1 0.000366465 -0.0144445 -0.000932818 -0.000367306 0.999999 0.629477 
110
75
264.153
0.999999 0.000901261 0.000933149 0.00846758 -0.000901604 1 0.000366465 -0.0144445 -0.000932818 -0.000367306 0.999999 0.629477 
107
65
208.913
0.999998 -0.00128944 -0.00175547 -0.0144476 0.00128912 0.999999 -0.000182736 0.0269207 0.00175571 0.000180472 0.999998 0.656626 
111
78
735.322
0.999998 -0.00128944 -0.00175547 -0.0144476 0.00128912 0.999999 -0.000182736 0.0269207 0.00175571 0.000180472 0.999998 0.656626 
94
67
133.82
0.999998 -0.00128944 -0.00175547 -0.0144476 0.00128912 0.999999 -0.000182736 0.0269207 0.00175571 0.000180472 0.999998 0.656626 
95
62
146.443
0.999998 -0.00128944 -0.00175547 -0.0144476 0.00128912 0.999999 -0.000182736 0.0269207 0.00175571 0.000180472 0.999998 0.656626 
101
75
258.452
0.999998 -0.00128944 -0.00175547 -0.0144476 0.00128912 0.999999 -0.000182736 0.0269207 0.00175571 0.000180472 0.999998 0.656626 
114
69
142.178
0.999998 -0.00128944 -0.00175547 -0.0144476 0.00128912 0.999999 -0.000182736 0.0269207 0.00175571 0.000180472 0.999998 0.656626 
90
70
152.479
0.999998 -0.00128944 -0.00175547 -0.0144476 0.00128912 0.999999 -0.000182736 0.0269207 0.00175571 0.000180472 0.999998 0.656626 
112
75
260.746
0.999998 -0.00128944 -0.00175547 -0.0144476 0.00128912 0.999999 -0.000182736 0.0269207 0.00175571 0.000180472 0.999998 0.656626 
107
73
292.737
0.999998 -0.00128944 -0.00175547 -0.0144476 0.00128912 0.999999 -0.000182736 0.0269207 0.00175571 0.000180472 0.999998 0.656626 
94
65
248.451
0.999998 -0.00128944 -0.00175547 -0.0144476 0.00128912 0.999999 -0.000182736 0.0269207 0.00175571 0.000180472 0.999998 0.656626 
112
75
253.23
0.999998 -0.00128944 -0.00175547 -0.0144476 0.00128912 0.999999 -0.000182736 0.0269207 0.00175571 0.000180472 0.999998 0.656626 
100
55
147.731
0.982231 -0.00188733 -0.187667 -0.0378869 -0.000136244 0.999942 -0.0107693 0.00779616 0.187677 0.0106035 0.982174 0.275702 
130
82
1750.26
0.982231 -0.00188733 -0.187667 -0.0378869 -0.000136244 0.999942 -0.0107693 0.00779616 0.187677 0.0106035 0.982174 0.275702 
99
72
108.58
0.982231 -0.00188733 -0.187667 -0.0378869 -0.000136244 0.999942 -0.0107693 0.00779616 0.187677 0.0106035 0.982174 0.275702 
104
70
269.186
0.982231 -0.00188733 -0.187667 -0.0378869 -0.000136244 0.999942 -0.0107693 0.00779616 0.187677 0.0106035 0.982174 0.275702 
96
69
68.6625
0.982231 -0.00188733 -0.187667 -0.0378869 -0.000136244 0.999942 -0.0107693 0.00779616 0.187677 0.0106035 0.982174 0.275702 
101
71
156.907
0.982231 -0.00188733 -0.187667 -0.0378869 -0.000136244 0.999942 -0.0107693 0.00779616 0.187677 0.0106035 0.982174 0.275702 
110
76
407.698
0.982231 -0.00188733 -0.187667 -0.0378869 -0.000136244 0.999942 -0.0107693 0.00779616 0.187677 0.0106035 0.982174 0.275702 
96
67
158.735
0.982231 -0.00188733 -0.187667 -0.0378869 -0.000136244 0.999942 -0.0107693 0.00779616 0.187677 0.0106035 0.982174 0.275702 
109
73
426.738
0.982231 -0.00188733 -0.187667 -0.0378869 -0.000136244 0.999942 -0.0107693 0.00779616 0.187677 0.0106035 0.982174 0.275702 
103
71
124.863
0.982231 -0.00188733 -0.187667 -0.0378869 -0.000136244 0.999942 -0.0107693 0.00779616 0.187677 0.0106035 0.982174 0.275702 
109
74
207.591
0.982231 -0.00188733 -0.187667 -0.0378869 -0.000136244 0.999942 -0.0107693 0.00779616 0.187677 0.0106035 0.982174 0.275702 
100
70
202.463
1 -0.000903981 0.000330161 0.138234 0.000903865 1 0.000352421 -0.0633025 -0.00033048 -0.000352122 1 0.324711 
103
74
206.572
1 -0.000903981 0.000330161 0.138234 0.000903865 1 0.000352421 -0.0633025 -0.00033048 -0.000352122 1 0.324711 
106
83
571.576
1 -0.000903981 0.000330161 0.138234 0.000903865 1 0.000352421 -0.0633025 -0.00033048 -0.000352122 1 0.324711 
118
75
578.347
1 -0.000903981 0.000330161 0.138234 0.000903865 1 0.000352421 -0.0633025 -0.00033048 -0.000352122 1 0.324711 
112
78
566.332
1 -0.000903981 0.000330161 0.138234 0.000903865 1 0.000352421 -0.0633025 -0.00033048 -0.000352122 1 0.324711 
96
74
252.423
1 -0.000903981 0.000330161 0.138234 0.000903865 1 0.000352421 -0.0633025 -0.00033048 -0.000352122 1 0.324711 
104
81
279.646
1 -0.000903981 0.000330161 0.138234 0.000903865 1 0.000352421 -0.0633025 -0.00033048 -0.000352122 1 0.324711 
111
72
347.171
1 -0.000903981 0.000330161 0.138234 0.000903865 1 0.000352421 -0.0633025 -0.00033048 -0.000352122 1 0.324711 
114
74
247.482
1 -0.000903981 0.000330161 0.138234 0.000903865 1 0.000352421 -0.0633025 -0.00033048 -0.000352122 1 0.324711 
97
81
91.4339
1 -0.000903981 0.000330161 0.138234 0.000903865 1 0.000352421 -0.0633025 -0.00033048 -0.000352122 1 0.324711 
123
77
335.921
1 -0.000903981 0.000330161 0.138234 0.000903865 1 0.000352421 -0.0633025 -0.00033048 -0.000352122 1 0.324711 
104
74
156.548
1 -0.000903981 0.000330161 0.138234 0.000903865 1 0.000352421 -0.0633025 -0.00033048 -0.000352122 1 0.324711 
113
75
274.66
0.999999 0.00129764 0.000278817 -0.420356 -0.00129766 0.999999 7.1379e-05 0.134274 -0.000278724 -7.17408e-05 1 0.203664 
123
73
1213.94
0.999999 0.00129764 0.000278817 -0.420356 -0.00129766 0.999999 7.1379e-05 0.134274 -0.000278724 -7.17408e-05 1 0.203664 
103
70
67.7367
0.999999 0.00129764 0.000278817 -0.420356 -0.00129766 0.999999 7.1379e-05 0.134274 -0.000278724 -7.17408e-05 1 0.203664 
130
82
256.138
0.999999 0.00129764 0.000278817 -0.420356 -0.00129766 0.999999 7.1379e-05 0.134274 -0.000278724 -7.17408e-05 1 0.203664 
118
72
663.168
0.999999 0.00129764 0.000278817 -0.420356 -0.00129766 0.999999 7.1379e-05 0.134274 -0.000278724 -7.17408e-05 1 0.203664 
106
78
178.747
0.999999 0.00129764 0.000278817 -0.420356 -0.00129766 0.999999 7.1379e-05 0.134274 -0.000278724 -7.17408e-05 1 0.203664 
124
77
266.013
0.999999 0.00129764 0.000278817 -0.420356 -0.00129766 0.999999 7.1379e-05 0.134274 -0.000278724 -7.17408e-05 1 0.203664 
97
73
33.8832
0.999999 0.00129764 0.000278817 -0.420356 -0.00129766 0.999999 7.1379e-05 0.134274 -0.000278724 -7.17408e-05 1 0.203664 
102
79
189.788
0.999999 0.00129764 0.000278817 -0.420356 -0.00129766 0.999999 7.1379e-05 0.134274 -0.000278724 -7.17408e-05 1 0.203664 
103
78
131.484
0.999999 0.00129764 0.000278817 -0.420356 -0.00129766 0.999999 7.1379e-05 0.134274 -0.000278724 -7.17408e-05 1 0.203664 
111
82
243.024
0.999999 0.00129764 0.000278817 -0.420356 -0.00129766 0.999999 7.1379e-05 0.134274 -0.000278724 -7.17408e-05 1 0.203664 
111
82
320.301
0.999999 0.00129764 0.000278817 -0.420356 -0.00129766 0.999999 7.1379e-05 0.134274 -0.000278724 -7.17408e-05 1 0.203664 
121
82
378.346
0.999999 0.00129764 0.000278817 -0.420356 -0.00129766 0.999999 7.1379e-05 0.134274 -0.000278724 -7.17408e-05 1 0.203664 
109
81
186.366
0.999999 0.00129764 0.000278817 -0.420356 -0.00129766 0.999999 7.1379e-05 0.134274 -0.000278724 -7.17408e-05 1 0.203664 
120
80
469.008
0.999999 0.00129764 0.000278817 -0.420356 -0.00129766 0.999999 7.1379e-05 0.134274 -0.000278724 -7.17408e-05 1 0.203664 
105
80
133.843
0.999999 0.00129764 0.000278817 -0.420356 -0.00129766 0.999999 7.1379e-05 0.134274 -0.000278724 -7.17408e-05 1 0.203664 
92
72
98.342
0.999999 0.00129764 0.000278817 -0.420356 -0.00129766 0.999999 7.1379e-05 0.134274 -0.000278724 -7.17408e-05 1 0.203664 
108
77
121.537
0.999999 0.00129764 0.000278817 -0.420356 -0.00129766 0.999999 7.1379e-05 0.134274 -0.000278724 -7.17408e-05 1 0.203664 
104
77
153.779
0.999999 0.00129764 0.000278817 -0.420356 -0.00129766 0.999999 7.1379e-05 0.134274 -0.000278724 -7.17408e-05 1 0.203664 
110
80
183.467
0.999999 0.00129764 0.000278817 -0.420356 -0.00129766 0.999999 7.1379e-05 0.134274 -0.000278724 -7.17408e-05 1 0.203664 
97
79
164.138
0.999999 0.00129764 0.000278817 -0.420356 -0.00129766 0.999999 7.1379e-05 0.134274 -0.000278724 -7.17408e-05 1 0.203664 
103
85
280.893
0.999999 0.00129764 0.000278817 -0.420356 -0.00129766 0.999999 7.1379e-05 0.134274 -0.000278724 -7.17408e-05 1 0.203664 
108
80
253.959
0.999999 0.00129764 0.000278817 -0.420356 -0.00129766 0.999999 7.1379e-05 0.134274 -0.000278724 -7.17408e-05 1 0.203664 
121
83
283.475
0.999999 0.00129764 0.000278817 -0.420356 -0.00129766 0.999999 7.1379e-05 0.134274 -0.000278724 -7.17408e-05 1 0.203664 
95
73
129.341
0.999999 0.00129764 0.000278817 -0.420356 -0.00129766 0.999999 7.1379e-05 0.134274 -0.000278724 -7.17408e-05 1 0.203664 
103
81
156.804
0.999999 0.00129764 0.000278817 -0.420356 -0.00129766 0.999999 7.1379e-05 0.134274 -0.000278724 -7.17408e-05 1 0.203664 
98
78
176.5
0.999999 0.00129764 0.000278817 -0.420356 -0.00129766 0.999999 7.1379e-05 0.134274 -0.000278724 -7.17408e-05 1 0.203664 
105
83
125.629
0.999999 0.00129764 0.000278817 -0.420356 -0.00129766 0.999999 7.1379e-05 0.134274 -0.000278724 -7.17408e-05 1 0.203664 
105
86
256.895
0.999999 0.00129764 0.000278817 -0.420356 -0.00129766 0.999999 7.1379e-05 0.134274 -0.000278724 -7.17408e-05 1 0.203664 
121
84
305.097
0.999999 0.00129764 0.000278817 -0.420356 -0.00129766 0.999999 7.1379e-05 0.134274 -0.000278724 -7.17408e-05 1 0.203664 
107
78
161.388
0.999999 0.00129764 0.000278817 -0.420356 -0.00129766 0.999999 7.1379e-05 0.134274 -0.000278724 -7.17408e-05 1 0.203664 
98
77
32.1893
0.999999 0.00129764 0.000278817 -0.420356 -0.00129766 0.999999 7.1379e-05 0.134274 -0.000278724 -7.17408e-05 1 0.203664 
106
79
256.561
0.999999 0.00129764 0.000278817 -0.420356 -0.00129766 0.999999 7.1379e-05 0.134274 -0.000278724 -7.17408e-05 1 0.203664 
102
81
93.1675
0.999997 0.000975691 0.00243329 0.0308791 -0.000977387 0.999999 0.000695855 -0.0377224 -0.00243261 -0.000698231 0.999997 0.632147 
107
81
384.625
0.999997 0.000975691 0.00243329 0.0308791 -0.000977387 0.999999 0.000695855 -0.0377224 -0.00243261 -0.000698231 0.999997 0.632147 
100
75
157.483
0.999997 0.000975691 0.00243329 0.0308791 -0.000977387 0.999999 0.000695855 -0.0377224 -0.00243261 -0.000698231 0.999997 0.632147 
115
90
463.094
0.999997 0.000975691 0.00243329 0.0308791 -0.000977387 0.999999 0.000695855 -0.0377224 -0.00243261 -0.000698231 0.999997 0.632147 
99
76
129.148
0.999997 0.000975691 0.00243329 0.0308791 -0.000977387 0.999999 0.000695855 -0.0377224 -0.00243261 -0.000698231 0.999997 0.632147 
105
78
247.625
0.999997 0.000975691 0.00243329 0.0308791 -0.000977387 0.999999 0.000695855 -0.0377224 -0.00243261 -0.000698231 0.999997 0.632147 
121
81
353.173
0.999997 0.000975691 0.00243329 0.0308791 -0.000977387 0.999999 0.000695855 -0.0377224 -0.00243261 -0.000698231 0.999997 0.632147 
101
82
246.281
0.999999 -0.000285516 -0.0011465 -0.0188707 0.000285696 1 0.000157234 0.0103275 0.00114645 -0.000157561 0.999999 0.691709 
126
86
805.785
0.999999 -0.000285516 -0.0011465 -0.0188707 0.000285696 1 0.000157234 0.0103275 0.00114645 -0.000157561 0.999999 0.691709 
100
76
59.584
0.999999 -0.000285516 -0.0011465 -0.0188707 0.000285696 1 0.000157234 0.0103275 0.00114645 -0.000157561 0.999999 0.691709 
108
71
840.871
0.999994 -0.00117941 -0.00322057 -0.00177584 0.00118291 0.999999 0.00108438 -0.0111733 0.00321929 -0.00108818 0.999994 0.638762 
124
82
829.138
0.999997 -0.000970342 -0.0021568 -0.123953 0.000971512 0.999999 0.000541332 0.036745 0.00215628 -0.000543426 0.999998 0.3261 
117
80
520.313
0.999997 -0.000970342 -0.0021568 -0.123953 0.000971512 0.999999 0.000541332 0.036745 0.00215628 -0.000543426 0.999998 0.3261 
99
73
180.465
0.999997 -0.000970342 -0.0021568 -0.123953 0.000971512 0.999999 0.000541332 0.036745 0.00215628 -0.000543426 0.999998 0.3261 
116
72
196.994
0.999997 -0.000970342 -0.0021568 -0.123953 0.000971512 0.999999 0.000541332 0.036745 0.00215628 -0.000543426 0.999998 0.3261 
113
76
550.339
0.999991 -0.00102203 -0.00399745 -0.0349542 0.00102235 0.999999 7.8607e-05 -0.0187553 0.00399737 -8.26932e-05 0.999992 0.454959 
119
80
507.281
